-1.70333392987805 7.64930488359325
-2.07836059232922 5.39573578185674
-4.62004222481289 -0.795815065124237
-2.07836059232922 -0.771574252555667
-3.34237554869499 -0.645784512225614
-2.96706706672203 0.915463964082521
-3.34237554869499 0.677778079073338
-4.04286570556083 0.428212236416933
-1.80802801175441 0.366927773509251
-0.348832784582132 0.35186453309088
-2.73123841287268 0.351558883044014
-0.788851221305031 0.351563952129999
-0.43648054024501 0.35154969400375
-0.419611459360825 0.351549387990511
1.22344564170118 0.351509365200047
5.74432488858698 0.351980189105138
2.48235837250324 0.354994149618777
4.06178509082642 0.361032340145296
3.27925133963076 0.494266420904828
-0.411656619483214 0.434511884986237
-0.519083249527141 0.559037003857796
-1.28372247051722 0.44822040797459
-1.25891273080205 0.424922882512513
0.415595977115757 0.835131742676304
-0.519083249527141 1.63850156864025
-0.348832784582132 -0.458710892446078
-1.73740960694226 -5.39716417754653
-1.98421262738306 -6.50751683935999
-1.12137873646041 0.446010994355009
0.440911890505502 12.0704854442711
-2.59490972071226 2.89009709430173
-5.62921620997923 1.48122948684074
-4.67434035423262 3.3201918743649
-6.11664498748667 0.589966336775047
-3.15170514460648 -0.114049851890306
-2.06632002994809 0.210262553467035
-2.5028005701931 0.309319391707337
-2.92072710857862 0.342749590108819
-3.09691172420727 0.351577722040272
-5.50002395197755 0.351549134311137
-4.93942427910425 0.351549331205792
-3.3070095465856 0.351555195581828
-3.65938022764563 0.351549656025342
-7.43174995286804 0.351549719041503
-7.62955578101367 0.352282097635193
-9.88359340440947 0.35318804883085
-10.0949990809797 0.374482892556481
-11.9799096955889 0.403458380880525
-9.1027830782102 0.586436797370266
-5.08424228398445 0.616988381218588
-4.87656869112481 1.27444478001242
-2.87241512618948 0.576808203891732
-4.19891850799832 0.425254290919699
-6.21479067488444 1.29904461025157
-4.48880318480462 2.40849211831933
-4.90779502671279 6.03864703093829
-3.21846833714012 6.96242211225495
-3.87525889920166 4.59358788659947
-6.28879331537457 -0.75637148752566
-4.04286570556081 0.107400952990422
-0.0923049193178649 2.40154159219096
2.08198439375735 -0.0285039440113758
2.40002764037666 -0.758232125440785
2.5694131712648 0.198382036996542
-0.94415562328416 0.0445787536130106
-1.59306019769754 0.213621301336482
-1.30765206302186 0.395291481549416
-0.954531790623037 0.371819163133423
-0.189235367770491 0.438861862393404
1.75299596866905 0.39564101054035
0.295104973688209 0.376159506053713
-1.06284265424925 0.58263293023935
0.850658389776848 0.479413852089203
2.05216671446018 0.865324858653777
0.191319464428052 0.880048815077707
0 0.495595062677735
2.17687447621717 0.733723314682478
2.48235837250321 0.484571814305789
0.484168316581868 0.636989057182701
-1.61043667907685 1.50664455648674
0.867653794497047 1.66705038939827
-1.22344564170116 1.92325246330279
-0.75695943608407 1.72481326955865
-0.38348547791518 2.12965097137314
-0.485250279441218 3.01149480195764
0.0979243891550352 1.43131261040907
-0.479888288176866 0.825950789777936
-0.485250279441218 0.567836028591826
1.48915554013451 -1.11388822171203
-0.0964028102616865 -1.34712505710083
-1.88853441603738 0.627712974400367
-1.88853441603738 -0.715312225814783
-0.469512120837989 6.22882528844078
-0.934002625414343 5.34049738852109
1.40864612786051 4.82033415864322
1.86822129677542 2.99506898801753
3.63638647558484 1.89768479478062
6.27908298594555 1.03512512345891
3.28614709197776 0.751841798553822
3.21846833714012 0.578329366042968
3.75434045284426 0.641234676699382
4.28131099138938 1.61462833348708
1.74291501966313 2.21327022935276
3.57155522665344 3.78632201717151
4.00891489662776 0.597505815448925
3.252922482692 -2.19531620032355
2.8932562598488 0.823171061294362
3.69835662531699 1.85875205409115
4.47934624580582 -0.508218512443834
4.5757490560675 0.447050091049938
4.09586076789064 -1.7723601982988
6.21479067488444 -2.61807657916188
8.23512928371315 2.38097309837253
10.549130281167 -1.18058261379182
12.9791239402712 -2.04727539017257
15.1957579338962 -1.85056616044134
16.6331421766525 -2.022297702993
19.0489079756324 -1.77643115870956
17.4461634322173 0.889591017771035
14.9561211516632 -1.7023974188184
12.8542860877125 2.59895488558018
10.6455330914287 -2.65905006301933
9.69100130080565 -3.71395985165812
11.539341870207 2.50761453586535
12.7242691517864 0.00683935923017431
14.2850325917002 1.59733671180927
10.2111206693864 7.08151372118903
9.69100130080562 9.72717934994092
10.2153068420428 3.09852248439895
8.43208857000359 0.119844060694494
10.8444558746742 3.71391184540302
11.9363634606754 -3.82642939638992
12.5612583883756 4.00991567457313
9.86647405746071 2.94528271578307
8.00507047602537 1.39430697460008
10.664995089599 1.28154607065784
8.87069352683125 -2.19390324677056
6.18523677909249 0.140621545116295
6.06978403536118 3.36977053000214
7.91812460476249 0.702554971859212
10.0370545117563 -0.668923924881856
5.79919469776868 7.36375669936799
1.55121661782476 8.75381933245545
0.376014887330678 10.8596480105563
-1.84834056940131 10.2320918409241
-5.89778599593378 2.89067548971179
-6.36690798693773 4.07795565703829
-10.2452588460613 2.26461107759946
-10.6818301668305 3.46455309089526
-8.67703816571765 5.12140263743821
-6.57520310176696 2.73830204372956
-6.06978403536118 6.91441621820396
-4.36645010548313 1.06164503644607
-4.17547481070011 7.86612043637265
-4.34656937810902 2.83616138835746
-5.23880694596883 3.93478576851842
-2.84885378114375 3.44328313529815
-3.47621062592118 4.65704752081196
-1.05501823333081 14.7945385110096
1.78747237697043 21.9487247945481
-2.15396778561097 12.5239465755389
-3.14084642516241 17.8940436560737
-1.71680251370139 14.5671171842544
0 16.851407688181
-0.363428465509408 19.7064603003776
-0.351657372283709 8.00520824405364
1.80231041332726 5.14490498531799
4.03432416788154 -3.16956492647304
3.27238448086233 5.36946954384809
1.07238653917732 23.1748431522117
-1.04654336781649 24.1361121990101
1.07238653917732 18.6259461478547
3.30002601029253 24.4740259972801
0.372787251924311 18.942760063797
2.56619903211366 11.5979103209688
5.89778599593378 1.10666695309039
2.22763947111522 1.19288169844654
2.70314912862948 1.554153182163
6.57520310176696 1.57792647588287
6.57520310176696 0.266360837060582
6.57520310176696 -3.90330769992933
6.06978403536118 0.142432673375287
6.21479067488444 1.39174837156168
4.17547481070011 2.08637422723654
3.65168338257624 -1.8958405042194
0.369614555996378 -0.561069916705238
1.09033630103246 -1.60870674367594
-0.72992387414994 0.36284420523771
-1.44778233686229 0.712008431368368
-1.42404391146103 2.25786347345277
1.44778233686229 3.02830610132383
-1.47232568207063 -0.712224741687683
-1.42404391146103 -0.569845988175935
-1.42404391146103 5.23530216816274
0.363428465509408 2.00444091961723
-1.80231041332726 -3.87700681796511
-2.54471222124795 -3.14598524317435
-2.89636959353166 -6.56994004168687
-3.27238448086233 -13.4860280515113
-3.68266679559783 -0.00868298590440503
-3.30002601029253 4.52207599659394
-3.30002601029253 7.37265047189898
-3.30002601029253 6.61315652491801
-1.1281010409689 -9.80567733071741
-4.49671455165233 -4.78776390410891
-5.89778599593378 -1.01416715379139
-2.22763947111522 -1.30679277934468
-0.376014887330678 -0.378854523824083
-2.20875299628382 -0.235841919239396
-3.35673476462683 -0.392918123142984
-4.13926851582249 0.35883700242251
-1.14798176834301 1.1043278903295
-2.99632233774432 3.6163079365872
-1.84834056940131 1.3216388541225
-5.202900000401 -0.534349689366565
-2.65590285194679 -1.78313001800948
-4.93616148295002 -0.069029516584563
-1.88035638227058 0.469551886415395
0 -5.2552530640389
1.07238653917732 -13.3675797299187
2.42298796245006 -1.02787438118563
6.26468091378891 -1.36159252667911
6.69467896306133 -5.10833668262276
6.69467896306133 -10.8250092613409
6.38335542064703 -2.55826027092224
7.11327929479697 -7.72889307303659
6.90809191432991 -14.202678257475
5.61159419789314 -11.3869050002202
6.64069580111959 -9.29399326796082
9.30495921948184 -6.9222858873151
8.29742350647638 -6.3461096196157
10.1457640758777 -3.74139524393367
10.7448004447964 1.33321651967948
12.7786579481126 4.06033634902142
16.27272974977 2.15079844601737
18.3916596567638 1.96910292878817
14.7215131319452 1.48119060762
12.3993590463987 0.0570807945476069
12.3993590463987 0.912242765864409
12.68732363855 0.792555208511156
13.4698573897456 0.853454911671736
11.2149979564793 1.57180928074158
13.2625565274591 2.39328277652955
14.069928396684 2.47077525008211
17.3451162889473 4.08194700763601
14.7801619567804 4.4050425964569
14.8419832457823 5.73688824582593
12.8765144461353 4.31164900371039
12.9515117014326 5.14053127789112
11.4214871216527 8.01070046771288
7.41017205183498 5.46900945823284
7.15522885896149 6.36824345564116
3.28489116149313 7.50189604616259
4.69965626762234 12.514505863343
5.01097981003664 11.4871967476611
5.01097981003664 11.4849037100561
5.6792789800074 13.5693149193239
8.8941083336781 12.6590892279673
9.82044833610551 11.7493029633809
8.94004112293107 12.8591835317392
9.31170239909174 12.6196992592387
6.69467896306131 9.35026083461738
6.09564259414257 -7.6909224429767
1.94285518383259 -2.36585768502907
0.53950318867062 -3.36825788305516
0 -0.954032806186928
2.11892990699381 0.0630659186343603
4.0617850908264 1.11671283438086
3.01524172300991 0.399552380936067
1.70333392987803 -0.485662659100625
3.60963453482765 -1.60633350336646
5.08196021689828 -1.38616087888345
4.86053334335013 -2.75316037993325
0.811789022217946 -2.31496399442577
-2.73231272112349 -2.88393101422723
-0.560387751799851 -0.158632855932963
1.681349900965 -4.57848995910427
1.40560644644612 0.79546505917498
-2.24201770272821 1.847589494375
-1.37882844856332 6.47652181201609
2.21344452142509 -6.50792335001456
-0.275743454518884 0.231307184183097
1.69227051160643 0.264107217660292
-1.41476510612921 -2.74970899457158
-0.279290018417 -6.32396081929123
0.827252596598993 -1.82530467918261
-0.848811022551899 -0.462350175765756
-4.51621587581938 8.99244703978008
-6.69467896306131 7.46704336913847
-6.23421784952749 1.6324538052502
-4.54753895556907 -0.0209180113701227
-4.63323344326934 -0.707243627293849
-5.79919469776866 0.302746122425325
-1.94285518383259 11.9062830301396
-2.48235837250321 0.502841932072592
-6.09564259414257 0.0476006531055322
-6.09564259414257 0.798645233050402
-7.60901690704829 -1.46403662957673
-4.75265132995217 0.151549055454441
-2.58072636062854 0.606024182246393
-5.38251123087081 0.291455343600142
-5.08196021689828 -0.421544155368695
-8.1229808722894 -0.133433273219811
-3.92532991476735 -0.145509833085147
-1.14294617807817 -0.540580545530222
-3.21846833714012 1.684950690192
-6.19365197980157 3.19105091472992
-4.36113080261773 10.4162039719421
-4.54380389229518 3.81572923661234
-3.80433537872351 7.66350393001197
-4.54578737968747 -3.53682490431936
-3.45316501742587 5.66540182992481
-3.7537160313984 7.8579730008832
-4.22563801367626 -1.99629838386402
-3.49956607052297 -2.94018463473648
-3.40797895722753 2.13609532353544
-1.74907321603355 -3.15041748985056
-1.20645114013807 -2.28017563202797
-0.607414771219328 -2.9766586213818
-2.08979240292175 -4.6528896527736
-3.52323764534066 -4.16068839115999
-2.6688602910113 -6.31260261874315
-3.69835662531701 -4.5421304789315
-3.85633951393607 -8.34701565875181
-3.85633951393607 -1.6655079520657
0 0.186662173568107
0.590885961052035 -3.15971909431686
2.97578346377896 -2.6117734165113
-0.895484265292645 -3.76964172747419
0.294438064678126 -3.51469773957737
1.18992232997077 -1.47272128736085
2.33234285826238 -3.27671146951641
3.83016081810832 -0.847205205784727
1.72590054415056 -5.22077944175565
1.70333392987803 0.106902853076117
1.78502309472122 -4.93562402416229
1.55677772266496 -3.56959208403085
0.304769308200536 -9.11876500597092
3.37784263779586 -3.52032115422663
1.50289903651197 -5.16376511049039
0 -7.69359196826337
-0.300551013972528 -3.29654146156247
-0.302645463018791 -1.26230581193604
2.16419249388429 1.55614232015256
0.603196476991319 1.20903404110883
-0.594933251320118 -2.21986642593947
-0.29848535494621 -0.888858947278349
-1.240925798182 -1.07688312753062
0 -2.11146302140307
-1.240925798182 -1.44224578190355
-0.616030870481832 -1.01345726629882
-1.55677772266496 -0.576235975736454
2.19545758880504 0.962868488792574
0.616030870481832 2.35257765103827
0 0.814583126715961
-0.901681831937529 0.21961887325202
-3.35411482385506 0.936527213104187
-5.51253063260837 1.67484256171639
-2.80287236002437 1.78027907456832
-3.0382628993721 1.34362599495953
-4.64100744278717 0.428106997079329
-4.48123444163624 2.84337072676589
-6.69467896306131 0.391330821283318
-6.69467896306131 1.48446548850293
-5.32455119532251 0.341305667650198
-2.08979240292175 1.05826971219156
-1.87494360128388 0.412697269753137
-0.611692480968196 1.81508056203645
-1.80982220927963 3.77385719539303
-1.80982220927963 5.33383701246954
-1.21488895795951 9.85199317828475
-0.914337943986987 3.16814567293317
-0.920800178682368 6.58708746820939
-1.22344564170116 3.151915117772
-1.52399665567369 2.51559218038318
-1.52399665567369 4.37192776483276
-1.52399665567369 0.0371428306549172
0.313571385285871 3.15053961518194
-0.927354412896131 3.28918206263946
0 2.92508806257701
0.616030870481832 4.14069175043632
1.8615470308655 1.67105541846299
0.304769308200536 1.47011494852853
0.304769308200536 3.10612139039231
0.920800178682368 2.93176481185854
0 1.03566709167748
2.16419249388429 0.609166108016806
1.28689261893211 1.04710174204472
1.26810317590891 0.964689204154814
1.240925798182 1.58727458674936
3.14843964979761 0.818888489797188
1.54569510638254 1.67815594196478
3.47621062592118 1.15693528129414
3.17144131772065 1.10789105011118
1.54569510638254 1.40895706518927
0.607414771219328 1.65772785930401
2.48235837250321 0.277976198420427
