<Ticker>,<DTYYYYMMDD>,<Open>,<High>,<Low>,<Close>,<Volume>
BMP,20100729,51,52.5,51,51.5,38150
BMP,20100728,52,52,51,51,51690
BMP,20100727,51,52,51,51.5,36370
BMP,20100726,51.5,52.5,51,51.5,19500
BMP,20100723,51,51.5,50.5,51,34340
BMP,20100722,51,51,50.5,50.5,20580
BMP,20100721,51,51,51,51,20140
BMP,20100720,51,51.5,51,51,11230
BMP,20100719,51,51.5,50.5,51,14240
BMP,20100716,51,51.5,50.5,51,27870
BMP,20100715,51,52,51,51,19820
BMP,20100714,52.5,52.5,51.5,51.5,40320
BMP,20100713,51.5,52,50.5,52,71350
BMP,20100712,51.5,51.5,51,51,3420
BMP,20100709,51,51.5,51,51.5,35720
BMP,20100708,51,52,50.5,51.5,15440
BMP,20100707,52,52,51,51,18530
BMP,20100706,50.5,52,50.5,51.5,23570
BMP,20100705,52,52,50,50,177820
BMP,20100702,52,52.5,52,52,196430
BMP,20100701,52,52.5,52,52,41410
BMP,20100630,50.5,52.5,50.5,52,91210
BMP,20100629,52,53,52,52.5,70920
BMP,20100628,51.5,52.5,51.5,52,34360
BMP,20100625,52,52.5,52,52,14240
BMP,20100624,52.5,53,52.5,53,28050
BMP,20100623,52,52.5,52,52.5,28440
BMP,20100622,52,53,52,52.5,85620
BMP,20100621,52,52.5,52,52,32370
BMP,20100618,52,52.5,52,52.5,43400
BMP,20100617,51.5,52.5,51.5,52,80856
BMP,20100616,52,52,51.5,51.5,44030
BMP,20100615,51,51.5,51,51.5,21400
BMP,20100614,51.5,52,51.5,51.5,23430
BMP,20100611,52,52,51.5,51.5,76586
BMP,20100610,51,51.5,50.5,51,50200
BMP,20100609,52.5,52.5,51.5,51.5,17980
BMP,20100608,51.5,52,51.5,52,21010
BMP,20100607,52.5,53,52.5,52.5,164170
BMP,20100604,54,55.5,54,55,91560
BMP,20100603,56,56,55,55,40880
BMP,20100602,54,54.5,54,54.5,39690
BMP,20100601,54,54.5,53.5,54,46560
BMP,20100531,55,55.5,54.5,55,32020
BMP,20100528,56,56,55,56,70060
BMP,20100527,52,53.5,51.5,53.5,110000
BMP,20100526,51.5,52,51.5,52,95080
BMP,20100525,52,52,51.5,51.5,68800
BMP,20100524,51,52.5,51,51.5,37580
BMP,20100521,50,53,50,51,141610
BMP,20100520,49.8,52.5,49.8,52.5,138660
BMP,20100519,50.5,50.5,50,50,175780
BMP,20100518,51.5,52.5,51,51.5,131270
BMP,20100517,55,55,52,52.5,68680
BMP,20100514,54.5,54.5,53.5,54,90470
BMP,20100513,55,55.5,54.5,54.5,43510
BMP,20100512,55.5,56,55,55,31540
BMP,20100511,57,57,55.5,56.5,108720
BMP,20100510,56,56,54.5,55.5,74730
BMP,20100507,56.5,57,55.5,56,60800
BMP,20100506,57,58,57,57.5,85570
BMP,20100505,57.5,58.5,57.5,58,135580
BMP,20100504,58,58,57,58,88700
BMP,20100429,57,57.5,57,57.5,91920
BMP,20100428,58,58,57,57,141580
BMP,20100427,57,58,57,58,104030
BMP,20100426,58.5,58.5,57,57.5,140200
BMP,20100422,56,58.5,56,58.5,98790
BMP,20100421,57.5,57.5,56,56,86640
BMP,20100420,58,58,56,57,190010
BMP,20100419,58,59,58,58,70540
BMP,20100416,60.5,60.5,58.5,58.5,142890
BMP,20100415,60.5,60.5,59,60,140500
BMP,20100414,60,60.5,60,60,119100
BMP,20100413,60.5,60.5,60,60,64720
BMP,20100412,61,61.5,60,60.5,99840
BMP,20100409,60,60.5,59.5,60.5,59930
BMP,20100408,59,60.5,59,59.5,59580
BMP,20100407,60,60,59,59,79030
BMP,20100406,58.5,60,58.5,59.5,83410
BMP,20100405,60,60,58.5,58.5,85480
BMP,20100402,59.5,60.5,59,59.5,24900
BMP,20100401,59,60,58.5,60,51410
BMP,20100331,59,60,59,59,52450
BMP,20100330,59,60,59,59,60580
BMP,20100329,61,61,59,60,27680
BMP,20100326,60,60.5,59.5,60,70030
BMP,20100325,61.5,61.5,60,60,119860
BMP,20100324,62.5,62.5,61.5,62,94470
BMP,20100323,61.5,62.5,61,61.5,122270
BMP,20100322,63.5,64,61.5,62,62980
BMP,20100319,64,64,63.5,63.5,88530
BMP,20100318,64,64.5,63,64.5,44740
BMP,20100317,65,65,63.5,63.5,68840
BMP,20100316,66,67,64.5,64.5,96870
BMP,20100315,69,69,66.5,67.5,202230
BMP,20100312,64.5,67.5,64.5,67.5,343390
BMP,20100311,64.5,65.5,64,64.5,83110
BMP,20100310,66,66,65,65,64750
BMP,20100309,65,66,64.5,66,112370
BMP,20100308,63.5,65,63,65,191410
BMP,20100305,63,63,62.5,63,76970
BMP,20100304,63,64,62.5,62.5,85550
BMP,20100303,62.5,63,62,62.5,56400
BMP,20100302,62.5,63,61.5,62,59580
BMP,20100301,62,63,62,62.5,64710
BMP,20100226,64,64,62,63,62940
BMP,20100225,63.5,64.5,63.5,64,154340
BMP,20100224,63,64,63,64,8250
BMP,20100223,66,66,64,64,8280
BMP,20100222,67.5,67.5,66.5,66.5,14350
BMP,20100212,65.5,67,65.5,66.5,16780
BMP,20100211,64.5,66,64.5,65,19350
BMP,20100210,62,65,62,64.5,48230
BMP,20100209,62.5,63,62,62,32270
BMP,20100208,66,66,63,63,24430
BMP,20100205,64.5,66,64,65,112230
BMP,20100204,66.5,67,66.5,67,46430
BMP,20100203,67,67,65.5,66.5,43420
BMP,20100202,64.5,66.5,64,65.5,148960
BMP,20100201,60.5,63.5,60,63.5,26270
BMP,20100129,60.5,61.5,60.5,60.5,30490
BMP,20100128,62.5,63,60.5,60.5,26210
BMP,20100127,66,66,62.5,62.5,29120
BMP,20100126,62,65,62,65,101390
BMP,20100125,61.5,62,61.5,62,24790
BMP,20100122,64,65,62,62,80040
BMP,20100121,63,64,60.5,64,80370
BMP,20100120,66,66.5,63,63,28130
BMP,20100119,63,65,63,65,48720
BMP,20100118,66.5,66.5,63,63,22120
BMP,20100115,67,67,65,65.5,37050
BMP,20100114,65.5,65.5,64.5,65.5,48100
BMP,20100113,61,63,61,62.5,111200
BMP,20100112,65,65,63,63,98890
BMP,20100111,66,66.5,65,65,87920
BMP,20100108,69,70,66,66,191480
BMP,20100107,70,71,69,69,106290
BMP,20100106,71,73,71,71.5,174350
BMP,20100105,71.5,71.5,70,71,124940
BMP,20100104,67,68.5,66,68.5,77010
BMP,20091231,64,66,63.5,65.5,245410
BMP,20091230,65.5,65.5,63,63,194170
BMP,20091229,63,63,63,63,212220
BMP,20091228,60,60,60,60,14450
BMP,20091225,57,57.5,56.5,57.5,213430
BMP,20091224,56,56,54,55,73780
BMP,20091223,55.5,56.5,55,56,50050
BMP,20091222,56,57,55.5,56.5,58320
BMP,20091221,55.5,55.5,54.5,55.5,76120
BMP,20091218,52,53,52,53,51090
BMP,20091217,52.5,52.5,49.5,50.5,78180
BMP,20091216,54,54,52,52,48930
BMP,20091215,56,56,54,54,61070
BMP,20091214,52.5,54,52.5,54,60300
BMP,20091211,52,53.5,51,51.5,32940
BMP,20091210,55,55,51,53,101510
BMP,20091209,53.5,54.5,53.5,53.5,176880
BMP,20091208,57.5,58,55.5,56,53360
BMP,20091207,58.5,58.5,57.5,58,58000
BMP,20091204,61,61,57.5,58.5,66350
BMP,20091203,58,61,58,59.5,48540
BMP,20091202,61,65,59.5,59.5,163010
BMP,20091201,62,62.5,60.5,62.5,13530
BMP,20091130,57.5,60,57.5,60,58040
BMP,20091127,57,62,57,60,87150
BMP,20091126,59.5,60,59.5,59.5,105480
BMP,20091125,64.5,65,62.5,62.5,69430
BMP,20091124,64,65.5,62.5,65.5,87780
BMP,20091123,65,65,64,64,59010
BMP,20091120,67.5,68,66.5,66.5,35080
BMP,20091119,68.5,68.5,67,67.5,39250
BMP,20091118,67,68.5,66.5,68.5,42670
BMP,20091117,67.5,68,65,66.5,23920
BMP,20091116,68,68.5,67.5,67.5,42220
BMP,20091113,64.5,69,64.5,68.5,52530
BMP,20091112,67,67.5,66,67,42230
BMP,20091111,64,64.5,63,64.5,55250
BMP,20091110,63.5,63.5,61.5,61.5,92900
BMP,20091109,63.5,65,63.5,63.5,67360
BMP,20091106,69,69,66.5,66.5,50370
BMP,20091105,67,67,64,66.5,70790
BMP,20091104,63.5,66.5,63.5,64,157910
BMP,20091103,68,68,66.5,66.5,56320
BMP,20091102,70.5,70.5,69.5,69.5,42000
BMP,20091030,75,76,72,73,65030
BMP,20091029,75,75,72.5,75,90900
BMP,20091028,76,76,75,75,130210
BMP,20091027,71.5,72.5,69.5,72.5,325440
BMP,20091026,72,72,69.5,69.5,155620
BMP,20091023,69,69,68,69,286120
BMP,20091022,66,66,66,66,87260
BMP,20091021,61,64,61,63,89110
BMP,20091020,63,63.5,61.5,63.5,103700
BMP,20091019,59.5,61,59.5,61,85640
BMP,20091016,62,62.5,60,60,67370
BMP,20091015,66.5,66.5,62.5,62.5,97640
BMP,20091014,62.5,64.5,62.5,64,117400
BMP,20091013,62,64,61,63,225600
BMP,20091012,60,61,58.5,61,156220
BMP,20091009,58,58.5,58,58.5,90640
BMP,20091008,55.5,56,54.5,56,61540
BMP,20091007,53.5,54.5,53,54.5,108710
BMP,20091006,53.5,53.5,52,52,29090
BMP,20091005,53.5,53.5,51.5,52.5,48670
BMP,20091002,52,53,52,52.5,173620
BMP,20091001,56,57,54.5,54.5,106490
BMP,20090930,54.5,57,54.5,57,171520
BMP,20090929,52.5,55,52.5,55,101400
BMP,20090928,54.5,55,52.5,52.5,70080
BMP,20090925,52.5,56,52.5,54,103090
BMP,20090924,54.5,56,53.5,54,124380
BMP,20090923,58.5,58.5,56,56,149070
BMP,20090922,59.5,59.5,57.5,58.5,88540
BMP,20090921,58.5,60,58.5,59.5,105090
BMP,20090918,56,58.5,55.5,58.5,169640
BMP,20090917,56,56,52.5,56,177740
BMP,20090916,54,54,53.5,54,184510
BMP,20090915,51.5,51.5,51.5,51.5,213480
BMP,20090914,47.8,49.5,47.8,49.5,204670
BMP,20090911,47.3,47.3,46.5,47.3,83340
BMP,20090910,47.3,47.5,46.5,46.8,18860
BMP,20090909,47,47,45.5,47,108650
BMP,20090908,45,45,45,45,103520
BMP,20090907,42,43,41.8,43,35510
BMP,20090904,45,45,43,43,24100
BMP,20090903,44.5,45.5,44.5,44.5,51700
BMP,20090901,46.5,46.5,45,45.5,27150
BMP,20090831,46.8,46.8,45.5,46.5,61200
BMP,20090828,45.5,45.5,45,45,21570
BMP,20090827,45,45.5,44.5,45,44460
BMP,20090826,47.3,47.3,46,46,17470
BMP,20090825,46.8,47.8,46.5,46.5,65430
BMP,20090824,46.3,46.5,46,46.3,54390
BMP,20090821,46.3,47,46,46.3,34010
BMP,20090820,46.5,46.5,46.3,46.3,47430
BMP,20090819,46.5,46.8,46,46.3,50890
BMP,20090818,46.8,46.8,46,46,84770
BMP,20090817,47.3,47.5,47,47.5,56750
BMP,20090814,47.5,47.5,46,47.5,132250
BMP,20090813,48,48,47.3,47.5,53730
BMP,20090812,45,47.3,45,47.3,67270
BMP,20090811,44.3,45,44,45,41380
BMP,20090810,43.5,44.3,43,43.5,41160
BMP,20090807,43,43.8,42.5,43.5,63330
BMP,20090806,43.8,43.8,42,43.8,186510
BMP,20090805,40.8,42,40.8,41.8,120850
BMP,20090804,40.5,40.8,40,40.8,67620
BMP,20090803,40,40.5,39.8,40,20950
BMP,20090731,40.8,41.3,40.3,40.5,60210
BMP,20090730,40.3,40.3,39,40.3,119150
BMP,20090729,39.5,40.5,39.5,40,90530
BMP,20090728,41,41,39.8,40,75310
BMP,20090727,41,41,40.3,41,154640
BMP,20090724,39,39.3,39,39.3,180030
BMP,20090723,36.5,37.5,35.8,37.5,55330
BMP,20090722,38,38,37.3,37.3,73880
BMP,20090721,36.3,36.8,35.8,36.8,104410
BMP,20090720,34.3,35.3,34.3,35,42080
BMP,20090717,35.8,35.8,34.8,34.8,57180
BMP,20090716,35.8,35.8,35,35.5,54510
BMP,20090715,34,35,34,34.3,10770
BMP,20090714,33.8,35,33.5,34,41610
BMP,20090713,33.5,34,33.5,33.8,32350
BMP,20090710,35,35,34,34,54120
BMP,20090709,34.8,35,34.3,34.3,43250
BMP,20090708,34,34.8,34,34.5,31210
BMP,20090707,35.8,35.8,34.5,34.5,90550
BMP,20090706,34.3,34.5,34,34.5,97070
BMP,20090703,32.3,33.8,32.3,33,68880
BMP,20090702,32.5,33,31.5,32.8,52420
BMP,20090701,31.5,31.5,30,31.5,155540
BMP,20090630,33.3,33.3,31.5,31.5,106730
BMP,20090629,32,33,32,33,28020
BMP,20090626,32.3,33,31.8,33,85770
BMP,20090625,31.8,33,31.8,32,58360
BMP,20090624,33,33,33,33,52600
BMP,20090623,31.5,32.8,31.5,31.5,173770
BMP,20090622,32.8,33,32.5,33,45330
BMP,20090619,35.3,35.3,32.8,34.3,63710
BMP,20090618,34,34,34,34,66750
BMP,20090617,32.5,32.5,32.5,32.5,66340
BMP,20090616,31.3,31.3,31,31,91680
BMP,20090615,33,33.8,32.5,32.5,50250
BMP,20090612,34.3,34.3,33.3,34.3,141360
BMP,20090611,32.8,34,32.8,33.3,95190
BMP,20090610,33,33.3,32.8,32.8,171560
BMP,20090609,35.8,35.8,34.5,34.5,251940
BMP,20090608,34.5,34.5,34.5,34.5,38280
BMP,20090605,33,33,33,33,6980
BMP,20090604,31.5,31.5,31.5,31.5,62395
BMP,20090603,30,30,30,30,109558
BMP,20090602,28.8,28.8,28.8,28.8,72822
BMP,20090601,27,27.5,27,27.5,99920
BMP,20090529,26.8,26.8,26,26.3,59440
BMP,20090528,26.3,26.8,26.3,26.3,335880
BMP,20090527,27.8,27.8,27,27.3,39730
BMP,20090526,27.5,27.8,27.3,27.5,82500
BMP,20090525,27,27.3,27,27.3,112430
BMP,20090522,25.5,26.5,25.3,26,23100
BMP,20090521,25.5,26.5,25.5,26.5,143750
BMP,20090520,25.3,26,25.3,25.3,79520
BMP,20090519,26.8,26.8,24.8,25.8,77540
BMP,20090518,26.3,27,26,26,98230
BMP,20090515,26.3,27.3,26.3,27.3,66560
BMP,20090514,26,26.5,26,26,137820
BMP,20090513,27.5,27.8,27.3,27.3,148730
BMP,20090512,25.3,26.5,25.3,26.5,128940
BMP,20090511,25.3,25.3,24.8,25.3,139250
BMP,20090508,24.1,24.2,24.1,24.2,179420
BMP,20090507,23,23,23,23,12520
BMP,20090506,21.9,21.9,21.9,21.9,83830
BMP,20090505,20.9,20.9,20.9,20.9,5370
BMP,20090504,19.9,19.9,19.9,19.9,32680
BMP,20090429,18.9,18.9,18.9,18.9,40140
BMP,20090428,18,18.3,18,18,33450
BMP,20090427,18.4,18.4,17.8,18,18290
BMP,20090424,18.1,18.2,17.8,17.8,62790
BMP,20090423,18.7,18.7,18,18.2,54380
BMP,20090422,18,18,18,18,34970
BMP,20090421,16.4,17.3,16.4,17.1,73760
BMP,20090420,17.3,17.8,17.3,17.3,71160
BMP,20090417,19.7,19.7,18.1,18.3,60040
BMP,20090416,19.1,19.1,18.6,19.1,58610
BMP,20090415,18.6,18.6,17.8,18.3,396220
BMP,20090414,17.7,17.7,17.5,17.7,52670
BMP,20090413,16.9,16.9,16.9,16.9,5280
BMP,20090410,16.1,16.1,16.1,16.1,29480
BMP,20090409,15.7,15.7,14.8,15.3,18290
BMP,20090408,15.8,16.1,15.3,15.3,72220
BMP,20090407,15.3,15.3,14.1,15.3,59280
BMP,20090403,14.5,14.5,14.5,14.5,274620
BMP,20090402,13.7,13.8,13.3,13.8,39670
BMP,20090401,13.3,13.3,13.1,13.3,18990
BMP,20090331,12.8,12.8,12.6,12.7,23760
BMP,20090330,12.6,13,12.5,12.5,21730
BMP,20090327,13.3,13.4,12.8,13.2,39700
BMP,20090326,13,13.1,12.8,13,38630
BMP,20090325,12.3,12.9,12.3,12.9,41360
BMP,20090324,12.5,12.5,12.5,12.5,47060
BMP,20090323,11.9,11.9,11.3,11.9,37400
BMP,20090320,11.7,12.2,11.7,11.9,22420
BMP,20090319,13,13,12.2,12.2,64710
BMP,20090318,12.5,12.5,12.4,12.5,47760
BMP,20090317,11.9,11.9,11.8,11.9,75640
BMP,20090316,10.9,11.3,10.9,11.3,32870
BMP,20090313,10.8,10.9,10.7,10.7,53660
BMP,20090312,11.1,11.1,10.7,10.8,33050
BMP,20090311,11,11,10.8,10.8,48700
BMP,20090310,10.7,10.7,10.4,10.5,12010
BMP,20090309,10.2,10.3,10.2,10.3,10350
BMP,20090306,10,10.7,10,10.5,6260
BMP,20090305,10.4,10.4,10.3,10.4,36590
BMP,20090304,9.7,9.8,9.7,9.8,57510
BMP,20090303,9.3,9.7,9.3,9.3,30100
BMP,20090302,9.8,9.8,9.7,9.8,30300
BMP,20090227,9.5,9.8,9.5,9.7,12380
BMP,20090226,10.2,10.2,9.6,9.7,18680
BMP,20090225,9.8,10.3,9.8,9.8,37620
BMP,20090224,9.3,10.2,9.3,9.8,16990
BMP,20090223,10.2,10.2,9.7,9.7,29330
BMP,20090220,10.4,10.4,10.2,10.3,9600
BMP,20090219,10.6,10.9,10.4,10.4,8240
BMP,20090218,10.9,11.3,10.9,10.9,28200
BMP,20090217,12.4,12.4,11.5,11.5,7130
BMP,20090216,12.1,12.1,12,12,10790
BMP,20090213,12.6,12.6,12.3,12.3,17420
BMP,20090212,12.5,12.7,12.5,12.6,9100
BMP,20090211,12.3,12.8,12.3,12.5,14410
BMP,20090210,13,13,12.4,12.8,21500
BMP,20090209,13,13,12.5,13,14160
BMP,20090206,12.3,12.4,12.3,12.4,6820
BMP,20090205,13.1,13.3,12.4,12.4,7960
BMP,20090204,13.1,13.1,12.6,13.1,13000
BMP,20090203,13,13.1,13,13,11430
BMP,20090202,13.1,13.7,13.1,13.7,7820
BMP,20090123,13.7,14,13.7,13.7,7000
BMP,20090122,13,13.7,13,13.7,8600
BMP,20090121,13.1,13.5,13,13,16060
BMP,20090120,13.7,13.7,13.7,13.7,10600
BMP,20090119,14.1,14.1,13.7,13.7,8500
BMP,20090116,13.5,13.7,13.5,13.6,8420
BMP,20090115,13.5,13.5,13.5,13.5,120
BMP,20090114,13.9,14,13.5,14,9870
BMP,20090113,13.4,14.3,13.4,14,1700
BMP,20090112,14.2,14.2,13.9,13.9,9810
BMP,20090109,13.5,14,13.5,14,7200
BMP,20090108,13.7,14,13.7,14,11080
BMP,20090107,14.1,14.3,14.1,14.3,29600
BMP,20090106,13.8,14,13.3,14,5860
BMP,20090105,13.3,13.4,13.3,13.3,20150
BMP,20090102,14.4,14.4,14,14,4190
BMP,20081231,14,14,13.8,14,9080
BMP,20081230,14,14,13.9,14,13080
BMP,20081229,14.1,14.1,13.8,13.8,2910
BMP,20081226,13.5,13.8,13.5,13.8,2700
BMP,20081225,13.9,13.9,13.3,13.7,300
BMP,20081224,12.8,13.7,12.8,13.5,11620
BMP,20081223,13.5,13.5,13,13.3,5940
BMP,20081222,14,14,13.5,13.5,22560
BMP,20081219,12.8,13.8,12.8,13.5,6770
BMP,20081218,13.3,13.3,13.1,13.3,35950
BMP,20081217,13,13.1,13,13,43510
BMP,20081216,13.6,14,13.6,13.6,18410
BMP,20081215,14.5,14.5,13.7,14.3,19440
BMP,20081212,13.1,14,13.1,14,18200
BMP,20081211,12.4,13.5,12.4,13.5,2750
BMP,20081210,13.1,13.3,13,13,19250
BMP,20081209,13,13.8,13,13.8,1010
BMP,20081208,12.8,13.3,12.8,13.3,17540
BMP,20081205,13.5,13.5,12.9,13.5,24910
BMP,20081204,13.6,13.6,13.4,13.6,32120
BMP,20081203,12.3,12.9,12.1,12.9,60460
BMP,20081202,12.3,12.3,12.3,12.3,116280
BMP,20081201,13,13.6,12.4,13,8790
BMP,20081128,13.1,13.1,13.1,13.1,11960
BMP,20081127,12.5,13,12.5,12.5,24610
BMP,20081126,13.2,13.9,12.7,13.2,3700
BMP,20081125,13.2,14.5,13.2,13.2,38810
BMP,20081124,14,14,12.8,14,24330
BMP,20081124,14,14,12.8,14,24330
BMP,20081121,13.3,13.3,12.5,13.3,18130
BMP,20081120,13.2,13.3,13.2,13.2,41540
BMP,20081119,14,15.1,13.7,14,9800
BMP,20081118,14.4,15.2,14.4,14.4,12250
BMP,20081117,15.2,15.3,15.2,15.2,12440
BMP,20081114,16,16.1,14.6,16,35560
BMP,20081113,15.3,15.3,14.6,15.3,10580
BMP,20081112,15.4,15.4,15.4,15.4,10220
BMP,20081111,16.3,16.6,16.3,16.3,9890
BMP,20081110,17.2,17.2,16.6,17.2,6250
BMP,20081107,16.6,16.7,16.6,16.6,21510
BMP,20081106,17.5,18.5,16.8,17.5,24840
BMP,20081105,17.5,17.5,17.5,17.5,26600
BMP,20081104,16.6,16.6,16.5,16.6,15920
BMP,20081103,15.8,15.8,15.3,15.8,13800
BMP,20081031,16,16,16,16,29660
BMP,20081030,15.2,15.2,13.8,15.2,5650
BMP,20081029,14.4,14.4,14.4,14.4,44080
BMP,20081028,13.7,13.7,13.7,13.7,16360
BMP,20081027,14.5,14.5,14.5,14.5,34490
BMP,20081024,15.3,15.6,15.3,15.3,14940
BMP,20081023,16.2,16.3,16.2,16.2,11250
BMP,20081022,17.1,17.1,16.4,17.1,11530
BMP,20081021,17.1,17.1,16.8,17.1,32350
BMP,20081020,16.2,16.5,16.1,16.2,17080
BMP,20081017,16.8,17.9,16.8,16.8,10640
BMP,20081016,17.1,18,17,17.1,8740
BMP,20081015,18,18,16.2,18,62540
BMP,20081014,17.1,17.1,16.2,17.1,5760
BMP,20081013,16.2,16.2,16.2,16.2,23950
BMP,20081010,17.1,17.1,17.1,17.1,4970
BMP,20081009,18.1,18.8,18.1,18.1,19970
BMP,20081008,19.1,19.1,19.1,19.1,3060
BMP,20081007,20.1,20.1,20.1,20.1,11590
BMP,20081006,21.6,21.6,21.3,21.3,7580
BMP,20081003,21.6,22.5,21.6,22.5,5140
BMP,20081002,22.3,22.5,21.6,22.5,21560
BMP,20081001,22.5,23.3,22.3,22.3,13290
BMP,20080930,22.5,22.5,22.5,22.5,2300
BMP,20080929,23.8,23.8,23.8,23.8,4490
BMP,20080926,23.8,23.8,23.8,23.8,27160
BMP,20080925,22.6,22.7,22.6,22.7,4960
BMP,20080924,22.7,22.7,21.6,21.6,4650
BMP,20080923,23.8,23.8,21.5,21.5,86310
BMP,20080922,22.7,22.7,22.7,22.7,730
BMP,20080919,19.3,21.5,19.3,21.5,19300
BMP,20080918,20.4,20.4,20.4,20.4,2050
BMP,20080917,21.6,21.6,21.6,21.6,4900
BMP,20080916,22.8,22.8,22.8,22.8,8410
BMP,20080915,24,26.5,24,24,40580
BMP,20080912,25.3,25.3,25.3,25.3,6520
BMP,20080911,26.5,26.5,26.5,26.5,14250
BMP,20080910,28.3,28.3,27.8,27.8,1360
BMP,20080909,29.8,29.8,28.3,28.3,3820
BMP,20080908,28.3,28.3,28.3,28.3,7540
BMP,20080905,29.8,30,29.8,29.8,10660
BMP,20080904,31.8,31.8,30.3,31.3,24350
BMP,20080903,30.3,30.3,30.3,30.3,9230
BMP,20080829,28.8,29.8,28.8,28.8,20320
BMP,20080828,31.8,32.8,30.3,30.3,75460
BMP,20080827,32,32,30.8,31.8,60070
BMP,20080826,30.5,30.5,30,30.5,55850
BMP,20080825,28.3,29,28.3,29,36080
BMP,20080822,29,29,27.8,27.8,31070
BMP,20080821,26,28,26,27.8,30230
BMP,20080820,26.3,27.5,26.3,26.8,39360
BMP,20080819,27.5,28.3,27.3,27.5,32040
BMP,20080818,28.8,28.8,28.5,28.8,23720
BMP,20080815,27.5,27.5,27.5,27.5,30870
BMP,20080814,26.8,26.8,26.8,26.8,38320
BMP,20080813,26,26,24.5,26,56510
BMP,20080812,25.3,25.3,25.3,25.3,29460
BMP,20080811,24.5,24.5,24.5,24.5,27490
BMP,20080808,24.3,24.3,23.8,23.8,11620
BMP,20080807,24.8,24.8,24.3,24.3,42190
BMP,20080806,23.3,24,23.3,24,15850
BMP,20080805,23.3,23.3,23.3,23.3,49230
BMP,20080804,22.8,24.3,22.8,24,15530
BMP,20080801,23.8,23.8,23.5,23.5,22260
BMP,20080731,23.2,23.2,23,23.2,34860
BMP,20080730,22.5,22.5,21.8,22.5,27830
BMP,20080729,21.8,21.8,21.8,21.8,1750
BMP,20080728,19.8,21.1,19.8,21.1,12280
BMP,20080725,20.5,20.5,20.5,20.5,1610
BMP,20080724,21.1,21.2,21.1,21.1,29460
BMP,20080723,22.5,22.5,21.8,21.8,9450
BMP,20080722,22.5,22.5,22.5,22.5,100
BMP,20080721,23.3,23.3,23.3,23.3,1090
BMP,20080718,24,25.5,24,24,21570
BMP,20080717,24.8,24.8,24.8,24.8,51330
BMP,20080716,23.8,24,22.5,24,31840
BMP,20080715,23.3,23.3,23.3,23.3,2550
BMP,20080714,22.5,22.8,22.5,22.8,6780
BMP,20080711,22.1,22.1,22.1,22.1,5620
BMP,20080710,21.4,21.4,21.4,21.4,12950
BMP,20080709,20.8,20.8,20.8,20.8,7860
BMP,20080708,18.9,20.1,18.9,20.1,9720
BMP,20080707,20.8,20.8,19.5,19.5,43150
BMP,20080704,20.2,20.2,20.2,20.2,14140
BMP,20080703,19.6,19.6,19.6,19.6,6220
BMP,20080702,19,19,19,19,13220
BMP,20080701,18.4,18.4,18.4,18.4,3740
BMP,20080630,16.8,17.8,16.8,17.8,24270
BMP,20080627,16.2,17.3,16.2,17.3,13020
BMP,20080626,17.8,17.8,16.7,16.7,24910
BMP,20080625,17.3,17.3,17.3,17.3,1740
BMP,20080624,15.8,16.7,15.8,16.7,3590
BMP,20080623,16.2,17.3,16.2,16.2,7920
BMP,20080620,16.8,16.8,16.8,16.8,4460
BMP,20080619,17.3,17.3,17.3,17.3,3380
BMP,20080618,18.7,18.7,17.9,17.9,36250
BMP,20080617,18.3,18.3,18.3,18.3,28190
BMP,20080616,17.2,17.9,17.2,17.9,45100
BMP,20080613,17.6,17.6,17.6,17.6,5470
BMP,20080612,17.9,17.9,17.9,17.9,7710
BMP,20080611,18.3,18.3,18.3,18.3,31650
BMP,20080610,18.7,18.7,18.7,18.7,360
BMP,20080609,19.1,19.1,19.1,19.1,90
BMP,20080606,19.7,19.7,19.5,19.5,1750
BMP,20080605,19.9,19.9,19.9,19.9,300
BMP,20080604,20.4,20.4,20.4,20.4,1260
BMP,20080603,20.8,20.8,20.8,20.8,6100
BMP,20080602,21.2,21.2,21.2,21.2,1600
BMP,20080530,21.6,21.6,21.6,21.6,1100
BMP,20080526,22,22.4,22,22,2500
BMP,20080522,23.3,23.3,22.9,22.9,5490
BMP,20080521,23.3,23.3,23.3,23.3,25000
BMP,20080520,23.8,23.8,23.8,23.8,45000
BMP,20080519,24,24,24,24,1050
BMP,20080516,24.5,24.5,24.5,24.5,30230
BMP,20080515,25,25,25,25,100
BMP,20080514,25.3,25.3,25.3,25.3,100
BMP,20080513,25.8,25.8,25.8,25.8,100
BMP,20080512,26.3,26.3,26.3,26.3,200
BMP,20080509,26.5,26.5,26.5,26.5,620
BMP,20080508,27,27,27,27,110
BMP,20080507,27.5,27.5,27.5,27.5,130
BMP,20080506,28,28,27.8,27.8,910
BMP,20080505,28.5,28.5,27.8,28.3,1240
BMP,20080429,28.5,28.5,28,28.3,2890
BMP,20080428,28.5,28.8,28.5,28.5,4960
BMP,20080425,29,29,29,29,6300
BMP,20080424,29.3,29.3,29.3,29.3,1490
BMP,20080423,30,30,30,30,130
BMP,20080422,29.3,30.5,29.3,30.5,31660
BMP,20080421,30,30,30,30,2980
BMP,20080418,31.5,31.5,30.5,30.5,1690
BMP,20080417,30,31.3,30,31.3,18170
BMP,20080416,30.5,30.5,29.8,30.5,34100
BMP,20080411,30,30,30,30,4220
BMP,20080410,31.3,31.5,30.5,30.5,62990
BMP,20080409,31.5,31.5,31.3,31.3,6040
BMP,20080408,31.5,31.5,31.5,31.5,90680
BMP,20080407,31,31,31,31,1100
BMP,20080404,30.3,30.3,30.3,30.3,2020
BMP,20080403,30.3,30.3,30.3,30.3,30010
BMP,20080402,30,30,30,30,30060
BMP,20080401,29.8,29.8,29.8,29.8,25830
BMP,20080331,29.5,29.5,29.5,29.5,15910
BMP,20080328,29,29.3,29,29.3,30550
BMP,20080327,28.8,29,28.8,29,3860
BMP,20080326,27,29,27,29,72080
BMP,20080325,28.5,28.5,28.5,28.5,3320
BMP,20080324,30,30,30,30,27380
BMP,20080321,31.5,32,31.3,31.5,15220
BMP,20080320,32.8,33.8,32.8,32.8,14260
BMP,20080319,35.3,35.3,33.8,33.8,12950
BMP,20080318,33.8,34.5,33.8,33.8,30330
BMP,20080317,35.8,35.8,34.3,35.3,12190
BMP,20080314,35.8,36.3,35.8,36.3,14450
BMP,20080313,37,37.5,35,35,43490
BMP,20080312,35,37.5,35,36.5,23540
BMP,20080311,36,37.8,36,36.5,1810
BMP,20080310,41.5,41.5,37.8,37.8,43970
BMP,20080307,39.8,39.8,39.8,39.8,61000
BMP,20080306,37.8,37.8,37.8,37.8,63370
BMP,20080305,36,36.3,36,36,58770
BMP,20080304,37.8,37.8,37.8,37.8,1730
BMP,20080303,40,40,40,40,7110
BMP,20080229,42.8,42.8,40.8,42,33010
BMP,20080228,44.5,44.5,42.8,42.8,5250
BMP,20080227,45,45,45,45,7210
BMP,20080226,47.8,47.8,44,45,14870
BMP,20080225,44.5,46.5,44.5,46.3,13990
BMP,20080222,44.5,44.5,44.5,44.5,7510
BMP,20080221,46.5,46.5,46.5,46.5,4840
BMP,20080220,52,52,49.3,49.3,1020
BMP,20080219,49.8,51,49.8,51,16550
BMP,20080218,52,52.5,52,52,16100
BMP,20080215,54,54.5,52,54.5,12130
BMP,20080214,52,54.5,52,54,12570
BMP,20080213,52,52.5,52,52,5640
BMP,20080212,55,55,54,54,8470
BMP,20080201,56.5,56.5,55.5,56,17580
BMP,20080131,54.5,55.5,52.5,55.5,15300
BMP,20080130,54.5,54.5,54.5,54.5,26430
BMP,20080129,49.3,52,48.8,52,13860
BMP,20080128,52,52,49.3,49.3,55400
BMP,20080125,52.5,53,52,52,20210
BMP,20080124,52.5,54.5,52.5,53,6540
BMP,20080123,55,56.5,54.5,54.5,10950
BMP,20080122,57,58.5,57,57.5,16950
BMP,20080121,60,60,60,60,4160
BMP,20080118,59.5,60,58,58,14590
BMP,20080117,62,62,58,58,22150
BMP,20080116,58,61,58,61,23850
BMP,20080115,58.5,58.5,58,58,6250
BMP,20080114,62,63,60,61,60310
BMP,20080111,63,64,63,63,30960
BMP,20080110,62.5,64,62.5,62.5,17760
BMP,20080109,65.5,66,65.5,65.5,5840
BMP,20080108,67,67,65.5,65.5,430
BMP,20080107,65,66.5,65,65,18300
BMP,20080104,67.5,67.5,66.5,66.5,18700
BMP,20080103,68.5,68.5,67.5,67.5,16910
BMP,20080102,69.5,69.5,67.5,67.5,21300
BMP,20071228,67.5,67.5,67,67.5,7080
BMP,20071227,67.5,67.5,67.5,67.5,17830
BMP,20071226,65,65.5,65,65,12740
BMP,20071225,67,67.5,66,66,12200
BMP,20071224,66.5,70,66,67.5,10710
BMP,20071221,68,68,67.5,67.5,8620
BMP,20071220,70,70,67.5,67.5,23090
BMP,20071219,68.5,68.5,67.5,67.5,17980
BMP,20071218,66,67,66,67,27080
BMP,20071217,68.5,68.5,68,68.5,17010
BMP,20071214,67,67.5,65.5,65.5,21190
BMP,20071213,69,69,67,67,21570
BMP,20071212,67,68.5,67,68,18290
BMP,20071211,69,69,68.5,68.5,31780
BMP,20071210,68.5,69.5,68.5,68.5,1520
BMP,20071207,69.5,70,69.5,69.5,16200
BMP,20071206,70.5,70.5,70,70,3420
BMP,20071205,68.5,70,68.5,70,27010
BMP,20071204,70.5,70.5,70.5,70.5,14300
BMP,20071203,70,70.5,70,70.5,1310
BMP,20071130,70,70.5,70,70,590
BMP,20071129,71,71,70,70,8100
BMP,20071128,71,71,70,70.5,17310
BMP,20071127,71,71,70,70,17370
BMP,20071126,71,71,70,70,9690
BMP,20071123,70.5,70.5,70,70,7600
BMP,20071122,70.5,70.5,69.5,70,9470
BMP,20071121,70.5,70.5,70,70,2070
BMP,20071120,67.5,70.5,67.5,70.5,56550
BMP,20071119,70,70.5,70,70.5,5760
BMP,20071116,70,70,70,70,1360
BMP,20071115,71,71.5,70,71,56900
BMP,20071114,70,72.5,70,71,15640
BMP,20071113,70.5,70.5,70,70,5370
BMP,20071112,71.5,72,71.5,71.5,3940
BMP,20071109,73.5,73.5,72.5,73,36690
BMP,20071108,73.5,73.5,72.5,73,49620
BMP,20071107,74.5,74.5,73,73,38270
BMP,20071106,73.5,73.5,72.5,73,29850
BMP,20071105,72.5,72.5,71.5,72,98910
BMP,20071102,71,71,69.5,69.5,75050
BMP,20071101,71.5,72.5,71,71,33690
BMP,20071031,71,73,70.5,73,26880
BMP,20071030,72.5,73,71,71,75380
BMP,20071029,70.5,74.5,70.5,72.5,19720
BMP,20071026,73.5,74.5,73.5,74.5,8970
BMP,20071025,74,75,74,75,23310
BMP,20071024,75,75,75,75,11430
BMP,20071023,74,74.5,74,74,10170
BMP,20071022,75.5,75.5,72.5,75,11290
BMP,20071019,76,76,75.5,76,5500
BMP,20071018,76.5,76.5,76,76,6170
BMP,20071017,76.5,76.5,76,76.5,20320
BMP,20071016,76,76.5,75.5,76,14540
BMP,20071015,76.5,76.5,76,76.5,6670
BMP,20071012,77,77,76.5,77,12470
BMP,20071011,77.5,77.5,76.5,77,12170
BMP,20071010,79,79,77,77.5,58760
BMP,20071009,77,77,74.5,76.5,8700
BMP,20071008,76,77.5,74.5,74.5,19730
BMP,20071005,76,76,75,76,30720
BMP,20071004,77.5,77.5,72.5,72.5,81100
BMP,20071003,76.5,76.5,75,75.5,21000
BMP,20071002,77.5,77.5,77.5,77.5,19550
BMP,20071001,79,79,74.5,77.5,32970
BMP,20070928,75.5,75.5,74.5,75,23470
BMP,20070927,74.5,74.5,73.5,73.5,6490
BMP,20070926,73.5,74.5,72.5,74.5,29090
BMP,20070925,74.5,75.5,73.5,73.5,29390
BMP,20070924,73,73,72.5,73,16930
BMP,20070921,73,73,72.5,72.5,3840
BMP,20070920,73,73.5,72.5,73,4350
BMP,20070919,72.5,73,72.5,72.5,5300
BMP,20070918,72.5,73,72.5,72.5,3170
BMP,20070917,73.5,73.5,72.5,73,1560
BMP,20070914,73,73,72.5,72.5,6300
BMP,20070913,72.5,73,72.5,73,4240
BMP,20070912,72.5,73.5,72.5,73,2150
BMP,20070911,73,73,72.5,72.5,1980
BMP,20070910,73,73.5,72.5,73,8660
BMP,20070907,75,75,72,74.5,58310
BMP,20070906,72.5,72.5,72,72,110
BMP,20070905,72.5,72.5,72.5,72.5,730
BMP,20070904,71.5,73,71.5,72.5,7650
BMP,20070831,72,72.5,71.5,71.5,45540
BMP,20070830,72.5,73.5,72,72.5,770
BMP,20070829,72,72,72,72,2700
BMP,20070828,73.5,73.5,72.5,72.5,5770
BMP,20070827,73,73,72.5,72.5,3750
BMP,20070824,72.5,75,72,72.5,32830
BMP,20070823,71.5,72,71.5,72,3250
BMP,20070822,71.5,71.5,71.5,71.5,2640
BMP,20070821,73,73,71,71.5,1500
BMP,20070820,70.5,71.5,70.5,70.5,26950
BMP,20070817,71,72.5,71,72.5,5140
BMP,20070816,72.5,73.5,72.5,72.5,6170
BMP,20070815,73.5,73.5,72.5,72.5,7980
BMP,20070814,73.5,73.5,73.5,73.5,7100
BMP,20070813,75,75,73.5,73.5,15750
BMP,20070810,77.5,77.5,77,77,9740
BMP,20070809,77.5,77.5,76,77.5,11820
BMP,20070808,76,76,76,76,17020
BMP,20070807,72.5,72.5,72.5,72.5,25190
BMP,20070806,71.5,71.5,69.5,69.5,19310
BMP,20070803,72,72.5,69,69,10580
BMP,20070802,72.5,73,71.5,71.5,9030
BMP,20070801,67.5,70.5,67.5,70.5,35950
BMP,20070731,67.5,70.5,67.5,67.5,23510
BMP,20070730,73,73,70,70,8430
BMP,20070727,74,74,73,73,24880
BMP,20070726,76.5,77.5,76.5,77,2230
BMP,20070725,77.5,77.5,77.5,77.5,14990
BMP,20070724,77.5,77.5,77.5,77.5,23430
BMP,20070723,77.5,77.5,77,77,12810
BMP,20070720,77.5,77.5,77.5,77.5,6850
BMP,20070719,78.5,78.5,77.5,77.5,6190
BMP,20070718,79.5,79.5,78.5,78.5,4270
BMP,20070717,78,78,78,78,5650
BMP,20070716,80,80,78,78,2150
BMP,20070713,78.5,80,78.5,80,2790
BMP,20070712,78.5,78.5,78.5,78.5,2740
BMP,20070711,80,80,78.5,78.5,11090
BMP,20070710,80,80,80,80,11160
BMP,20070709,77,77.5,77,77.5,25050
BMP,20070706,78.5,78.5,78.5,78.5,1000
BMP,20070705,80.5,80.5,80.5,80.5,22860
BMP,20070704,80.5,80.5,80,80,20040
BMP,20070703,77.5,79.5,77.5,79.5,35920
BMP,20070702,80.5,80.5,80,80,28010
BMP,20070629,80,80,80,80,34760
BMP,20070628,78,79,78,79,23020
BMP,20070627,80,80,78.5,78.5,13970
BMP,20070626,77.5,80,77.5,80,31020
BMP,20070625,78,78,77.5,77.5,17330
BMP,20070622,79,79,79,79,29790
BMP,20070621,78.5,79,78.5,79,26250
BMP,20070620,82,82,81.5,81.5,16400
BMP,20070619,80,80,80,80,29650
BMP,20070618,76.5,76.5,76.5,76.5,78370
BMP,20070615,81,81,80,80,20750
BMP,20070614,82,82,82,82,24090
BMP,20070613,82,82,82,82,38670
BMP,20070612,86,86,83,85,20340
BMP,20070611,82,86,82,86,2700
BMP,20070608,87.5,87.5,85,85,9270
BMP,20070607,84,84,84,84,14650
BMP,20070606,86,86,84,84,18940
BMP,20070605,86,86,86,86,3580
BMP,20070604,91,91,86,86,2500
BMP,20070601,88,88,87,87,4660
BMP,20070531,88,88,86,86.5,7300
BMP,20070530,90.5,90.5,86,86,10260
BMP,20070529,88,88,88,88,3220
BMP,20070528,92.5,92.5,88,88,4130
BMP,20070525,90,90,88,90,9250
BMP,20070524,90,90,89.5,90,27360
BMP,20070523,92.5,92.5,90,90,7850
BMP,20070522,90.5,92.5,90.5,92.5,65090
BMP,20070521,88,88,88,88,9920
BMP,20070518,85,85,84,84,29630
BMP,20070517,86,86,86,86,12550
BMP,20070516,92.5,92.5,89.5,89.5,48350
BMP,20070515,90.5,90.5,89.5,89.5,82110
BMP,20070514,82.5,86.5,82,86.5,58030
BMP,20070511,80,82.5,80,82.5,28880
BMP,20070510,82.5,82.5,82.5,82.5,21170
BMP,20070509,82,82.5,82,82.5,83640
BMP,20070508,75.5,78.5,75.5,78.5,29550
BMP,20070507,73.5,75.5,73.5,75,40040
BMP,20070504,66.5,73,66.5,73,46280
BMP,20070503,66,70,66,70,33380
BMP,20070502,71.5,71.5,66.5,66.5,33140
BMP,20070425,68,68,68,68,50290
BMP,20070424,71.5,71.5,71.5,71.5,15930
BMP,20070423,75,75,75,75,23320
BMP,20070420,73.5,77,73.5,77,15370
BMP,20070419,84,84,77,77,4590
BMP,20070418,76.5,80,76.5,80,4860
BMP,20070417,76.5,76.5,76.5,76.5,24920
BMP,20070416,82.5,82.5,80,80,4190
BMP,20070413,80,83.5,80,83.5,17300
BMP,20070412,84,84.5,84,84.5,37960
BMP,20070411,84,84,84,84,5500
BMP,20070410,84,84,84,84,25340
BMP,20070409,80.5,81,80.5,81,10210
BMP,20070406,85,85,81,81,1170
BMP,20070405,84,85,84,85,28500
BMP,20070404,79.5,82.5,79.5,82.5,21130
BMP,20070403,82,82,82,82,12350
BMP,20070402,90,90,86,86,9070
BMP,20070330,92.5,95,90,90,65980
BMP,20070329,86,90,86,90,60300
BMP,20070328,86,86,86,86,21360
BMP,20070327,90,90,90,90,49170
BMP,20070326,89.5,90,87.5,90,49890
BMP,20070323,88,89.5,88,89.5,27750
BMP,20070322,88,88,88,88,41660
BMP,20070321,91,91,88,88,18330
BMP,20070320,91,91,87,87,34680
BMP,20070319,87,87,87,87,74240
BMP,20070316,82.5,91,82.5,91,70660
BMP,20070315,87,87,87,87,10570
BMP,20070314,93.5,93.5,91.5,91.5,16360
BMP,20070314,93.5,93.5,91.5,91.5,16360
BMP,20070313,101,101,96,96,6380
BMP,20070312,101,101,101,101,12220
BMP,20070309,98.5,99.5,98.5,99.5,27680
BMP,20070308,98.5,98.5,95,95,26960
BMP,20070307,95.5,98.5,95.5,95.5,27070
BMP,20070306,102,102,101,101,71280
BMP,20070305,103,103,101,101,42230
BMP,20070302,101,104,101,103,47330
BMP,20070301,97.5,98.5,97.5,98.5,34480
