<Ticker>,<DTYYYYMMDD>,<Open>,<High>,<Low>,<Close>,<Volume>
BVS,20100729,26.3,26.8,26.3,26.5,206200
BVS,20100728,27.1,27.1,26.2,26.5,223200
BVS,20100727,26.8,27.5,26.7,27,246300
BVS,20100726,27.3,27.3,26.5,26.8,228700
BVS,20100723,27.5,28,27,27.3,188500
BVS,20100722,26.9,28,26.4,27.1,378800
BVS,20100721,28,28,26.5,26.9,925600
BVS,20100720,28.3,28.8,27.7,28,502900
BVS,20100719,28.5,28.9,28.1,28.3,395700
BVS,20100716,29.5,29.6,29,29.3,300600
BVS,20100715,31,31.2,29.5,30.1,449200
BVS,20100714,31.1,31.1,30.3,31,1530600
BVS,20100713,28.3,29.5,28.1,29.1,699600
BVS,20100712,27.7,27.9,27,27.6,279200
BVS,20100709,28.5,28.9,27.5,27.7,260300
BVS,20100708,27,28.4,27,28,452500
BVS,20100707,26.6,27.2,26.2,26.6,261600
BVS,20100706,27,27,26,26.3,417300
BVS,20100705,27.9,27.9,26.9,27.1,350700
BVS,20100702,27.8,28,27.3,27.5,238900
BVS,20100701,27.5,27.8,27.1,27.5,189200
BVS,20100630,30.6,30.6,27.5,27.7,391500
BVS,20100629,28.4,29.2,28.3,28.7,282000
BVS,20100628,28.1,28.5,27.9,28.1,279800
BVS,20100625,29,29,28.1,28.5,341100
BVS,20100624,29.2,29.5,28.8,29.1,217900
BVS,20100623,29.4,29.4,29,29.2,349100
BVS,20100622,29.9,29.9,29.1,29.4,322400
BVS,20100621,29.8,30,29.5,29.8,261400
BVS,20100618,30,30.4,29.5,29.7,421400
BVS,20100617,30.1,30.8,29.7,29.9,406200
BVS,20100616,29.5,31.2,29.5,30.2,596900
BVS,20100615,29.7,29.7,29.3,29.5,213700
BVS,20100614,30,30,29.4,29.7,228200
BVS,20100611,29.8,30.5,29.4,29.7,260500
BVS,20100610,28.5,29.6,28.5,29.3,192600
BVS,20100609,30.2,30.2,29.1,29.5,249000
BVS,20100608,29.4,29.9,29,29.5,328700
BVS,20100607,30.5,30.5,29,29.4,676900
BVS,20100604,31.5,31.6,30.9,31.1,348200
BVS,20100603,32,32.6,30.9,31.5,420800
BVS,20100602,30.5,31.3,30.5,30.9,312800
BVS,20100601,31.7,31.7,30.6,31.1,422800
BVS,20100531,33,33,31,31.7,343000
BVS,20100528,32.5,32.9,31.8,32.6,876000
BVS,20100527,30.6,31.5,30.3,30.8,425600
BVS,20100526,31.2,32,30.8,31.3,530500
BVS,20100525,32.5,32.5,30,31.2,367100
BVS,20100524,30.5,31.7,30.3,31.4,1046600
BVS,20100521,29.4,31.6,29.4,29.7,954300
BVS,20100520,30,32.6,28.8,31.6,886200
BVS,20100519,32.1,32.1,29.9,30.5,593300
BVS,20100518,32.8,32.8,31.6,32.1,361700
BVS,20100517,33.8,34,31.8,32.6,601000
BVS,20100514,34,34.2,33.5,33.8,351200
BVS,20100513,33.6,34.8,33.2,33.9,660600
BVS,20100512,35.7,35.7,33.4,33.8,1017900
BVS,20100511,36,37.5,35.3,35.9,595300
BVS,20100510,36.4,36.9,34.9,35.5,733400
BVS,20100507,38,38,36.4,36.9,654100
BVS,20100506,37.9,38.7,37.9,38.1,677400
BVS,20100505,38,38.5,37.7,38,479100
BVS,20100504,39,39.4,38.4,38.9,635100
BVS,20100429,38.1,38.7,37.7,38,635800
BVS,20100428,38,38.7,37.9,38.1,509600
BVS,20100427,38.6,39.3,38.5,38.8,358800
BVS,20100426,40,41,39.1,39.9,906400
BVS,20100422,36.9,39.3,36.9,39.1,1722000
BVS,20100421,36.4,37.9,36.3,36.8,661800
BVS,20100420,37,37.1,35.6,36.3,608100
BVS,20100419,37.9,37.9,36.5,37,571100
BVS,20100416,38.8,38.9,37.8,38.1,502700
BVS,20100415,38,38.5,37.6,38,707100
BVS,20100414,38.4,38.5,37.7,37.9,337900
BVS,20100413,39.5,39.5,38.1,38.6,377800
BVS,20100412,39,39.5,37.8,39,888500
BVS,20100409,37.9,38.9,37.6,38.4,680200
BVS,20100408,38.5,38.7,37,37.9,451400
BVS,20100407,38.5,38.5,37.7,38,398900
BVS,20100406,38.2,39.5,37.9,38.6,638100
BVS,20100405,38,38.2,37,37.8,942700
BVS,20100402,38,38.5,37.7,38.1,377700
BVS,20100401,37,38.4,36.5,37.5,440500
BVS,20100331,37,38,36.8,37.4,504000
BVS,20100330,38.8,38.8,37,37.5,688100
BVS,20100329,39.8,39.8,38.2,38.8,491400
BVS,20100326,39.5,40,38.5,39.1,606400
BVS,20100325,41.5,41.5,38.6,39.6,953100
BVS,20100324,40.5,41.6,40.1,41.1,695500
BVS,20100323,40.4,40.8,39.6,40.1,595300
BVS,20100322,41.4,41.8,40,40.6,710400
BVS,20100319,42.1,42.6,40.5,41.4,937800
BVS,20100318,39.5,41.3,38.7,40.2,1508500
BVS,20100317,39.1,40,37.5,38.6,675000
BVS,20100316,41,41.7,39.2,39.8,1153600
BVS,20100315,42.5,43,41.2,42.1,592400
BVS,20100312,39.3,42,39.2,41.2,1061900
BVS,20100311,39.6,40.8,39,39.8,592700
BVS,20100310,41.7,41.7,39.1,40.1,982100
BVS,20100309,42.9,43.1,40.5,41.8,1151000
BVS,20100308,39,40.4,38,40.3,509616
BVS,20100305,37.3,39,36.4,37.8,1023900
BVS,20100304,38.7,38.7,36.5,37.6,732700
BVS,20100303,34.3,36.3,34.3,36.2,754600
BVS,20100302,33.7,34.7,33.2,34,953900
BVS,20100301,33,33.5,32.2,33.3,430100
BVS,20100226,32.9,33,32.4,32.7,149900
BVS,20100225,32.8,33.5,32.4,32.9,336500
BVS,20100224,31.8,32.6,31,32,365300
BVS,20100223,33.2,33.2,31.6,32,260400
BVS,20100222,32.8,34.4,32.8,33.3,291400
BVS,20100212,32.5,33,32.4,32.8,295900
BVS,20100211,31.3,32.4,31,31.7,201300
BVS,20100210,31,32,31,31.2,254300
BVS,20100209,31,31.6,30.7,31,299100
BVS,20100208,32,32.5,31.1,31.6,266100
BVS,20100205,32,33.1,31.7,32.1,346200
BVS,20100204,32.1,33.2,32,32.7,496800
BVS,20100203,32.4,32.4,31.7,32.1,283400
BVS,20100202,32.4,33.2,31.8,32.3,277300
BVS,20100201,31.7,32.3,31.4,31.9,222200
BVS,20100129,32,32.5,30.8,31.7,464200
BVS,20100128,33,33,32.1,32.5,265500
BVS,20100127,35.6,36.5,32.7,34.1,475400
BVS,20100126,33.5,35.6,32.1,34.8,900100
BVS,20100125,34.3,34.8,32.9,33.5,443200
BVS,20100122,32,33.8,31.9,32.6,517200
BVS,20100121,35,35.3,33.2,33.7,607700
BVS,20100120,38,38.3,34.6,35.6,566700
BVS,20100119,35.5,37.6,35,37,345600
BVS,20100118,38.6,38.6,36.6,36.8,630300
BVS,20100115,41.4,41.5,38.1,39.3,442200
BVS,20100114,39,40.3,39,40.2,759700
BVS,20100113,37.5,41.6,36.2,37.7,721200
BVS,20100112,40.9,41,38.1,38.9,554500
BVS,20100111,42.8,42.8,40.1,40.9,631900
BVS,20100108,44.5,45,40.5,42.8,763900
BVS,20100107,43.2,45,42,43.5,771900
BVS,20100106,44,46.2,42.2,44,1221700
BVS,20100105,43.5,43.7,43,43.7,804000
BVS,20100104,39.2,41.4,39,40.9,301200
BVS,20091231,38.8,38.8,37.8,38.7,1025800
BVS,20091230,35.4,37.5,35,36.3,848200
BVS,20091229,37.8,37.8,35.4,35.9,1016700
BVS,20091228,39.9,39.9,36.5,38,837000
BVS,20091225,37.5,37.8,36.5,37.7,273400
BVS,20091224,35.8,35.8,33.9,35.4,547200
BVS,20091223,31.5,34.7,31,33.5,773900
BVS,20091222,32.5,32.5,31.7,32.5,1009600
BVS,20091221,30.4,30.4,29,30.4,85100
BVS,20091218,27.8,28.7,27.8,28.5,149800
BVS,20091217,27,28.5,26.6,26.9,397800
BVS,20091216,30,30,28.5,28.6,353100
BVS,20091215,32.1,32.1,29.5,30.6,173300
BVS,20091214,28.2,31.9,28.2,31,307900
BVS,20091211,32,32,29.9,30,280800
BVS,20091210,32.5,34,31.4,32.1,288700
BVS,20091209,34.5,34.7,33.6,33.7,386600
BVS,20091208,37.7,37.7,35.4,36.1,204500
BVS,20091207,37.9,38.1,37.3,37.7,160300
BVS,20091204,38,38.6,37,37.5,288800
BVS,20091203,35.7,38,35.7,37,202700
BVS,20091202,41.5,41.5,36.5,38.1,350300
BVS,20091201,39.2,39.6,36.5,39.2,353800
BVS,20091130,35.2,38.5,35.2,37.1,461400
BVS,20091127,34.6,39.2,34.6,36.2,672100
BVS,20091126,37.5,37.5,37.2,37.2,204800
BVS,20091125,40,42.3,39.7,39.9,225300
BVS,20091124,43.5,44.1,41.5,42.6,333700
BVS,20091123,46,46.2,43.8,44.5,413200
BVS,20091120,48.5,48.5,46,47,377000
BVS,20091119,48.4,48.8,47,48,490300
BVS,20091118,48.5,48.5,46.5,47.7,788100
BVS,20091117,45.6,46.2,44.8,45.4,699600
BVS,20091116,47.5,48.1,45.4,46.1,641700
BVS,20091113,48.1,49.4,45.9,47.4,848100
BVS,20091112,46.3,46.6,45.7,46.6,222000
BVS,20091111,43.1,44.7,42.5,43.6,523900
BVS,20091110,43.4,44.7,41,43.1,410600
BVS,20091109,45,45.6,43.3,43.8,349500
BVS,20091106,47.8,48.1,45.6,46.6,346400
BVS,20091105,45.1,46.9,44.9,46.2,390000
BVS,20091104,45.6,46.5,44.4,45.1,716800
BVS,20091103,45.6,46.3,42.5,43.8,624300
BVS,20091102,45.1,46.9,45.1,45.1,589400
BVS,20091030,46.8,49.3,46.8,48.4,620700
BVS,20091029,49.1,49.1,45.9,46.1,1130200
BVS,20091028,50,50.6,48.1,49.4,567900
BVS,20091027,50.6,50.9,48.3,49.1,877600
BVS,20091026,53.1,54.3,50.3,51.9,641700
BVS,20091023,58.1,58.8,51.3,53.3,853700
BVS,20091022,53.1,55.2,53.1,55,975600
BVS,20091021,50.9,52.6,50.1,51.6,1120400
BVS,20091020,50.9,51.3,49.8,50.3,642700
BVS,20091019,50,50.3,49.1,49.8,456600
BVS,20091016,53.1,53.1,49.4,50.6,915800
BVS,20091015,50.6,50.8,49.4,50.4,1305900
BVS,20091014,45.3,48.8,44.4,47.5,837200
BVS,20091013,47.8,47.8,45,45.6,388300
BVS,20091012,44.9,46.9,44.9,46.3,523600
BVS,20091009,44.4,45.1,43.9,44.7,388700
BVS,20091008,43.4,44.4,43,43.6,293200
BVS,20091007,43.4,44.4,42.7,43.8,359100
BVS,20091006,42.8,43.1,42.1,42.4,338000
BVS,20091005,42.6,43.1,40,42.1,343900
BVS,20091002,42.5,43.8,41.4,42.2,674800
BVS,20091001,45.8,46.3,43.8,44.5,497500
BVS,20090930,48.1,48.1,45.3,46.4,670500
BVS,20090929,47.8,48.1,46.2,46.7,909100
BVS,20090928,45.9,47.5,45.9,46.5,714400
BVS,20090925,48.4,48.4,43.8,45.4,512500
BVS,20090924,46.1,46.6,45,45.6,538700
BVS,20090923,46.3,48,45.6,47.6,1232500
BVS,20090922,43.5,46,42.5,44.9,1178700
BVS,20090921,45.4,45.4,42.5,43.3,333900
BVS,20090918,42.8,43.1,42,42.4,578100
BVS,20090917,43.4,43.8,42.5,42.8,378400
BVS,20090916,43.9,44.6,42.6,43.4,631800
BVS,20090915,43.8,44.4,42.5,43.5,601100
BVS,20090914,41.9,44.4,41.9,43.1,480700
BVS,20090911,41.3,42.8,41.3,42.1,448500
BVS,20090910,42.4,42.5,39.7,41.3,992200
BVS,20090909,43.8,43.8,41.9,42.5,829800
BVS,20090908,42.5,44.1,41.9,43.6,758300
BVS,20090907,43.4,43.8,40.9,41.9,982900
BVS,20090904,46.5,46.5,43.3,43.9,1006700
BVS,20090903,47.9,47.9,44.8,46.4,1500700
BVS,20090901,44.8,44.8,44.8,44.8,268000
BVS,20090831,41.6,41.9,40.6,41.9,432700
BVS,20090828,38.8,40.6,38.4,39.3,636700
BVS,20090827,38.8,39.4,38.4,38.8,554400
BVS,20090826,38.1,39.7,37.2,38.4,686000
BVS,20090825,36.9,39.5,36.4,39,1388200
BVS,20090824,38.1,38.1,36,36.9,853500
BVS,20090821,35,36.8,34.4,36.1,1058300
BVS,20090820,34.7,35,34.2,34.4,202200
BVS,20090819,34.7,35.2,34,34.6,280500
BVS,20090818,33.8,34.7,33.4,34.2,356800
BVS,20090817,34.8,35.6,33.3,34.9,365100
BVS,20090814,35.9,36.3,35.5,35.7,564300
BVS,20090813,35,36.6,35,36.1,976000
BVS,20090812,33.1,35,33.1,34.3,481500
BVS,20090811,33.1,33.8,33.1,33.5,206500
BVS,20090810,34.4,34.4,33.1,33.9,281700
BVS,20090807,32.8,33.6,32.7,33.1,247000
BVS,20090806,35,35,33.4,34.1,461500
BVS,20090805,34.3,34.4,33.6,34.1,560000
BVS,20090804,35,35,33.8,34.3,407100
BVS,20090803,34.4,35,32.8,33.6,387400
BVS,20090731,34.1,34.1,32.6,33.8,499400
BVS,20090730,32.2,32.8,31.4,31.9,424900
BVS,20090729,32.8,35,32.6,33.7,425400
BVS,20090728,35.1,35.1,33.1,34.3,1749500
BVS,20090727,32.8,32.8,32.8,32.8,214100
BVS,20090724,30.7,30.7,30.7,30.7,145500
BVS,20090723,27.3,29.6,26.8,28.7,429900
BVS,20090722,28.1,28.4,27.3,27.7,180900
BVS,20090721,28.1,28.4,27,27.7,219600
BVS,20090720,28.8,28.8,27.3,27.4,417300
BVS,20090717,30.4,30.4,28.8,29.3,180600
BVS,20090716,31.3,31.3,29.9,30.4,370200
BVS,20090715,28.8,29.9,28.8,29.3,243600
BVS,20090714,29.9,30.3,28.3,28.8,395100
BVS,20090713,30.6,30.6,28.8,29.3,354300
BVS,20090710,31.6,31.9,30,30.8,427500
BVS,20090709,32.2,32.8,31.6,32,172200
BVS,20090708,33.1,33.1,30.3,32.2,428500
BVS,20090707,32.8,33.3,31.7,32.1,404600
BVS,20090706,30.6,32.4,30.6,31.9,267200
BVS,20090703,30.9,30.9,28.9,30.3,400600
BVS,20090702,31.3,31.9,29.4,30.7,556600
BVS,20090701,31.3,31.3,29.9,30,473500
BVS,20090630,34.1,34.8,31.1,32.2,493700
BVS,20090629,33.8,34.6,32.9,33.4,396900
BVS,20090626,34.7,35.8,33.1,34,495500
BVS,20090625,33.7,33.8,31.9,33.4,868500
BVS,20090624,28.1,32,28.1,31.6,465300
BVS,20090623,29.9,30.6,29.9,29.9,818100
BVS,20090622,34.4,34.4,32,32.1,326400
BVS,20090619,34.7,35.9,32.2,34.4,490800
BVS,20090618,34.9,34.9,33.1,34.5,668200
BVS,20090617,32.4,35,32.4,32.7,1093400
BVS,20090616,34.9,34.9,34.9,34.9,117700
BVS,20090615,37.5,40.3,37.4,37.5,731000
BVS,20090612,42.5,42.6,37.5,40.3,860200
BVS,20090611,38.7,41.1,37.5,40.2,1233100
BVS,20090610,41.3,41.3,38.4,38.7,1342400
BVS,20090609,42.7,42.7,39.7,41.3,1061300
BVS,20090608,39.9,39.9,39.9,39.9,114900
BVS,20090605,36.3,37.4,36.3,37.4,705400
BVS,20090604,33.2,35.9,33.1,34.9,705500
BVS,20090603,34.4,34.7,33,34,1020100
BVS,20090602,34.1,34.1,33.7,34.1,1228300
BVS,20090601,31.9,32.4,31,31.9,771200
BVS,20090529,31.6,32,28.9,30.3,1024000
BVS,20090528,30.6,31.8,30.6,30.8,907800
BVS,20090527,34.4,35.3,31.6,32.8,974000
BVS,20090526,33.1,33.1,31.9,33.1,1632300
BVS,20090525,31.1,31.1,30.3,31,219900
BVS,20090522,28.8,30.6,28.8,29.1,1633700
BVS,20090521,31.3,33.1,29.7,30.9,1546000
BVS,20090520,32.1,32.1,30.4,31.8,1958800
BVS,20090519,30.1,30.1,30.1,30.1,100500
BVS,20090518,28.2,28.2,26.9,28.1,1406600
BVS,20090515,26.3,26.4,25.6,26.4,299300
BVS,20090514,24.1,26.3,24.1,24.7,1110200
BVS,20090513,27.4,27.5,24.6,25.9,1297000
BVS,20090512,24.8,28.1,24.6,26.1,1948400
BVS,20090511,27.2,27.3,25,26.4,1334400
BVS,20090508,25.6,26,23.8,25.5,2333800
BVS,20090507,24.3,24.3,24.3,24.3,117400
BVS,20090506,22.7,22.8,21.9,22.8,3761700
BVS,20090505,21.3,21.3,21.3,21.3,189200
BVS,20090504,19.9,19.9,19.9,19.9,109700
BVS,20090429,18.7,18.7,18.4,18.7,321700
BVS,20090428,15.8,18,15.8,17.5,1033600
BVS,20090427,16.9,17.8,16.9,16.9,2450900
BVS,20090424,18.1,18.1,18.1,18.1,98200
BVS,20090423,19.4,19.4,19.4,19.4,126700
BVS,20090422,20.9,20.9,20.9,20.9,680800
BVS,20090421,22.4,22.4,22.4,22.4,16600
BVS,20090420,24.1,24.1,24.1,24.1,26600
BVS,20090417,28.6,28.6,24.9,25.9,2877900
BVS,20090416,26.8,26.8,26.8,26.8,385600
BVS,20090415,25,25,25,25,712000
BVS,20090414,23.4,23.4,23.4,23.4,190700
BVS,20090413,21.9,21.9,21.9,21.9,84700
BVS,20090410,20.5,20.5,20.5,20.5,53800
BVS,20090409,19.2,19.2,19.1,19.2,1039300
BVS,20090408,17.9,17.9,17.2,17.9,2169200
BVS,20090407,16.8,16.8,16.8,16.8,199100
BVS,20090403,15.8,15.8,15.8,15.8,120700
BVS,20090402,14.8,14.8,14.8,14.8,168200
BVS,20090401,13.8,13.8,13.8,13.8,249900
BVS,20090331,12.3,13.6,12.3,12.9,1227200
BVS,20090330,12.5,13.6,12.1,12.9,1018700
BVS,20090327,13,13,12.6,12.9,2149700
BVS,20090326,11.8,12.3,11.8,12.2,1055800
BVS,20090325,11.6,11.9,10.8,11.5,1053800
BVS,20090324,11.3,11.3,11.1,11.3,934600
BVS,20090323,11.1,11.1,10.3,10.6,1345100
BVS,20090320,10.6,11.5,10.6,11.1,1033700
BVS,20090319,11.1,11.1,10.5,11,1702200
BVS,20090318,10.4,10.4,10.4,10.4,332800
BVS,20090317,9.2,9.8,9.2,9.8,1608100
BVS,20090316,9.4,9.4,9,9.1,502300
BVS,20090313,9.3,9.6,8.9,9.1,344500
BVS,20090312,9.6,9.6,9,9.1,493000
BVS,20090311,9.8,9.8,9.3,9.6,761200
BVS,20090310,8.9,9.4,8.8,9.1,356000
BVS,20090309,8.9,9.1,8.8,8.9,102400
BVS,20090306,8.8,9,8.6,8.9,62200
BVS,20090305,8.9,9.2,8.8,9,69200
BVS,20090304,8.4,8.9,8.4,8.7,62300
BVS,20090303,8.6,8.8,8.4,8.6,83900
BVS,20090302,8.8,9,8.5,8.8,83600
BVS,20090227,8.8,9.1,8.6,8.9,106300
BVS,20090226,9.1,9.1,8.3,8.8,139100
BVS,20090225,8.4,8.7,8.3,8.7,123700
BVS,20090224,8.6,8.6,8.1,8.1,116900
BVS,20090223,9.1,9.1,8.5,8.6,115400
BVS,20090220,9.3,9.3,9,9.1,50900
BVS,20090219,9.4,9.5,8.9,9.3,154400
BVS,20090218,9.1,9.3,8.9,9.1,108000
BVS,20090217,9.9,9.9,9.3,9.4,106500
BVS,20090216,10.3,10.3,9.8,9.9,65900
BVS,20090213,10.3,10.4,9.9,10.1,87900
BVS,20090212,10.6,10.6,10.2,10.3,37500
BVS,20090211,10.4,10.5,10.1,10.3,47100
BVS,20090210,11.8,11.8,10.6,10.8,66600
BVS,20090209,11.1,11.2,10.8,11.1,111500
BVS,20090206,10.6,10.9,10.2,10.5,170800
BVS,20090205,11.1,11.1,10.7,10.8,92900
BVS,20090204,11.3,11.9,11.2,11.4,129500
BVS,20090203,12.4,12.4,11.6,11.7,137200
BVS,20090202,13.1,13.1,12.3,12.5,99100
BVS,20090123,13.1,13.3,12.8,13.1,28900
BVS,20090122,12.9,13.3,12.9,13.1,29400
BVS,20090121,13.1,13.1,12.9,12.9,73300
BVS,20090120,13.3,13.4,13.1,13.3,67200
BVS,20090119,13.4,13.5,13.3,13.4,84800
BVS,20090116,13.7,13.7,13.2,13.4,68900
BVS,20090115,13.1,13.3,13.1,13.2,55900
BVS,20090114,13.7,13.8,13.3,13.5,52000
BVS,20090113,13.6,13.6,13.1,13.3,45100
BVS,20090112,13.8,14,13.6,13.6,28500
BVS,20090109,14.1,14.1,13.7,13.9,59500
BVS,20090108,14.4,14.4,13.4,13.9,85300
BVS,20090107,14.1,14.4,14.1,14.4,211600
BVS,20090106,12.9,13.8,12.9,13.5,83500
BVS,20090105,13.7,13.7,12.8,12.9,216300
BVS,20090102,13.8,13.8,13.6,13.7,43500
BVS,20081231,14.4,14.5,13.6,13.9,99100
BVS,20081230,13.7,13.9,13.5,13.8,114000
BVS,20081229,14.4,14.4,13.4,13.7,114400
BVS,20081226,13.8,14.2,13.8,14.1,63700
BVS,20081225,14.7,14.7,13.9,14.2,85100
BVS,20081224,13.8,14.4,13.6,13.9,143100
BVS,20081223,15.3,15.6,14.4,14.5,175700
BVS,20081222,16.1,16.1,15.1,15.5,203600
BVS,20081219,15.2,15.7,15.2,15.5,221200
BVS,20081218,15.3,15.4,15,15.3,135400
BVS,20081217,14.9,15.6,14.4,15.1,300100
BVS,20081216,15.6,15.6,14.1,14.9,418000
BVS,20081215,14.6,14.6,14.6,14.6,94000
BVS,20081212,13.1,13.8,13,13.6,74100
BVS,20081211,12.7,13.4,12.3,12.9,138700
BVS,20081210,14.1,14.1,12.6,12.7,207400
BVS,20081209,13.8,14.2,13.1,13.6,153500
BVS,20081208,14.9,14.9,13.3,13.4,180000
BVS,20081205,14.6,14.9,14.1,14.3,154700
BVS,20081204,16,16,14.9,15.2,163600
BVS,20081203,15.6,15.7,14.6,15,135000
BVS,20081202,14.7,15.3,14.7,15,118900
BVS,20081201,16.1,16.1,15,15.8,228500
BVS,20081128,14.8,15.1,14.8,15.1,99000
BVS,20081127,15.6,15.6,14,14.2,275400
BVS,20081126,16.3,16.3,14.8,15,432300
BVS,20081125,16.6,16.6,15.6,15.9,97100
BVS,20081124,16.1,16.2,15.3,15.7,116100
BVS,20081124,16.1,16.2,15.3,15.7,116100
BVS,20081121,15.4,15.9,14.7,15.2,163700
BVS,20081120,15.6,16.1,15.2,15.6,174300
BVS,20081119,15.8,16.8,15.8,16.3,154700
BVS,20081118,16.8,16.8,15.8,16.1,212800
BVS,20081117,17.5,17.5,16.6,16.9,206400
BVS,20081114,18.2,18.2,17.1,17.6,415100
BVS,20081113,16.6,18.1,16.6,17,358600
BVS,20081112,17.8,18.1,17.8,17.8,430700
BVS,20081111,20.3,20.3,19.1,19.1,74300
BVS,20081110,20.6,22,19.4,20.4,225000
BVS,20081107,20.6,21.3,20.5,20.6,252700
BVS,20081106,20.9,22.4,20.3,22,685300
BVS,20081105,20.9,20.9,20.9,20.9,248600
BVS,20081104,19.1,19.9,18.1,19.6,79900
BVS,20081103,18.9,19,16.6,18.6,231900
BVS,20081031,17.6,17.8,17.2,17.8,269100
BVS,20081030,16.8,17.1,15.7,16.7,216900
BVS,20081029,16,16,15.4,16,278900
BVS,20081028,14.8,16.3,14.8,15,150500
BVS,20081027,15.9,17.2,15.8,15.8,108100
BVS,20081024,16.7,17.8,16.7,16.9,147500
BVS,20081023,17.9,18.1,17.9,17.9,100300
BVS,20081022,20,20,18.8,19.3,96800
BVS,20081021,20.6,21.3,18.6,19.9,184200
BVS,20081020,21.3,21.3,19.7,19.9,89800
BVS,20081017,22.5,22.5,20.3,21.1,84300
BVS,20081016,21.3,21.9,21.3,21.3,126800
BVS,20081015,23.8,23.8,20.9,22.8,185300
BVS,20081014,22.3,22.3,22.3,22.3,200
BVS,20081013,20.4,22.8,20.4,20.9,164400
BVS,20081010,21.9,21.9,21.9,21.9,24300
BVS,20081009,23.1,25,23.1,23.5,279400
BVS,20081008,24.8,24.8,24.8,24.8,23400
BVS,20081007,26.6,26.6,26.6,26.6,11000
BVS,20081006,30.3,30.3,28.5,28.6,80700
BVS,20081003,31.2,31.2,29.8,30.6,90500
BVS,20081002,30.9,31.6,30,30.9,177200
BVS,20081001,28.8,31.9,28.8,30,150100
BVS,20080930,30.3,30.3,30.3,30.3,9500
BVS,20080929,33.8,35.6,31.1,32.6,258600
BVS,20080926,33.8,34.3,31.9,33.4,370600
BVS,20080925,30.9,33.6,30.6,32.1,317100
BVS,20080924,32.5,32.5,30.3,31.6,109400
BVS,20080923,35,35,31.5,32.4,439200
BVS,20080922,33.8,33.8,33.8,33.8,183300
BVS,20080919,28.7,32.9,28.7,31.6,371100
BVS,20080918,30.8,30.8,30.8,30.8,3800
BVS,20080917,33.1,33.1,33.1,33.1,98300
BVS,20080916,35.4,38.1,35.4,35.6,91900
BVS,20080915,37.2,42.2,37.2,38.1,623100
BVS,20080912,39.9,39.9,39.9,39.9,18500
BVS,20080911,42.9,42.9,42.9,42.9,61600
BVS,20080910,46,47.5,45.2,46.1,174000
BVS,20080909,50,51.3,46.7,48.6,255800
BVS,20080908,55,55.2,48.1,50.2,584900
BVS,20080905,51.7,51.7,48.8,51.6,553900
BVS,20080904,48.3,48.3,48.3,48.3,82500
BVS,20080903,45.2,45.2,45.2,45.2,5400
BVS,20080829,42.3,42.3,40.6,42.3,639500
BVS,20080828,40.5,40.5,35.3,39.6,823100
BVS,20080827,37.9,37.9,37.9,37.9,134000
BVS,20080826,35.4,35.4,35.4,35.4,20100
BVS,20080825,33.1,33.1,33.1,33.1,14400
BVS,20080822,31,31,31,31,22500
BVS,20080821,29,29,29,29,51600
BVS,20080820,27.1,27.1,27.1,27.1,157400
BVS,20080819,25.4,25.4,25.4,25.4,129600
BVS,20080818,23.8,23.8,23.8,23.8,150600
BVS,20080815,22.3,22.3,22.3,22.3,15900
BVS,20080814,21.4,21.4,21.4,21.4,34000
BVS,20080813,20.6,20.6,20.6,20.6,6200
BVS,20080812,19.9,19.9,19.9,19.9,8200
BVS,20080811,19.1,19.1,19.1,19.1,10400
BVS,20080808,18,18.4,17.3,18.4,94800
BVS,20080807,17.3,18.7,17.3,17.8,691300
BVS,20080806,18,18,18,18,36700
BVS,20080805,18.8,18.8,18.8,18.8,1400
BVS,20080804,19.5,19.5,19.5,19.5,3100
BVS,20080801,20.3,20.3,20.3,20.3,2300
BVS,20080731,21.1,21.1,21.1,21.1,6500
BVS,20080730,21.9,21.9,21.9,21.9,7300
BVS,20080729,22.8,22.8,22.8,22.8,25500
BVS,20080728,23.8,23.8,23.8,23.8,2600
BVS,20080725,24.7,24.7,24.7,24.7,206600
BVS,20080724,25.7,25.7,25.7,25.7,11000
BVS,20080723,26.8,26.8,26.8,26.8,700
BVS,20080722,27.8,27.8,27.8,27.8,1800
BVS,20080721,28.9,30.4,28.9,28.9,25500
BVS,20080718,31.1,31.1,28.8,30.1,292200
BVS,20080717,29.9,29.9,29.9,29.9,27800
BVS,20080716,28.9,28.9,26.8,28.8,369100
BVS,20080715,27.9,27.9,27.9,27.9,69500
BVS,20080714,27.6,27.6,25.5,26.8,376800
BVS,20080711,26.6,26.6,26.6,26.6,171800
BVS,20080710,25.6,25.6,25.6,25.6,17400
BVS,20080709,24.6,24.6,23.9,24.6,110200
BVS,20080708,23.8,24.5,22.6,23.7,218600
BVS,20080707,24,24,22.3,23.6,443000
BVS,20080704,23.1,23.1,23.1,23.1,156300
BVS,20080703,22.3,22.3,22.3,22.3,71600
BVS,20080702,21.4,21.4,21.2,21.4,146700
BVS,20080701,20.6,20.6,20.6,20.6,23900
BVS,20080630,20.1,20.1,19.1,19.9,123000
BVS,20080627,19.8,19.8,18.3,19.4,201800
BVS,20080626,19.4,19.4,18,19.1,234800
BVS,20080625,18.7,18.7,18.5,18.7,57500
BVS,20080624,17.6,18.8,17.6,18,193400
BVS,20080623,18.2,19.4,18.2,18.3,162200
BVS,20080620,18.9,18.9,18.9,18.9,4000
BVS,20080619,19.7,19.7,19.7,19.7,7600
BVS,20080618,20.8,20.8,19.7,20.5,78300
BVS,20080617,20.3,20.3,20.3,20.3,36800
BVS,20080616,19.1,20.3,19.1,19.8,475200
BVS,20080613,19.7,19.7,19.7,19.7,53000
BVS,20080612,20.3,20.3,20.3,20.3,7300
BVS,20080611,20.9,20.9,20.9,20.9,5600
BVS,20080610,21.5,21.5,21.5,21.5,300
BVS,20080606,22.1,22.1,22.1,22.1,400
BVS,20080605,22.8,22.8,22.8,22.8,10100
BVS,20080604,23.4,23.4,23.4,23.4,23770
BVS,20080603,24.1,24.1,24.1,24.1,300
BVS,20080602,24.8,24.8,24.8,24.8,100
BVS,20080530,25.6,25.6,25.6,25.6,1000
BVS,20080529,26.3,26.3,26.3,26.3,1800
BVS,20080528,27.1,27.1,27.1,27.1,1600
BVS,20080527,27.9,27.9,27.9,27.9,5600
BVS,20080526,28.8,28.8,28.8,28.8,100
BVS,20080522,30.5,30.5,30.5,30.5,300
BVS,20080521,31.4,31.4,31.4,31.4,15100
BVS,20080520,32.4,32.4,32.4,32.4,6900
BVS,20080519,33.4,33.4,33.4,33.4,100
BVS,20080516,34.4,34.4,34.4,34.4,1400
BVS,20080515,35.4,35.4,35.4,35.4,6850
BVS,20080513,36.4,36.4,36.4,36.4,7000
BVS,20080512,37.6,37.6,37.6,37.6,1100
BVS,20080509,38.7,38.7,38.7,38.7,1100
BVS,20080508,39.9,39.9,39.9,39.9,7900
BVS,20080507,41.1,41.1,41.1,41.1,73800
BVS,20080506,42.3,42.3,42.3,42.3,32000
BVS,20080505,43.6,43.6,43.6,43.6,11200
BVS,20080429,44.3,45.7,44.3,44.9,7400
BVS,20080428,44.9,46.3,44.9,45.7,6000
BVS,20080425,46.3,46.4,46.3,46.3,9400
BVS,20080424,47.7,50.3,47.7,47.8,32200
BVS,20080423,49.1,49.1,49.1,49.1,600
BVS,20080422,50.6,50.6,50.6,50.6,6200
BVS,20080421,52.8,52.8,51.3,52.2,10700
BVS,20080418,52.8,52.8,51.3,52.5,27100
BVS,20080417,50.9,54.1,50.9,51.3,32100
BVS,20080416,52.4,52.8,52.4,52.5,17500
BVS,20080411,54.1,54.1,54.1,54.1,18500
BVS,20080410,55.5,57.2,55.5,55.7,4000
BVS,20080409,60.1,60.1,56.7,57.2,34500
BVS,20080408,58.9,58.9,55.5,58.4,121100
BVS,20080407,57.2,57.2,57.2,57.2,5800
BVS,20080404,55.6,55.6,55.6,55.6,100
BVS,20080403,54.5,54.5,54.5,54.5,100
BVS,20080402,53.4,53.4,53.4,53.4,300
BVS,20080401,52.4,52.4,52.4,52.4,400
BVS,20080331,51.4,51.4,51.4,51.4,2700
BVS,20080328,50.4,50.4,50.4,50.4,1600
BVS,20080327,49.5,49.5,49.5,49.5,10500
BVS,20080326,44.1,52.8,44.1,48.6,125500
BVS,20080325,53.6,53.6,48.3,48.3,93500
BVS,20080324,59.1,59.1,53.2,53.6,53700
BVS,20080321,61.9,61.9,58.1,59.1,28100
BVS,20080320,65.9,65.9,60.9,62.8,29300
BVS,20080319,62.2,68.3,56.3,64.1,14400
BVS,20080318,61.9,63.4,61.9,62.1,23300
BVS,20080317,67.3,72.2,66.6,68.8,26900
BVS,20080314,71.6,74,71.6,73.6,49900
BVS,20080313,77.8,78.3,71.6,73.7,32700
BVS,20080312,68.4,73.7,68.4,71.2,69900
BVS,20080311,72.2,72.2,65.5,67,59400
BVS,20080310,72.3,72.3,70.3,72.2,255600
BVS,20080307,65.7,65.7,65.7,65.7,6600
BVS,20080306,59.7,59.7,59.7,59.7,2200
BVS,20080305,54.7,57.8,53.9,54.3,53500
BVS,20080304,61.6,61.6,59.9,59.9,97500
BVS,20080303,71.7,71.7,63.1,66.6,46700
BVS,20080229,69.1,74.1,69.1,70.1,70700
BVS,20080228,73.9,74.8,70.9,72,11900
BVS,20080227,72.2,82.5,72.2,73.9,18900
BVS,20080226,86.6,86.9,75.6,78.7,28700
BVS,20080225,78.4,85.9,77.9,83.9,41600
BVS,20080222,77.9,80.9,77.9,78.3,41400
BVS,20080221,91.1,91.1,86.1,86.6,18900
BVS,20080220,98.4,98.4,91.6,95.7,20100
BVS,20080219,100.9,100.9,97.2,98.1,12500
BVS,20080218,99.7,99.7,97.1,98.4,43900
BVS,20080215,103.4,103.4,101.6,102.8,6900
BVS,20080214,102.8,104.8,102.8,104,10200
BVS,20080213,105.9,105.9,102.8,104.5,15000
BVS,20080212,107.2,107.2,103.4,106.3,8500
BVS,20080201,107.8,107.8,106.5,107,28900
BVS,20080131,111.6,112.2,105,106.5,27800
BVS,20080130,102.8,111.4,102.8,109.5,44600
BVS,20080129,100.3,102.8,99.7,101.3,18200
BVS,20080128,105.3,105.3,99.7,100.9,8500
BVS,20080125,102.2,102.2,99.7,100.8,14100
BVS,20080124,103.4,105.3,99.7,101.5,19300
BVS,20080123,102.8,102.8,100.3,101.6,18600
BVS,20080122,107.2,107.2,100.9,104.1,14000
BVS,20080121,110.9,110.9,106.6,109.1,9100
BVS,20080118,106.6,115.3,105.9,110.3,21900
BVS,20080117,118.4,118.4,105.9,109.8,19100
BVS,20080116,104.7,110.5,104.7,109.8,72800
BVS,20080115,102.8,105.9,99.4,100.4,22200
BVS,20080114,113.1,113.1,109.1,110.2,14000
BVS,20080111,114.6,117.7,113.1,114.9,18400
BVS,20080110,115.3,115.3,105.9,112.3,18600
BVS,20080109,115.3,117.2,115.3,115.8,14300
BVS,20080108,114.1,121.6,113.4,118,18700
BVS,20080107,115.9,115.9,113.4,114.1,45000
BVS,20080104,112.8,125.9,112.8,118.7,47200
BVS,20080103,127.8,130.3,121.9,125.3,16800
BVS,20080102,130.9,132.8,127.8,130.9,9800
BVS,20071228,133.4,134.1,130.9,132.8,14800
BVS,20071227,135.1,135.1,131.6,133.7,23100
BVS,20071226,136.5,137.1,131.6,134.5,7200
BVS,20071225,135.4,135.4,133.1,133.9,18500
BVS,20071224,142.3,143.4,134.1,136.4,28600
BVS,20071221,138.4,140.6,135.9,137.6,45700
BVS,20071220,142.2,142.2,134.7,137.6,29600
BVS,20071219,147.8,147.8,140.4,145.4,13500
BVS,20071218,152.8,152.8,140.3,144.6,51600
BVS,20071217,155.3,155.3,144.7,148.1,53200
BVS,20071214,144.8,144.8,139.7,144.3,169000
BVS,20071213,57.4,57.4,56.8,131.6,221148
BVS,20071212,57.1,57.4,56.8,131.8,64456
BVS,20071211,57.4,57.7,57,132.1,35060
BVS,20071210,58.4,58.9,57.1,133.9,57984
BVS,20071207,59.4,59.4,57.4,135.6,22384
BVS,20071206,59,59.4,58.4,135.8,41802
BVS,20071205,59,59.4,58.3,136.1,77671
BVS,20071204,59.4,59.7,58.8,137.8,64726
BVS,20071203,58.3,60.1,58.3,138,94662
BVS,20071130,58,58.1,57.8,134.1,46387
BVS,20071129,58.3,58.4,57.8,134.2,40993
BVS,20071128,58.3,58.3,58,134.8,17800
BVS,20071127,58.4,58.6,57.7,134.7,41802
BVS,20071126,58.2,58.4,57.8,134.8,42072
BVS,20071123,58.2,58.2,57.5,133.8,32902
BVS,20071122,57.8,58.6,57.4,134.3,39105
BVS,20071121,57.1,58.7,56.3,132.9,87380
BVS,20071120,57.4,57.5,57.1,132.3,19957
BVS,20071119,58.2,58.2,57.7,133.9,18609
BVS,20071116,58.2,58.5,56.9,133.5,24003
BVS,20071115,58.4,58.4,56.3,131.9,14024
BVS,20071114,58.6,59.4,57.1,137.2,59872
BVS,20071113,58.1,58.1,55.6,130.9,56905
BVS,20071112,60.1,60.1,58.3,135.6,24272
BVS,20071109,58.6,59.4,57.5,136.3,86032
BVS,20071108,59.8,59.8,58.6,138.1,46117
BVS,20071107,59.4,60.1,58.6,138.7,33712
BVS,20071106,57.3,58.2,57.2,134.4,49623
BVS,20071105,58.6,59,57.8,135.1,88998
BVS,20071102,61.6,61.7,59.4,139.9,40184
BVS,20071101,59.2,63.3,58.6,138.7,91965
BVS,20071031,59.8,59.8,58.3,136.7,72008
BVS,20071030,60.5,60.8,58.2,139.6,127564
BVS,20071029,61.7,61.8,59.4,142,66344
BVS,20071026,63,63.3,61.3,145.1,77132
BVS,20071025,64.1,64.1,61.6,147.3,127295
BVS,20071024,62.1,62.8,60.1,145.7,127295
BVS,20071023,62.4,62.4,60.1,142.5,143746
BVS,20071022,60.8,61.7,60.1,143.3,137273
BVS,20071019,57.8,59.9,57.8,136.7,77941
BVS,20071018,60.9,60.9,55.5,131.9,50702
BVS,20071017,62.5,62.5,57.6,136.9,115159
BVS,20071016,58.4,58.4,55.9,134.4,89807
BVS,20071015,53.9,55.8,51.6,124.4,127025
BVS,20071012,52.8,53.2,52.6,121,103831
BVS,20071011,52.8,53.2,52.2,119.9,48005
BVS,20071010,52.4,52.8,51.9,118.6,59332
BVS,20071009,51.6,51.6,51.3,116.9,45039
BVS,20071008,51.6,51.6,50.8,116,114080
BVS,20071005,49.7,50.2,49.5,112.2,106798
BVS,20071004,50.1,50.5,49.6,112.9,51511
BVS,20071003,49.3,49.3,48.9,110.3,42342
BVS,20071002,50.9,50.9,48.2,109.8,121631
BVS,20071001,46.3,49.5,46.3,108.2,111653
BVS,20070928,45.7,46.3,45.7,102.4,34790
BVS,20070927,46.2,46.2,45.4,102.4,47196
BVS,20070926,48.2,48.2,45.4,102.4,30745
BVS,20070925,45.4,45.4,44,99.3,53938
BVS,20070924,43.8,43.9,42.8,94.5,72008
BVS,20070921,44.4,44.7,42.6,93.4,15103
BVS,20070920,42.5,42.8,42.5,92.8,25351
BVS,20070919,42.5,42.5,42.4,92.3,23463
BVS,20070918,42.4,42.4,42.4,92.2,14833
BVS,20070917,42.4,42.4,42.4,92.2,5124
BVS,20070914,42.8,42.8,42.6,92.9,4854
BVS,20070913,43.1,43.3,42.9,93.9,8360
BVS,20070912,43.1,43.1,43.1,94.2,7012
BVS,20070911,41.9,42.4,41.9,92.1,14563
BVS,20070910,42,42.3,42,91.4,3776
BVS,20070907,43.1,43.1,42.3,92.3,49623
BVS,20070906,42.4,42.4,42.3,92.1,31015
BVS,20070905,43.1,43.1,42.3,93.2,4585
BVS,20070904,43.8,43.8,43.6,95.8,3506
BVS,20070831,43.8,43.8,43.6,95.7,8900
BVS,20070830,43.6,43.8,43.4,95.9,22924
BVS,20070829,42.8,43.6,42.8,95.1,17530
BVS,20070828,43.1,43.6,42.8,94.4,32902
BVS,20070827,45.4,45.4,42.4,94.1,34521
BVS,20070824,42.4,42.7,42.3,92.5,42881
BVS,20070823,41.3,41.3,39.7,85.8,88189
BVS,20070822,41.4,41.4,40.4,88.8,55557
BVS,20070821,41.4,42,40.8,90.1,104910
BVS,20070820,41.6,41.8,41,89.4,42072
BVS,20070817,42.4,42.4,40.9,90.3,34790
BVS,20070816,43.3,43.6,42.8,94.4,12676
BVS,20070815,43.6,43.6,43.3,95.1,24272
BVS,20070814,43.9,43.9,43.9,96.4,8091
BVS,20070813,44.4,44.4,43.9,96.7,54748
BVS,20070810,44.7,45.4,43.9,97.6,123249
BVS,20070809,43.9,45.6,43.9,100.3,32093
BVS,20070808,45.4,45.4,45.3,100.4,20497
BVS,20070807,44.8,45.4,44.8,100.2,77132
BVS,20070806,45.1,45.4,44.9,99.9,78211
BVS,20070803,45.1,45.1,45.1,99.5,539
BVS,20070802,44.7,45.3,44.3,98.9,58793
BVS,20070801,44.7,44.8,44.7,98.4,15642
BVS,20070731,44.6,44.9,44.3,98.4,116507
BVS,20070730,44.6,44.8,44.4,98.4,65805
BVS,20070727,44.7,44.8,44.7,98.5,5933
BVS,20070726,45.1,45.1,44.7,99.3,8360
BVS,20070725,45.1,45.4,45.1,99.6,40454
BVS,20070724,45.1,45.1,44.9,99.4,4585
BVS,20070723,45.1,45.3,45.1,99.6,36948
BVS,20070720,45.3,45.3,45.1,99.8,6742
BVS,20070719,45.1,45.4,45.1,99.7,11057
BVS,20070718,44.8,45.7,44.8,99.7,11327
BVS,20070717,45.9,45.9,45.4,101.3,33712
BVS,20070716,45.1,45.9,45.1,101.3,51511
BVS,20070713,45.9,45.9,45.6,101.4,3236
BVS,20070712,45.6,45.9,45.6,101.3,6473
BVS,20070711,46.3,46.3,45.4,101.9,10518
BVS,20070710,45.4,46.1,45.4,101.9,70390
BVS,20070709,45.1,45.6,45.1,100.4,63108
BVS,20070706,44.6,45.1,44.6,99.1,70120
BVS,20070705,45.1,45.1,44.6,98.6,2697
BVS,20070704,44.7,45.1,44.7,99.4,90077
BVS,20070703,44.3,44.8,43.9,98.1,86032
BVS,20070702,44.3,45.1,44.3,98.8,127025
BVS,20070629,44.6,44.7,44.4,98.3,11597
BVS,20070628,44.3,45.1,44.3,98.9,72817
BVS,20070627,44.7,45.1,44.7,98.7,8630
BVS,20070626,44.4,45.1,44.4,99.1,74165
BVS,20070625,45.1,45.1,43.9,97.4,11866
BVS,20070622,45.1,45.1,45.1,99.7,539
BVS,20070621,45.1,45.6,45.1,100.4,133228
BVS,20070620,44.7,45.8,44.7,100.6,131070
BVS,20070619,45.1,45.4,45,100.1,116237
BVS,20070618,43.9,45.8,43.9,99.7,98707
BVS,20070615,45.4,45.4,43.8,97.1,5933
BVS,20070614,43.4,45.1,43.3,98.1,110843
BVS,20070613,44.1,44.1,43.6,95.8,10518
BVS,20070612,45.3,45.4,44.6,99.9,66614
BVS,20070611,43.6,46.9,43.6,99.5,150219
BVS,20070608,43.1,44.1,42.9,96.1,153994
BVS,20070607,42.4,43.4,42.4,93.4,148600
BVS,20070606,42.3,42.4,42.3,92.1,76593
BVS,20070605,42.3,42.4,42.3,92.2,115159
BVS,20070604,42.3,42.8,42.3,92.2,191751
BVS,20070601,42.3,42.3,42.1,91.8,66344
BVS,20070531,41.8,42.1,41.8,91.4,59332
BVS,20070530,42.4,42.4,41.4,91.4,31824
BVS,20070529,42.3,42.4,42.3,92.1,87650
BVS,20070528,42.8,43.9,42.1,92.3,140779
BVS,20070525,41.6,42.8,41.3,92.1,69041
BVS,20070524,42.3,42.3,41.6,90.9,110034
BVS,20070523,45.4,45.4,42,92.9,37757
BVS,20070522,40.8,43.1,40.8,93.4,132958
BVS,20070521,39.4,40.8,39.4,86.8,41533
BVS,20070518,38.5,40.1,38.5,85.1,38027
BVS,20070517,39.1,39.7,38.5,82.8,56096
BVS,20070516,39.4,39.4,39.1,83.6,32363
BVS,20070515,39.7,39.7,39.3,84.4,54748
BVS,20070514,40.2,40.2,39.5,84.6,10518
BVS,20070511,40.2,40.2,39.4,84.5,17530
BVS,20070510,38.5,40.1,38.5,84.7,133498
BVS,20070509,38.5,39.3,38.5,83.2,107607
BVS,20070508,37.8,38.6,37.8,81.4,89538
BVS,20070507,36.2,38,36.2,79,69311
BVS,20070504,37.8,37.8,36.6,77.6,32902
BVS,20070503,38.5,38.5,37.4,79.4,16991
BVS,20070502,38,38.1,37.6,79.8,110304
BVS,20070425,36.6,37.4,36.6,77.9,55017
BVS,20070424,36.8,37.4,36.4,77,59332
BVS,20070423,37.8,37.8,37.3,78.8,51511
BVS,20070420,38.1,38.5,37.8,80.6,32363
BVS,20070419,38.6,38.9,38.5,82.3,70120
BVS,20070418,38.4,39.3,38.4,82.9,201730
BVS,20070417,35.8,39.3,34.6,81.5,337924
BVS,20070416,37.8,37.8,36.3,77.5,52320
BVS,20070413,38,38.1,37.8,79.9,73356
BVS,20070412,38.5,38.5,38,80.8,69581
BVS,20070411,38.8,38.8,38.4,81.9,22654
BVS,20070410,38.6,38.9,38.5,82.1,67423
BVS,20070409,39.1,39.1,38.5,82,12406
BVS,20070406,38.4,39.1,38,81.2,104371
BVS,20070405,38.4,38.8,38.1,80.8,45308
BVS,20070404,38.3,38.5,38.1,81.6,35869
BVS,20070403,37.8,38.1,37.4,79.4,50702
BVS,20070402,38.8,39.2,37.8,80.9,121901
BVS,20070330,41.4,41.4,38.9,84.1,50163
BVS,20070329,40.8,40.8,39.9,86.5,157770
BVS,20070328,36.9,40.6,36.4,82.4,73087
BVS,20070327,38.5,39.2,37.9,80.5,123789
BVS,20070326,40.8,42.4,40.3,87.4,144555
BVS,20070323,43.9,43.9,40.9,94.6,83065
BVS,20070322,43.9,44.4,43.6,96.3,62838
BVS,20070321,44.3,44.7,43.9,97.8,125946
BVS,20070320,46.6,46.6,43.1,98.6,77402
BVS,20070319,41.4,47.8,41.4,98.4,89538
BVS,20070319,41.4,47.8,41.4,98.4,89538
BVS,20070316,44.8,44.8,41.6,98.3,59063
BVS,20070315,45.1,45.1,39.8,90.8,121092
BVS,20070314,45.4,45.4,42.3,93.1,234363
BVS,20070313,46.4,46.4,44.9,100.6,101404
BVS,20070312,46.9,47,46.3,103.8,61220
BVS,20070309,46.2,47,46.2,104.2,98707
BVS,20070308,46.3,47.4,46.3,103.7,79829
BVS,20070307,47,47,46.6,104.5,67153
BVS,20070306,47.8,48.3,46.7,104.5,32363
