<Ticker>,<DTYYYYMMDD>,<Open>,<High>,<Low>,<Close>,<Volume>
DID,20100729,25.8,25.8,24,24.9,25700
DID,20100728,25.1,26.3,24.6,24.7,16500
DID,20100727,28,28,26,26.4,21700
DID,20100726,26.3,26.3,26.3,26.3,57000
DID,20100723,25.2,25.2,24.3,24.6,41300
DID,20100722,24.3,25.3,24.3,24.8,35000
DID,20100721,25.6,25.6,25.1,25.2,17700
DID,20100720,25.5,25.5,25.1,25.3,29800
DID,20100719,25.7,25.7,25.3,25.5,84800
DID,20100716,25.5,25.8,25.3,25.5,46300
DID,20100715,25.8,25.8,25.3,25.5,46800
DID,20100714,26.1,26.5,25.4,25.8,77600
DID,20100713,26.3,26.3,25.7,25.8,43700
DID,20100712,25.7,25.8,25.5,25.7,19800
DID,20100709,25.2,26.4,25.2,25.9,49800
DID,20100708,24.8,25.3,24.8,25.1,82100
DID,20100707,25.6,25.6,24.5,25,53000
DID,20100706,25.3,25.8,25,25.5,55900
DID,20100705,26.3,26.4,25.5,26.3,136800
DID,20100702,24.3,25.4,24.3,25.1,217700
DID,20100701,24.8,24.8,24.1,24.2,13800
DID,20100630,25.2,25.2,24.3,24.6,21500
DID,20100629,25.2,25.2,24.9,25.2,112100
DID,20100628,23.5,24.4,23.2,24,156400
DID,20100625,23.1,23.6,23.1,23.3,36800
DID,20100624,23.7,23.7,23.3,23.4,22500
DID,20100623,22.8,23.8,22.8,23.4,47500
DID,20100622,23.6,23.6,23.5,23.6,11500
DID,20100621,23.3,23.8,23.3,23.6,32600
DID,20100618,23.8,24,22.8,23.3,19300
DID,20100617,23.8,23.9,23.3,23.6,22400
DID,20100616,23.8,23.9,23.4,23.7,33100
DID,20100615,23.8,23.8,23.2,23.5,39200
DID,20100614,22.7,23.8,22.7,23.4,60600
DID,20100611,22.7,22.8,22.6,22.7,40300
DID,20100610,22.8,22.8,22.3,22.5,11000
DID,20100609,22.5,22.7,22.2,22.4,50000
DID,20100608,21.7,22,21.3,21.6,2400
DID,20100607,21.6,21.8,21.6,21.6,26800
DID,20100604,23,23,22.5,22.7,23300
DID,20100603,23.5,23.6,22.8,23,27700
DID,20100602,22.6,23.3,22.6,22.8,29600
DID,20100601,22.3,23,22.3,22.6,28300
DID,20100531,23.8,24,22.5,23,24000
DID,20100528,24.2,24.2,22.4,23.4,64700
DID,20100527,23.3,23.3,22.3,23.1,8800
DID,20100526,23.3,23.5,22.8,23.3,21800
DID,20100525,23.1,23.1,22.2,22.4,5500
DID,20100524,22,22.2,22,22.2,60800
DID,20100521,21.5,21.5,21.2,21.2,168700
DID,20100520,21.3,23,21.1,22.3,102200
DID,20100519,22.3,22.3,22.1,22.2,48300
DID,20100518,23.2,23.4,23.1,23.2,20500
DID,20100517,24.7,24.8,23.4,23.8,59000
DID,20100514,24.9,25,24.3,24.7,97500
DID,20100513,23.8,24,23.2,23.8,84600
DID,20100512,23.3,23.3,22.6,22.9,104700
DID,20100511,24.5,25,23.3,23.8,115900
DID,20100510,25.3,25.3,24.5,24.5,102100
DID,20100507,27,27,24.3,25.8,142600
DID,20100506,25.7,25.7,25.7,25.7,41000
DID,20100505,24.6,24.6,23.4,24.4,126500
DID,20100504,23,23.4,23,23.4,164900
DID,20100429,21.8,22.5,21.8,22.3,88000
DID,20100428,21.8,22.8,21.7,22.1,56600
DID,20100427,22.1,22.1,21.7,21.8,34200
DID,20100426,22.5,22.6,21.8,22.1,136600
DID,20100422,23.7,23.7,21.5,21.6,137100
DID,20100421,22.2,22.6,22.2,22.6,61900
DID,20100420,21.7,22,21.3,21.5,145800
DID,20100419,22.7,22.7,21.3,21.7,120900
DID,20100416,21.9,22,21.4,21.6,137400
DID,20100415,21,21.6,21,21.4,126900
DID,20100414,21,21.1,20.2,20.6,72100
DID,20100413,22.2,22.2,20.9,21.1,129500
DID,20100412,22.5,23.4,21.4,22,76100
DID,20100409,22.4,22.4,22.1,22.4,218000
DID,20100408,20.8,21.4,20.8,21.4,276900
DID,20100407,20.5,20.7,20.1,20.5,75200
DID,20100406,21.3,21.5,20,20.5,28300
DID,20100405,19.8,20.5,19.8,20.5,203300
DID,20100402,19.3,20,19.3,19.6,102200
DID,20100401,18.8,19.5,18.8,19.3,11200
DID,20100331,19.2,19.5,18.8,19,15100
DID,20100330,18.9,19.5,18.8,19.2,69600
DID,20100329,19.8,19.8,18.8,18.9,37100
DID,20100326,19.4,19.4,19.2,19.3,8200
DID,20100325,20.3,20.3,19,19.4,45700
DID,20100324,18.8,20.1,18.8,19.7,52400
DID,20100323,19.8,19.8,19,19.2,45200
DID,20100322,19.1,19.9,19.1,19.6,55700
DID,20100319,19,19.5,18.5,19.1,29800
DID,20100318,19.8,19.8,18.9,19,79500
DID,20100317,20.3,20.3,19.1,19.9,53500
DID,20100316,20.9,20.9,19.7,20.1,55900
DID,20100315,20.6,20.6,20.5,20.6,117700
DID,20100312,18.8,20.1,18.8,19.7,234000
DID,20100311,19.3,19.3,19,19.2,34300
DID,20100310,19.4,19.4,19.1,19.3,34300
DID,20100309,18.9,19.4,18.5,19.2,158200
DID,20100308,18.6,18.9,18.6,18.9,82800
DID,20100305,17.9,18.6,17.8,18.1,28200
DID,20100304,18.1,18.4,17.9,18.2,29800
DID,20100303,17.9,18.2,17.8,17.9,44000
DID,20100302,18,18,17.5,17.7,36700
DID,20100301,17.3,17.9,17.2,17.5,68900
DID,20100226,17.4,17.4,17.1,17.2,51600
DID,20100225,17.5,17.5,16.8,17.3,27200
DID,20100224,17.4,17.4,16.5,17.2,32500
DID,20100223,17.3,17.3,17.1,17.2,14000
DID,20100222,18.3,18.3,17.5,17.7,16400
DID,20100212,17.5,17.5,17.2,17.5,7400
DID,20100211,16.9,17.4,16.8,17.2,6400
DID,20100210,17.5,17.5,16.7,16.9,27000
DID,20100209,18.3,18.3,17.1,17.3,11000
DID,20100208,18.4,18.5,17.7,17.8,5100
DID,20100205,17.8,17.8,17.3,17.7,102900
DID,20100204,16.5,17.1,16.5,17.1,54800
DID,20100203,16.5,16.6,16,16.4,25900
DID,20100202,16.8,16.8,16,16.5,15900
DID,20100201,16.5,16.5,16,16.4,15200
DID,20100129,15.7,16.5,15.7,16.3,38500
DID,20100128,16.2,17,16.2,16.3,103500
DID,20100127,17.8,17.8,16.8,17,75800
DID,20100126,17,18.2,17,17.6,148400
DID,20100125,17.3,18,17.3,17.8,42700
DID,20100122,17.9,18.3,17.1,17.2,58200
DID,20100121,17.9,18,17.9,17.9,81700
DID,20100120,18.4,19.2,17.8,18.8,80800
DID,20100119,18.8,18.8,18.3,18.4,80200
DID,20100118,20.3,20.3,19.2,19.2,29100
DID,20100115,20.5,20.5,20.2,20.2,38600
DID,20100114,21.5,21.5,20,21.3,195000
DID,20100113,19.8,21.8,19.7,20.5,186300
DID,20100112,20.8,20.8,19,20.8,201000
DID,20100111,19.9,19.9,19.9,19.9,57400
DID,20100108,19,19,18.4,19,293900
DID,20100107,18.1,18.1,18.1,18.1,25400
DID,20100106,17,17.5,16.4,17.3,67000
DID,20100105,16.7,16.7,16.3,16.7,61500
DID,20100104,16,16.2,15.7,16,113500
DID,20091231,15.5,15.6,15.3,15.5,14700
DID,20091230,15.5,15.5,15,15.3,25300
DID,20091229,16,16,15.3,15.4,32000
DID,20091228,16.1,16.1,15.5,15.6,26500
DID,20091225,15.3,15.7,15.3,15.4,44700
DID,20091224,14.8,15.2,14.8,15.1,21400
DID,20091223,15.2,15.2,14.5,14.6,16200
DID,20091222,15.8,15.8,14.8,15.1,44900
DID,20091221,15.8,16,14.9,15.4,94700
DID,20091218,15.6,15.6,15.6,15.6,5100
DID,20091217,16.3,16.3,16.3,16.3,800
DID,20091216,16.5,16.5,15.1,16.4,4200
DID,20091215,16.1,16.1,14.8,15.8,4000
DID,20091214,15.5,15.5,15.5,15.5,7000
DID,20091211,16.2,16.2,16.2,16.2,5100
DID,20091210,17,17,16.8,16.9,10200
