<Ticker>,<DTYYYYMMDD>,<Open>,<High>,<Low>,<Close>,<Volume>
HAS,20100729,15.7,15.7,14.8,15.6,53520
HAS,20100728,15.7,15.7,15.2,15.2,103430
HAS,20100727,16.3,16.3,15.7,15.7,94620
HAS,20100726,16.2,16.3,15.9,16.3,126990
HAS,20100723,16.1,16.2,15.9,15.9,119930
HAS,20100722,16.6,16.9,16.1,16.1,308250
HAS,20100721,18.3,18.3,16.9,16.9,179790
HAS,20100720,16.9,17.7,16.8,17.7,296470
HAS,20100719,16,16.9,15.8,16.9,430760
HAS,20100716,15.3,16.2,15.3,16.1,275800
HAS,20100715,15.3,16,15.3,15.8,116270
HAS,20100714,16,16,15.3,15.3,37390
HAS,20100713,16,16,15.4,15.8,73380
HAS,20100712,15.6,15.6,15.3,15.4,8820
HAS,20100709,15.3,15.7,15,15.6,61000
HAS,20100708,15.8,15.8,15.2,15.2,73940
HAS,20100707,15.3,15.6,14.9,15.5,107740
HAS,20100706,15.2,15.2,14.7,14.9,140180
HAS,20100705,15.8,15.9,15.4,15.4,108500
HAS,20100702,15.6,16,15.1,15.8,148020
HAS,20100701,15.7,15.7,15.2,15.3,170280
HAS,20100630,16,16,15.3,15.9,122660
HAS,20100629,17,17,15.8,16,112630
HAS,20100628,15.8,16.4,15.7,16.4,442260
HAS,20100625,14.5,15.7,14.4,15.7,557810
HAS,20100624,15,15.1,14.6,15,102560
HAS,20100623,14.7,15,14.7,15,85270
HAS,20100622,15.2,15.6,14.7,14.7,160650
HAS,20100621,14.5,15.2,14.5,15.2,273210
HAS,20100618,14.4,14.8,14.3,14.5,81240
HAS,20100617,14.5,14.9,14.4,14.6,69950
HAS,20100616,14.5,15,14.5,14.6,52660
HAS,20100615,15.1,15.1,14.4,14.6,67290
HAS,20100614,14.9,15,14.7,15,234430
HAS,20100611,14.5,14.5,14.1,14.3,92440
HAS,20100610,13.8,14.1,13.8,14.1,19720
HAS,20100609,13.6,13.9,13.5,13.8,41850
HAS,20100608,13.4,13.6,13.4,13.4,64620
HAS,20100607,13.5,13.8,13.5,13.5,163400
HAS,20100604,14.4,14.5,13.9,14.2,81780
HAS,20100603,15,15,14.3,14.5,55290
HAS,20100602,14.4,14.9,14.4,14.8,28380
HAS,20100601,14.4,15,14.2,14.9,126570
HAS,20100531,14.8,15,14.3,14.9,177820
HAS,20100528,14.3,14.3,14.3,14.3,161480
HAS,20100527,14.3,14.3,13.3,13.7,82440
HAS,20100526,13.9,13.9,13.3,13.9,80930
HAS,20100525,13.6,14,13.3,13.3,106610
HAS,20100524,13.9,14,13.9,13.9,154740
HAS,20100521,14.6,14.6,14.6,14.6,4130
HAS,20100520,14.1,15.3,14.1,15.3,207880
HAS,20100519,14.9,15,14.8,14.8,34630
HAS,20100518,15.2,15.5,15.1,15.5,106900
HAS,20100517,15.9,15.9,15,15.8,420590
HAS,20100514,15.2,15.2,15.2,15.2,76660
HAS,20100513,15.9,15.9,15.9,15.9,30210
HAS,20100512,16.7,16.7,16.7,16.7,15740
HAS,20100511,18,18,17.5,17.5,208850
HAS,20100510,19.3,19.3,18.4,18.4,135880
HAS,20100507,19.3,19.3,18.5,19.3,1325260
HAS,20100506,18.4,18.4,18.4,18.4,83950
HAS,20100505,17.6,17.6,17.6,17.6,113220
HAS,20100504,16.8,16.8,16.8,16.8,108840
HAS,20100429,16,16,16,16,142240
HAS,20100428,14.6,15.3,14.6,15.3,267820
HAS,20100427,14.2,14.6,14.2,14.6,18090
HAS,20100426,14.6,15,14.6,14.6,28280
HAS,20100422,15.6,15.6,15,15,90700
HAS,20100421,15,15.1,14.7,14.9,50450
HAS,20100420,15,15.1,14.5,15,51890
HAS,20100419,14.5,15.2,14.2,15.2,114380
HAS,20100416,14.3,14.6,14.3,14.5,53940
HAS,20100415,13.9,14.2,13.9,14.2,68410
HAS,20100414,13.2,14,13.2,13.6,65160
HAS,20100413,13.8,13.8,13.4,13.4,18980
HAS,20100412,14.3,14.3,13.8,13.8,34050
HAS,20100409,14.2,14.2,13.6,14.2,18490
HAS,20100408,15,15,14.2,14.2,65930
HAS,20100407,14.7,14.7,14.4,14.7,208590
HAS,20100406,14,14,14,14,71500
HAS,20100405,13.1,13.4,12.9,13.4,99990
HAS,20100402,12.8,12.9,12.6,12.8,19240
HAS,20100401,12.7,12.8,12.7,12.8,24710
HAS,20100331,11.8,12.7,11.8,12.7,67740
HAS,20100330,12.1,12.2,12,12.1,16550
HAS,20100329,12.3,12.3,12.1,12.1,19060
HAS,20100326,12.4,12.4,12.2,12.3,16050
HAS,20100325,12.6,12.6,12.4,12.6,7980
HAS,20100324,12.6,12.7,12.6,12.7,19810
HAS,20100323,13,13,12.4,12.4,5270
HAS,20100322,13,13,12.6,12.7,20110
HAS,20100319,13,13,12.6,12.8,12690
HAS,20100318,13.1,13.1,12.8,13.1,15190
HAS,20100317,13.1,13.1,12.9,12.9,17390
HAS,20100316,13.3,13.5,12.9,12.9,32800
HAS,20100315,13.1,13.3,12.8,13.3,58500
HAS,20100312,12.7,12.7,12.5,12.7,23530
HAS,20100311,12.6,12.7,12.4,12.4,11430
HAS,20100310,12.5,12.8,12.5,12.5,13010
HAS,20100309,12.6,13,12.6,12.6,22050
HAS,20100308,12.3,13,12.3,12.9,11830
HAS,20100305,12.4,12.5,12.2,12.4,20110
HAS,20100304,12.1,12.7,12.1,12.5,16940
HAS,20100303,12,12.1,12,12.1,3930
HAS,20100302,12,12.3,12,12,3310
HAS,20100301,12.5,12.5,11.9,12.3,9410
HAS,20100226,12.2,12.2,11.9,11.9,3110
HAS,20100225,12.2,12.2,11.9,12.2,2440
HAS,20100224,11.7,12.5,11.7,12.2,9340
HAS,20100223,12.5,12.5,11.9,12.2,3680
HAS,20100222,12.3,12.5,12.3,12.5,3750
HAS,20100212,11.8,12.5,11.8,12.3,4110
HAS,20100211,11.7,12.2,11.7,12.2,3650
HAS,20100210,11.5,11.7,11.5,11.7,6410
HAS,20100209,11.8,12.2,11.2,11.2,20790
HAS,20100208,12.1,12.3,11.8,11.8,6150
HAS,20100205,12.1,12.1,12.1,12.1,3290
HAS,20100204,12.4,12.6,12.1,12.1,11500
HAS,20100203,12.2,12.2,12.1,12.1,11020
HAS,20100202,12.2,12.3,12.1,12.2,7140
HAS,20100201,12.6,12.6,12.2,12.2,1160
HAS,20100129,12.5,12.5,12.3,12.3,6010
HAS,20100128,11.9,12.1,11.9,12.1,3940
HAS,20100127,12,12.9,12,12.1,6660
HAS,20100126,12,12.6,12,12.6,17850
HAS,20100125,12.6,12.6,12,12,9560
HAS,20100122,12.3,12.4,11.8,12.1,9410
HAS,20100121,12.5,12.6,12.1,12.1,23430
HAS,20100120,12.9,12.9,12.5,12.5,2520
HAS,20100119,12.4,12.7,12.4,12.5,13040
HAS,20100118,12.7,12.7,12.5,12.6,6080
HAS,20100115,13.2,13.2,13,13.1,7520
HAS,20100114,13.2,13.3,13,13.3,3060
HAS,20100113,12.5,13,12.5,12.8,10390
HAS,20100112,13.6,13.6,13.1,13.1,23100
HAS,20100111,13.3,13.6,13.3,13.6,10850
HAS,20100108,14.6,14.6,13.8,13.8,18730
HAS,20100107,14.4,14.6,14,14.5,36530
HAS,20100106,14.1,14.1,13.6,13.9,13880
HAS,20100105,14.1,14.1,13.6,14.1,47520
HAS,20100104,13.3,13.5,13.3,13.5,62310
HAS,20091231,13.6,13.6,12.9,12.9,10090
HAS,20091230,13.1,13.4,12.6,13.2,11440
HAS,20091229,13.2,13.6,12.9,12.9,25210
HAS,20091228,13.6,13.6,13.1,13.6,12750
HAS,20091225,13.3,13.6,13.3,13.6,39260
HAS,20091224,12.1,13,12.1,13,36170
HAS,20091223,11.8,12.5,11.8,12.4,19630
HAS,20091222,12.6,12.8,12.1,12.1,45250
HAS,20091221,12.4,12.4,12.3,12.4,19790
HAS,20091218,11.6,11.8,11.6,11.8,44770
HAS,20091217,11,11.6,11,11.3,11250
HAS,20091216,12.2,12.2,11.6,11.6,15460
HAS,20091215,12.9,12.9,12.2,12.2,3240
HAS,20091214,12.5,12.6,12.5,12.6,14020
HAS,20091211,12.8,12.8,12,12,52800
HAS,20091210,12.7,12.7,12.6,12.6,32300
HAS,20091209,13,13.6,12.9,12.9,12790
HAS,20091208,14.1,14.1,13.6,13.6,6620
HAS,20091207,13.6,14.2,13.5,14.1,6900
HAS,20091204,14,14.5,13.9,14,10390
HAS,20091203,14,14.2,13.7,14.1,3150
HAS,20091202,14,14.1,14,14,9010
HAS,20091201,14.6,14.7,14.5,14.5,24620
HAS,20091130,14,14,13.9,14,16310
HAS,20091127,13.1,14.5,13.1,13.4,43550
HAS,20091126,13.8,14.1,13.8,13.8,38260
HAS,20091125,14.9,15,14.5,14.5,44330
HAS,20091124,15.6,15.6,15.1,15.2,7030
HAS,20091123,15.7,15.7,15.2,15.2,18960
HAS,20091120,15.9,16.2,15.7,15.7,12900
HAS,20091119,15.7,16.2,15.7,16.2,49040
HAS,20091118,15.4,15.6,15.4,15.6,33500
HAS,20091117,16.1,16.1,15.6,15.6,15910
HAS,20091116,15.9,16.1,15.8,15.8,10840
HAS,20091113,15.6,16.3,15.6,15.7,28040
HAS,20091112,16.2,16.3,15.9,16.3,25140
HAS,20091111,14.7,15.7,14.7,15.7,17090
HAS,20091110,15.5,15.5,14.8,15,28700
HAS,20091109,16.1,16.1,15.5,15.5,76730
HAS,20091106,16.8,17.3,16.3,16.3,39570
HAS,20091105,16.5,16.8,16.1,16.8,39250
HAS,20091104,15.7,16.3,15.7,16,29790
HAS,20091103,15.7,16,15.4,15.7,63360
HAS,20091102,15.9,16.5,15.9,15.9,104860
HAS,20091030,17.3,17.4,16.7,16.7,141350
HAS,20091029,16.8,17.1,16.7,16.7,73670
HAS,20091028,18,18.6,17.5,17.5,128090
HAS,20091027,18.3,19.2,18.3,18.3,214750
HAS,20091026,19.4,20.1,19.2,19.2,168880
HAS,20091023,21.1,21.1,20.2,20.2,420780
HAS,20091022,19.1,20.1,19.1,20.1,290930
HAS,20091021,19.6,19.8,18.1,19.3,234700
HAS,20091020,18.9,18.9,18.6,18.9,257110
HAS,20091019,17.6,18,17.6,18,92730
HAS,20091016,17.4,17.6,17.1,17.2,118810
HAS,20091015,18.3,18.3,17.5,17.7,140150
HAS,20091014,17,17.8,17,17.8,114020
HAS,20091013,17.9,18.1,17.6,17.6,90000
HAS,20091012,18.1,18.4,17.5,18.4,142160
HAS,20091009,18.6,18.6,18.1,18.1,201320
HAS,20091008,17.7,17.7,17.3,17.7,335160
HAS,20091007,16.9,16.9,16.9,16.9,94120
HAS,20091006,15.4,16.1,15.4,16.1,32190
HAS,20091005,15.6,15.6,15.4,15.4,29610
HAS,20091002,15.9,15.9,15.2,15.6,44370
HAS,20091001,16,16.2,15.5,15.5,87140
HAS,20090930,16.2,16.4,16.2,16.2,49180
HAS,20090929,16.1,16.4,16.1,16.3,62370
HAS,20090928,16.4,16.6,16.2,16.2,55640
HAS,20090925,16.4,16.6,16.4,16.4,46110
HAS,20090924,16.6,16.8,16.5,16.6,38860
HAS,20090923,16.6,17.3,16.6,16.8,77030
HAS,20090922,16.9,16.9,16.5,16.5,87520
HAS,20090921,16.9,17.1,16.8,16.9,62570
HAS,20090918,16.8,17,16.8,17,16880
HAS,20090917,16.8,17,16.8,17,38820
HAS,20090916,17,17,16.7,16.8,42080
HAS,20090915,16.9,17.1,16.7,16.9,73400
HAS,20090914,16.9,17.4,16.9,16.9,64980
HAS,20090911,17,17.1,16.7,16.9,62800
HAS,20090910,17,17.4,16.8,16.8,24890
HAS,20090909,17.6,17.6,16.6,17.2,41430
HAS,20090908,16.4,17.2,16.4,17.2,112600
HAS,20090907,16.2,16.5,16.1,16.4,56360
HAS,20090904,17.6,17.6,16.8,16.8,75460
HAS,20090903,17.1,17.7,17.1,17.1,64030
HAS,20090901,18.2,18.6,17.8,17.8,51280
HAS,20090831,18.1,18.3,17.7,18.3,77190
HAS,20090828,17,17.5,16.9,17.5,102890
HAS,20090827,16.6,16.7,16.5,16.7,45550
HAS,20090826,16.6,16.8,16.4,16.4,26560
HAS,20090825,16.4,16.5,16.2,16.4,54720
HAS,20090824,16.4,16.6,16.4,16.4,48380
HAS,20090821,17.1,17.3,16.7,16.8,24310
HAS,20090820,17.3,17.3,16.9,17,34180
HAS,20090819,16.9,17,16.5,17,27850
HAS,20090818,16.1,16.5,16.1,16.5,6790
HAS,20090817,16.4,16.8,16.4,16.5,19230
HAS,20090814,16.8,16.8,16.6,16.8,6660
HAS,20090813,16.6,17,16.6,16.8,33080
HAS,20090812,17.6,17.6,16.8,16.8,69920
HAS,20090811,17.6,17.9,17.6,17.6,40610
HAS,20090810,16.6,17.9,16.6,17.6,32650
HAS,20090807,17.1,17.3,16.6,17.3,57740
HAS,20090806,16.5,16.5,16.4,16.5,75680
HAS,20090805,15.5,16,15.5,15.7,12240
HAS,20090804,16,16.1,15.5,15.5,17750
HAS,20090803,15.9,15.9,15.5,15.5,20650
HAS,20090731,15.6,16.1,15.6,15.7,23580
HAS,20090730,15.4,15.7,15.4,15.7,6920
HAS,20090729,15.6,16.3,15.4,15.8,18140
HAS,20090728,16,16,15.7,16,24400
HAS,20090727,16.9,16.9,16.4,16.5,51180
HAS,20090724,16.1,16.1,16.1,16.1,13890
HAS,20090723,14.6,15.4,14.6,15.4,19710
HAS,20090722,15.6,15.6,15.1,15.1,29530
HAS,20090721,15.4,15.9,15.1,15.1,36440
HAS,20090720,15.9,16,15.9,15.9,12590
HAS,20090717,17.1,17.1,16.7,16.7,19900
HAS,20090716,18,18,17.4,17.6,16750
HAS,20090715,17,17.7,17,17.4,36500
HAS,20090714,18.2,18.4,17.3,17.3,63430
HAS,20090713,19.1,19.1,18.1,18.2,97520
HAS,20090710,18.1,18.5,17.7,18.2,67730
HAS,20090709,18.8,19.4,18.5,18.6,72160
HAS,20090708,20.3,20.3,19.5,19.5,178150
HAS,20090707,19.8,19.8,19.5,19.8,163730
HAS,20090706,18.8,18.8,18.8,18.8,3990
HAS,20090703,17.9,17.9,17.9,17.9,37160
HAS,20090702,17,17.1,15.9,17.1,78520
HAS,20090701,16.5,16.8,16.1,16.2,54540
HAS,20090630,16.8,17.6,16.4,16.5,55530
HAS,20090629,16.9,17.5,16.8,16.8,35190
HAS,20090626,17.4,17.6,17.1,17.3,40000
HAS,20090625,19,19,18.1,18.1,52090
HAS,20090624,17.8,19.1,17.8,19,127290
HAS,20090623,18.8,18.8,18.8,18.8,2150
HAS,20090622,19.8,19.8,19.8,19.8,13170
HAS,20090619,21.4,21.4,20.7,20.8,74270
HAS,20090618,21.2,21.2,20.7,21.2,153120
HAS,20090617,18.2,20.2,18.2,20.2,209520
HAS,20090616,19.2,19.2,19.2,19.2,45130
HAS,20090615,20.2,20.5,20.2,20.2,94070
HAS,20090612,22.1,22.1,20.3,21.3,130790
HAS,20090611,21,21.1,20.7,21.1,139260
HAS,20090610,20.1,20.1,20.1,20.1,49560
HAS,20090609,21.4,22.1,21.1,21.1,128490
HAS,20090608,22.3,22.3,22.2,22.3,143720
HAS,20090605,21.2,21.2,21.2,21.2,31920
HAS,20090604,20.2,20.2,20.2,20.2,61560
HAS,20090603,18.6,19.2,18.4,19.2,188880
HAS,20090602,18.3,18.3,18,18.3,165870
HAS,20090601,17.4,17.4,17.4,17.4,39140
HAS,20090529,16.6,16.6,16.6,16.6,20320
HAS,20090528,15.8,15.8,15.8,15.8,71500
HAS,20090527,15.1,15.8,14.3,15.1,109510
HAS,20090526,15.1,15.1,14.5,15.1,229670
HAS,20090525,14.4,14.4,14.4,14.4,67990
HAS,20090522,13.7,13.7,13.7,13.7,76330
HAS,20090521,15.9,15.9,14.4,14.4,142340
HAS,20090520,15.1,15.1,15.1,15.1,31710
HAS,20090519,14.4,14.4,14.4,14.4,9040
HAS,20090518,13.8,13.8,13.7,13.8,90890
HAS,20090515,13.1,13.1,13.1,13.1,54960
HAS,20090514,12.2,12.4,11.7,12.4,189740
HAS,20090513,11.8,11.8,11.8,11.8,125240
HAS,20090512,10.8,11.3,10.8,11.3,75070
HAS,20090511,10.8,11,10.8,10.8,48700
HAS,20090508,10.6,11.1,10.6,10.9,27750
HAS,20090507,10.8,11,10.6,11,119240
HAS,20090506,10.6,10.7,10.4,10.4,29290
HAS,20090505,11.4,11.4,10.8,11,42050
HAS,20090504,10.9,10.9,10.9,10.9,28380
HAS,20090429,9.9,10.4,9.9,10.4,17240
HAS,20090428,10.2,10.2,9.9,10.2,7590
HAS,20090427,10.4,10.4,9.9,9.9,11610
HAS,20090424,10.6,10.6,10.1,10.4,46730
HAS,20090423,10.8,10.8,10.4,10.4,29470
HAS,20090422,10.7,10.8,10.3,10.6,33230
HAS,20090421,10.8,10.8,10.3,10.3,55890
HAS,20090420,10.8,10.8,10.8,10.8,15390
HAS,20090417,11.5,11.5,10.4,11.4,64310
HAS,20090416,11,11,10.7,11,67500
HAS,20090415,10.5,11.1,10.3,10.4,129640
HAS,20090414,10.5,10.5,10.2,10.5,73950
HAS,20090413,10,10,10,10,1420
HAS,20090410,9.5,9.5,9.5,9.5,27320
HAS,20090409,9.3,9.3,8.9,9.1,68150
HAS,20090408,9.4,9.8,9.3,9.3,95110
HAS,20090407,9.3,9.3,8.9,9.3,106620
HAS,20090403,8.8,8.8,8.8,8.8,5330
HAS,20090402,8.4,8.4,8.4,8.4,87560
HAS,20090401,7.9,8,7.7,8,26550
HAS,20090331,7.6,7.8,7.6,7.6,19580
HAS,20090330,7.9,7.9,7.6,7.8,16020
HAS,20090327,8,8.1,7.8,7.9,30880
HAS,20090326,8.3,8.3,8,8,7600
HAS,20090325,8,8.3,8,8.1,17760
HAS,20090324,8.1,8.2,8.1,8.2,18160
HAS,20090323,8.2,8.2,7.8,7.8,8350
HAS,20090320,7.6,8.2,7.6,7.9,5970
HAS,20090319,8,8.3,7.9,7.9,43190
HAS,20090318,8.6,8.6,8.3,8.3,30100
HAS,20090317,8.1,8.4,8.1,8.2,31820
HAS,20090316,8,8.1,8,8,51780
HAS,20090313,8.2,8.3,8,8,54990
HAS,20090312,8.2,8.2,7.8,8.1,128590
HAS,20090311,7.8,7.8,7.8,7.8,4440
HAS,20090310,7.2,7.4,7.1,7.4,20730
HAS,20090309,7,7.3,7,7.2,39410
HAS,20090306,7,7,7,7,16700
HAS,20090305,6.6,6.6,6.6,6.6,15670
HAS,20090304,6.1,6.2,6.1,6.2,27280
HAS,20090303,5.8,5.8,5.8,5.8,24370
HAS,20090302,6,6,5.8,5.8,6000
HAS,20090227,5.8,6,5.8,6,16530
HAS,20090226,5.3,5.9,5.3,5.8,10850
HAS,20090225,5.7,5.7,5.7,5.7,5470
HAS,20090224,5.5,5.5,5.4,5.4,6850
HAS,20090223,5.9,5.9,5.5,5.7,14900
HAS,20090220,6.1,6.1,5.9,5.9,10140
HAS,20090219,5.8,6.1,5.7,6.1,14670
HAS,20090218,6,6.3,6,6.1,9550
HAS,20090217,6.1,6.2,6.1,6.1,7570
HAS,20090216,6.4,6.4,6.3,6.3,8120
HAS,20090213,6.5,6.5,6.4,6.5,5800
HAS,20090212,6.3,6.5,6.3,6.5,7010
HAS,20090211,6.4,6.4,6.4,6.4,5740
HAS,20090210,6.4,6.4,6.4,6.4,1510
HAS,20090209,6.4,6.8,6.4,6.8,14320
HAS,20090206,6.4,6.4,6.4,6.4,6920
HAS,20090205,6.6,6.7,6.6,6.6,5410
HAS,20090204,7,7,6.7,6.9,15900
HAS,20090203,6.8,6.8,6.6,6.6,13500
HAS,20090202,6.9,7.2,6.9,7,7840
HAS,20090123,6.8,7.2,6.8,7.2,12320
HAS,20090122,6.7,6.8,6.7,6.8,1210
HAS,20090121,6.4,6.6,6.4,6.6,8710
HAS,20090120,6.4,6.7,6.4,6.6,7570
HAS,20090119,6.3,6.6,6.3,6.6,14200
HAS,20090116,6.2,6.3,6.2,6.3,6220
HAS,20090115,6.2,6.2,6.2,6.2,13590
HAS,20090114,6.1,6.3,6.1,6.2,6980
HAS,20090113,6.1,6.3,6.1,6.2,14460
HAS,20090112,6.1,6.2,6,6.2,20210
HAS,20090109,6.1,6.2,6,6.1,9950
HAS,20090108,6.1,6.1,6.1,6.1,10720
HAS,20090107,6.4,6.4,6.3,6.4,10570
HAS,20090106,5.8,6.1,5.8,6.1,9130
HAS,20090105,5.8,5.9,5.7,5.7,10410
HAS,20090102,6.3,6.3,5.9,5.9,5060
HAS,20081231,6,6.4,6,6.2,2520
HAS,20081230,6.1,6.2,6.1,6.2,3200
HAS,20081229,5.8,6.1,5.8,6.1,950
HAS,20081226,5.8,5.9,5.8,5.8,5510
HAS,20081225,5.9,5.9,5.8,5.8,1150
HAS,20081224,5.8,5.9,5.8,5.9,4840
HAS,20081223,5.8,5.8,5.7,5.8,10010
HAS,20081222,6.1,6.1,5.8,6,9850
HAS,20081219,6.1,6.4,6.1,6.1,4880
HAS,20081218,6.4,6.4,6.4,6.4,2000
HAS,20081216,6,6.4,6,6.4,720
HAS,20081215,6.4,6.4,6.1,6.4,3920
HAS,20081212,5.8,6.1,5.7,6.1,10110
HAS,20081211,5.8,5.8,5.8,5.8,5560
HAS,20081210,6.1,6.1,6.1,6.1,190
HAS,20081209,6.3,6.4,6.3,6.4,1270
HAS,20081208,6.3,6.3,6.3,6.3,4150
HAS,20081205,6.4,6.7,6.4,6.7,2540
HAS,20081204,6.8,6.8,6.7,6.8,4650
HAS,20081203,6.5,7.1,6.4,6.8,4610
HAS,20081202,6.7,6.7,6.7,6.7,2130
HAS,20081201,7.2,7.2,7.1,7.1,1500
HAS,20081128,6.9,6.9,6.8,6.9,8790
HAS,20081127,6.5,6.8,6.5,6.5,4720
HAS,20081126,6.8,7,6.8,6.8,4150
HAS,20081125,7,7.2,7,7,4080
HAS,20081124,7.1,7.2,7,7.1,37320
HAS,20081124,7.1,7.2,7,7.1,37320
HAS,20081121,6.9,7,6.8,6.9,5320
HAS,20081120,6.9,6.9,6.9,6.9,6250
HAS,20081119,7.2,7.2,7,7.2,560
HAS,20081118,7.1,7.2,6.9,7.1,8210
HAS,20081117,7.2,7.3,7.1,7.2,14780
HAS,20081114,7.1,7.5,7,7.1,6420
HAS,20081113,7.3,7.3,7.1,7.2,4810
HAS,20081112,7,7,6.8,7,11870
HAS,20081111,7.1,7.2,6.9,7.1,22710
HAS,20081110,7.4,7.8,7.4,7.4,2360
HAS,20081107,7.4,7.4,7.4,7.4,4820
HAS,20081106,7.8,8.4,7.6,7.8,9890
HAS,20081105,8.1,8.1,8.1,8.1,32930
HAS,20081104,7.6,7.6,7.1,7.6,13130
HAS,20081103,7.5,7.5,7.5,7.5,6320
HAS,20081031,8,8,7.7,8,10440
HAS,20081030,8,8,7.7,8,7830
HAS,20081029,7.7,7.7,7.1,7.7,15400
HAS,20081028,7.2,7.2,6.8,7.2,11980
HAS,20081027,7.1,7.1,7.1,7.1,14030
HAS,20081024,7.6,7.6,7.4,7.6,20060
HAS,20081023,7.9,8.1,7.9,7.9,13330
HAS,20081022,8.4,8.4,8,8.4,2880
HAS,20081021,8.4,8.4,8,8.4,12250
HAS,20081020,8,8.5,7.9,8,14190
HAS,20081017,8.4,8.6,8.2,8.4,7700
HAS,20081016,8.2,8.4,8.1,8.2,22730
HAS,20081015,8.6,8.6,8.1,8.6,18940
HAS,20081014,8.1,8.1,8.1,8.1,10
HAS,20081013,8.4,8.4,7.7,7.7,9820
HAS,20081010,8,8,7.9,7.9,38180
HAS,20081009,8.4,8.8,8.4,8.4,29040
HAS,20081008,8.2,9,8.2,8.4,24070
HAS,20081007,8.8,8.8,8.7,8.7,26230
HAS,20081006,9.1,10,9.1,9.2,19480
HAS,20081003,9.9,9.9,9.5,9.6,9620
HAS,20081002,10,10,9.3,9.9,24980
HAS,20081001,9.4,9.5,8.8,9.4,37000
HAS,20080930,9.2,9.2,9.2,9.2,18000
HAS,20080929,10.1,10.1,9.7,9.8,16300
HAS,20080926,10.6,10.6,9.9,10.1,17570
HAS,20080925,9.9,10.2,9.9,10.1,15680
HAS,20080924,9.8,9.8,9.7,9.7,20540
HAS,20080923,10.1,10.8,10.1,10.1,111240
HAS,20080922,10.8,10.8,10.8,10.8,18640
HAS,20080919,9.7,10.2,9.7,10.2,40280
HAS,20080918,9.7,9.7,9.7,9.7,11520
HAS,20080917,10.3,10.3,10.3,10.3,7420
HAS,20080916,10.9,10.9,10.9,10.9,30010
HAS,20080915,11.5,12.9,11.5,11.5,68180
HAS,20080912,12.2,12.2,12.2,12.2,1460
HAS,20080911,12.9,12.9,12.9,12.9,18210
HAS,20080910,15.2,15.2,13.7,13.7,114670
HAS,20080909,14.4,14.4,14.4,14.4,49030
HAS,20080908,13.7,13.7,12.6,13.7,178700
HAS,20080905,12.4,13,11.8,13,100750
HAS,20080904,12.4,12.4,11.8,12.3,34620
HAS,20080903,12,12,12,12,55220
HAS,20080829,10.9,11.4,10.9,11.4,50070
HAS,20080828,12.8,12.8,11.4,11.5,51720
HAS,20080827,12.1,12.1,12.1,12.1,54650
HAS,20080826,11.5,11.5,11.5,11.5,48730
HAS,20080825,10.9,10.9,10.9,10.9,64890
HAS,20080822,10.4,10.8,10.3,10.3,28470
HAS,20080821,9.5,10.4,9.4,10.4,37230
HAS,20080820,9.9,10.3,9.9,9.9,20930
HAS,20080819,10.7,11.1,10.5,10.5,21670
HAS,20080818,10.9,11.8,10.9,11.1,14450
HAS,20080815,11.4,11.4,11.4,11.4,34670
HAS,20080814,10.5,11,10.4,11,35190
HAS,20080813,10.7,10.7,10.4,10.7,15800
HAS,20080812,11,11,10.6,10.7,26300
HAS,20080811,10.7,10.7,10.7,10.7,8070
HAS,20080808,9.9,10.4,9.8,10.4,21660
HAS,20080807,10.4,10.7,10.1,10.1,22600
HAS,20080806,10.1,10.4,10.1,10.4,18580
HAS,20080805,10.7,10.7,10.4,10.4,6520
HAS,20080804,10.7,10.7,10.7,10.7,4110
HAS,20080801,10.8,11.1,10.8,11.1,19230
HAS,20080731,11.1,11.4,11.1,11.1,29220
HAS,20080730,11.4,11.8,11.4,11.4,28430
HAS,20080729,12.2,12.2,11.8,11.8,30740
HAS,20080728,11.8,12.1,11.8,11.8,51520
HAS,20080725,12.1,12.1,12.1,12.1,12300
HAS,20080724,12.9,12.9,12.5,12.5,690
HAS,20080723,12.9,12.9,12.9,12.9,20
HAS,20080722,13.4,13.4,13.4,13.4,20
HAS,20080721,13.8,13.8,13.8,13.8,1500
HAS,20080718,14.3,14.8,14.3,14.3,40140
HAS,20080717,14.8,14.8,14.8,14.8,37570
HAS,20080716,13.4,14.3,13.4,14.3,86920
HAS,20080715,13.8,13.8,13.8,13.8,17470
HAS,20080714,13.4,13.4,13.4,13.4,5550
HAS,20080711,13,13,13,13,38060
HAS,20080710,12.6,12.6,12.6,12.6,17850
HAS,20080709,12.2,12.2,11.9,12.2,26180
HAS,20080708,11.1,11.8,11.1,11.8,56230
HAS,20080707,12.2,12.2,11.4,11.4,72570
HAS,20080704,11.8,11.8,11.8,11.8,12130
HAS,20080703,11.4,11.4,11.4,11.4,3990
HAS,20080702,11.1,11.1,11.1,11.1,25210
HAS,20080701,10.8,10.8,10.8,10.8,2560
HAS,20080630,9.8,10.4,9.8,10.4,34190
HAS,20080627,9.5,10.1,9.5,10.1,37560
HAS,20080626,10.1,10.1,9.5,9.8,35260
HAS,20080625,9.8,9.8,9.8,9.8,7460
HAS,20080624,9.5,9.5,9.4,9.5,23710
HAS,20080623,9.2,9.2,9.1,9.2,9530
HAS,20080620,8.7,9,8.7,8.9,17260
HAS,20080619,9,9.3,9,9,45390
HAS,20080618,9.6,9.6,9.3,9.3,55620
HAS,20080617,9.4,9.4,9.4,9.4,460
HAS,20080616,9.3,9.3,9.3,9.3,1270
HAS,20080613,9.1,9.1,9.1,9.1,700
HAS,20080612,9,9,9,9,3360
HAS,20080611,8.8,8.8,8.8,8.8,11080
HAS,20080610,8.7,8.7,8.7,8.7,1900
HAS,20080609,8.3,8.5,8.3,8.5,13230
HAS,20080606,8.2,8.4,8.2,8.4,16150
HAS,20080605,8.4,8.4,8.4,8.4,8600
HAS,20080604,8.5,8.5,8.5,8.5,22240
HAS,20080603,8.7,8.8,8.7,8.7,28860
HAS,20080602,8.8,8.8,8.8,8.8,31840
HAS,20080530,9.1,9.1,9,9,23510
HAS,20080526,9.1,9.1,9.1,9.1,21260
HAS,20080522,9.5,9.9,9.5,9.5,33000
HAS,20080521,9.8,9.8,9.8,9.8,36910
HAS,20080520,10.1,10.2,10,10,44840
HAS,20080519,10.1,10.3,10.1,10.2,14060
HAS,20080516,10.2,10.4,10.2,10.3,63660
HAS,20080515,10.4,10.5,10.4,10.4,53500
HAS,20080514,10.7,10.7,10.7,10.7,11290
HAS,20080513,10.9,10.9,10.9,10.9,14630
HAS,20080512,11.1,11.1,11.1,11.1,8100
HAS,20080509,11.4,11.4,11.4,11.4,11400
HAS,20080508,11.6,11.6,11.6,11.6,3500
HAS,20080507,11.8,11.8,11.8,11.8,7430
HAS,20080506,12.1,12.1,12.1,12.1,4310
HAS,20080505,12.3,12.6,12.3,12.3,33740
HAS,20080429,13,13,12.5,12.5,65530
HAS,20080428,12.6,12.8,12.6,12.8,33450
HAS,20080425,12.5,12.5,12.5,12.5,24750
HAS,20080424,12.8,12.8,12.8,12.8,9070
HAS,20080423,13,13,13,13,1060
HAS,20080422,13.2,13.2,13.2,13.2,21230
HAS,20080421,13.5,13.5,13.5,13.5,25850
HAS,20080418,13.8,13.9,13.8,13.8,56650
HAS,20080417,13.5,14.1,13.5,14.1,46680
HAS,20080416,13.8,13.8,13.8,13.8,12820
HAS,20080411,14.1,14.1,14.1,14.1,7220
HAS,20080410,14.4,14.4,14.4,14.4,11000
HAS,20080409,14.8,14.9,14.8,14.8,85950
HAS,20080408,15.4,15.4,14.8,15.1,123890
HAS,20080407,15.1,15.1,15.1,15.1,1270
HAS,20080404,14.8,14.8,14.8,14.8,15220
HAS,20080403,14.7,14.7,14.7,14.7,100
HAS,20080402,14.5,14.5,14.5,14.5,1760
HAS,20080401,14.4,14.4,14.4,14.4,410
HAS,20080331,14.2,14.2,14.2,14.2,7360
HAS,20080328,14.1,14.1,14.1,14.1,2450
HAS,20080327,13.9,13.9,13.9,13.9,166570
HAS,20080326,13.1,14.4,13.1,13.8,39050
HAS,20080325,13.9,13.9,13.9,13.9,1830
HAS,20080324,14.7,14.7,14.7,14.7,21500
HAS,20080321,15.7,16.4,15.5,15.5,41090
HAS,20080320,16.4,17.2,16.4,16.4,34130
HAS,20080319,17.5,19.3,17.3,17.3,87950
HAS,20080318,18.8,18.8,18.8,18.8,12500
HAS,20080317,20.3,20.4,19.9,19.9,37190
HAS,20080314,21.8,21.8,21.1,21.1,17890
HAS,20080313,21.8,22.2,21.1,21.8,23070
HAS,20080312,21.1,22.2,21.1,21.8,36630
HAS,20080311,21.4,21.6,21.4,21.4,34140
HAS,20080310,24.2,24.2,22.6,22.6,109610
HAS,20080307,23,23,23,23,15520
HAS,20080306,21.8,21.8,21.8,21.8,13310
HAS,20080305,20.8,20.8,20.8,20.8,10340
HAS,20080304,21.9,21.9,21.9,21.9,8210
HAS,20080303,23.1,23.1,23.1,23.1,11110
HAS,20080229,24.9,24.9,24.4,24.4,23110
HAS,20080228,26.6,27.1,25.8,25.8,26640
HAS,20080227,26.6,29.1,26.6,26.6,12430
HAS,20080226,28.8,29.1,28.1,28.1,16030
HAS,20080225,29.1,29.6,29.1,29.6,43590
HAS,20080222,28.1,28.1,28.1,28.1,16150
HAS,20080221,29.7,29.7,29.7,29.7,9600
HAS,20080220,33,33,31.3,31.3,25340
HAS,20080219,32.3,33.7,32.3,33,13250
HAS,20080218,33.8,34,33.8,33.8,28080
HAS,20080215,34.5,36.3,34.5,35.7,15820
HAS,20080214,36.4,36.4,35.7,36.3,23790
HAS,20080213,35,36.4,34.9,36.4,78060
HAS,20080212,37.2,37.2,35.3,36.8,22280
HAS,20080201,36.4,37.2,36.1,37.2,58530
HAS,20080131,33.9,35.7,33,35.7,42140
HAS,20080130,33.7,33.9,32.6,33.9,126460
HAS,20080129,30.6,32.2,29.9,32.2,40380
HAS,20080128,31.1,31.1,30.3,30.6,15300
HAS,20080125,30.3,31.2,29.9,31.1,22240
HAS,20080124,32.9,33.7,31.2,31.2,28370
HAS,20080123,33.4,33.8,32.9,32.9,41780
HAS,20080122,34.9,35.3,34.7,34.7,26750
HAS,20080121,35.7,36.4,35.7,36.4,17160
HAS,20080118,36.4,36.4,34.9,36.4,16970
HAS,20080117,38,38,35.7,36.4,16380
HAS,20080116,35.8,37.2,35.8,37.2,68560
HAS,20080115,35.7,36.1,35.7,35.7,38400
HAS,20080114,36,37.6,36,37.6,49260
HAS,20080111,38,39.5,38,38,3730
HAS,20080110,35.8,39.5,35.7,39.5,12540
HAS,20080109,39.5,39.5,37.6,37.6,82620
HAS,20080108,40.3,41.1,39.5,39.5,41220
HAS,20080107,40.3,41.1,38.8,41.1,722490
HAS,20080104,39.5,40.3,39.5,40.3,13620
HAS,20080103,41.4,41.8,40.3,40.7,30780
HAS,20080102,42.6,42.6,41.8,41.8,8520
HAS,20071228,41.1,42.6,40.7,42.6,36150
HAS,20071227,42.6,42.6,41.4,41.4,34760
HAS,20071226,41.8,43,41.8,42.2,39170
HAS,20071225,44.9,44.9,43.4,43.4,14160
HAS,20071224,45.7,45.7,44.9,44.9,11650
HAS,20071221,44.9,48.4,44.9,45.7,35650
HAS,20071220,48,48,46.4,46.4,35630
HAS,20071219,46.4,49.5,46.4,48.8,53220
HAS,20071218,44.9,48.4,44.1,48.4,39300
HAS,20071217,48,48,44.1,46.4,50270
HAS,20071214,33.9,34.4,33.7,33.9,103746
HAS,20071213,34.4,34.8,33.9,33.9,72320
HAS,20071212,33.9,35.6,33.9,34.8,55333
HAS,20071211,35.6,35.6,35,35,47426
HAS,20071210,36.1,36.8,36.1,36.1,86000
HAS,20071207,36.8,36.8,36.4,36.4,76480
HAS,20071206,36.4,36.8,36.1,36.8,24733
HAS,20071205,36.1,36.8,36.1,36.1,9226
HAS,20071204,36.8,37.2,36.8,36.8,11720
HAS,20071203,36.8,37.2,36.4,37.2,35720
HAS,20071130,35.6,37.2,35.6,37.2,38826
HAS,20071129,35.6,36.1,35.4,36.1,13440
HAS,20071128,35,35.6,35,35.4,20973
HAS,20071127,35.6,36.1,35.2,35.4,19986
HAS,20071126,35.4,35.6,35.2,35.6,13266
HAS,20071123,34.8,34.8,34.4,34.8,21253
HAS,20071122,34.4,35.2,34.4,34.8,7680
HAS,20071121,34.4,34.4,33.7,34.4,11773
HAS,20071120,34.8,35,34.4,34.4,33600
HAS,20071119,35.6,35.6,34.5,35.2,6973
HAS,20071116,34.4,34.8,34.4,34.5,11893
HAS,20071115,34.4,34.8,34.1,34.8,29413
HAS,20071114,35.6,35.6,35.2,35.6,44440
HAS,20071113,35.2,35.2,33.9,33.9,26106
HAS,20071112,35.2,35.6,34.8,35.6,20413
HAS,20071109,36.1,36.4,36.1,36.1,31040
HAS,20071108,37.2,37.2,36.8,36.8,10733
HAS,20071107,36.4,36.8,36.4,36.8,11746
HAS,20071106,36.4,36.8,36.4,36.4,26893
HAS,20071105,37.2,37.2,36.4,37.2,35480
HAS,20071102,38,38,37.2,37.2,36240
HAS,20071101,37.2,38,37.2,38,57693
HAS,20071031,36.4,36.8,36.4,36.8,33506
HAS,20071030,36.4,37.2,36.4,36.4,37080
HAS,20071029,37.2,37.2,36.8,36.8,33453
HAS,20071026,38,38,37.2,37.2,29653
HAS,20071025,38.4,38.4,37.6,37.6,38506
HAS,20071024,37.2,38.4,37.2,38.4,38186
HAS,20071023,36.8,37.2,36.8,36.8,25106
HAS,20071022,36.8,38,36.8,36.8,49480
HAS,20071019,36.8,38,36.8,38,32146
HAS,20071018,38.4,38.4,36.8,36.8,123173
HAS,20071017,38.4,38.8,38.4,38.8,57066
HAS,20071016,38.4,38.8,38.4,38.4,65066
HAS,20071015,38,38.4,38,38,33026
HAS,20071012,38.4,38.4,37.2,38.4,32520
HAS,20071011,38.4,38.8,38.4,38.4,33346
HAS,20071010,39.5,39.5,38.4,38.8,46533
HAS,20071009,36.4,39.5,36.4,39.5,145693
HAS,20071008,38,38.8,38,38,71040
HAS,20071005,39.9,39.9,38.4,39.9,150146
HAS,20071004,38.4,38.4,38,38.4,164640
HAS,20071003,35.6,36.4,35.2,36.4,120333
HAS,20071002,35.2,35.2,34.1,34.8,94760
HAS,20071001,33.9,34.8,33.9,34.8,59880
HAS,20070928,32.6,33.7,32.4,33.4,90146
HAS,20070927,31.5,32.4,31.5,32.4,67893
HAS,20070926,32.6,32.6,31.8,32.1,47880
HAS,20070925,32.8,32.8,31.8,32.6,113413
HAS,20070924,31.8,31.8,31.3,31.3,32853
HAS,20070921,31.8,31.8,31.5,31.8,53320
HAS,20070920,32.4,32.6,32.1,32.1,40186
HAS,20070919,31.8,32.4,31.8,32.4,60680
HAS,20070918,32.6,32.6,31.5,31.5,57146
HAS,20070917,32.6,32.6,31.5,32.6,211013
HAS,20070914,31.5,31.5,31.5,31.5,41600
HAS,20070913,26.2,26.4,26.1,26.4,146657
HAS,20070912,26.1,26.4,26.1,26.2,65646
HAS,20070911,26.1,26.4,26.1,26.1,89334
HAS,20070910,26.8,26.8,26.6,26.6,108789
HAS,20070907,26.8,27.4,26.8,27.4,56828
HAS,20070906,26.6,27.4,26.6,27.4,121576
HAS,20070905,28,28,26.8,26.8,196236
HAS,20070904,26.8,26.8,26.8,26.8,47638
HAS,20070831,26.2,26.2,25.9,26.1,67410
HAS,20070830,25.9,25.9,25.2,25.9,87270
HAS,20070829,24.9,25.1,24.8,25.1,105966
HAS,20070828,24.6,24.7,24.4,24.7,68452
HAS,20070827,24.3,24.4,24.3,24.3,34481
HAS,20070824,24.3,24.3,24.1,24.3,34922
HAS,20070823,24.1,24.1,24.1,24.1,13369
HAS,20070822,24.1,24.2,24.1,24.2,16597
HAS,20070821,24.4,24.4,24.1,24.2,12169
HAS,20070820,24.1,24.1,24,24.1,61344
HAS,20070817,24,24.1,23.8,23.8,18237
HAS,20070816,24.1,24.2,24.1,24.1,28837
HAS,20070815,24.1,24.3,24.1,24.3,6085
HAS,20070814,24.1,24.6,24.1,24.4,14780
HAS,20070813,24.2,24.3,24.1,24.1,32012
HAS,20070810,24.7,24.7,24.3,24.4,13474
HAS,20070809,24.3,24.7,24.3,24.7,29966
HAS,20070808,24.3,24.4,24.2,24.3,13898
HAS,20070807,24.1,24.4,24.1,24.2,26068
HAS,20070806,24.4,24.4,24,24,41872
HAS,20070803,24.4,24.7,23.9,23.9,32012
HAS,20070802,24.7,25.1,24.4,24.4,26226
HAS,20070801,24.1,25.1,24.1,25.1,64077
HAS,20070731,24.4,24.7,24.2,24.3,70956
HAS,20070730,25.1,25.6,25.1,25.1,11376
HAS,20070727,25.8,25.8,25.6,25.6,16756
HAS,20070726,26.2,26.2,25.8,25.8,16790
HAS,20070725,26.3,26.3,26.2,26.2,10546
HAS,20070724,26.5,26.5,26.3,26.3,17197
HAS,20070723,27.4,27.4,26.3,26.3,64430
HAS,20070720,25.8,26.6,25.8,26.6,52330
HAS,20070719,25.8,25.8,25.8,25.8,12240
HAS,20070718,26.1,26.1,25.8,25.8,11041
HAS,20070717,25.8,26.1,25.8,26.1,15133
HAS,20070716,25.8,25.8,25.8,25.8,62578
HAS,20070713,26.3,26.4,26.3,26.4,18325
HAS,20070712,26.6,26.6,26.2,26.2,52542
HAS,20070711,26.6,26.8,26.6,26.8,38626
HAS,20070710,26.1,26.4,26.1,26.4,28237
HAS,20070709,26.1,26.1,25.8,25.8,21148
HAS,20070706,25.6,25.9,25.6,25.9,19101
HAS,20070705,26.3,26.3,25.6,25.6,25698
HAS,20070704,26.1,26.3,26.1,26.3,60021
HAS,20070703,25.4,25.4,25.4,25.4,100922
HAS,20070702,27.1,27.1,26.2,26.2,44517
HAS,20070629,26.8,27.1,26.8,27.1,22241
HAS,20070628,26.8,26.8,26.8,26.8,27514
HAS,20070627,27.4,27.4,26.8,26.8,42541
HAS,20070626,27.7,27.7,27.4,27.4,24164
HAS,20070625,27.1,27.7,27.1,27.7,30054
HAS,20070622,27.4,27.7,27.4,27.7,20653
HAS,20070621,28,28,27.4,27.4,41889
HAS,20070620,28.6,28.6,27.7,28,56069
HAS,20070619,28,28.6,28,28.6,150201
HAS,20070618,27.4,27.7,27.4,27.7,60868
HAS,20070615,27.7,27.7,27.4,27.4,78152
HAS,20070614,27.4,27.4,27.4,27.4,61256
HAS,20070613,27.4,27.4,27.4,27.4,62525
HAS,20070612,27.1,27.4,27.1,27.4,86389
HAS,20070611,26.8,26.8,26.8,26.8,63389
HAS,20070608,26.8,27.4,26.8,26.8,88752
HAS,20070607,28,28,27.4,27.4,81362
HAS,20070606,26.4,27.4,26.4,27.4,108877
HAS,20070605,26.8,26.8,26.6,26.6,93990
HAS,20070604,27.7,27.7,27.4,27.4,85789
HAS,20070601,28.6,28.6,27.7,27.7,82649
HAS,20070531,27.7,28.6,27.7,28.6,142882
HAS,20070530,27.4,27.4,27.1,27.4,97941
HAS,20070529,28.6,28.6,27.7,27.7,107589
HAS,20070528,28.6,28.6,28.6,28.6,179004
HAS,20070525,26.1,27.4,26.1,27.4,150272
HAS,20070524,26.6,26.6,26.6,26.6,131082
HAS,20070523,27.4,27.4,27.4,27.4,61820
HAS,20070522,26.6,26.6,26.6,26.6,33193
HAS,20070521,25.8,25.8,25.8,25.8,41130
HAS,20070518,24.9,24.9,24.7,24.9,97148
HAS,20070517,23.8,24.1,23.8,24.1,45081
HAS,20070516,24.3,24.3,23.9,23.9,42048
HAS,20070515,24.8,24.8,24.3,24.3,109494
HAS,20070514,23.9,24,23.9,24,55293
HAS,20070511,23.1,23.3,23.1,23.3,50232
HAS,20070510,23.1,23.1,23,23.1,21836
HAS,20070509,23.5,23.5,23.1,23.1,74836
HAS,20070508,22.6,22.8,22.6,22.8,75453
HAS,20070507,21.8,22.1,21.8,22.1,59862
HAS,20070504,21.7,21.7,21.5,21.5,36086
HAS,20070503,21.8,21.8,21.7,21.7,18854
HAS,20070502,21.4,21.8,21.4,21.8,28978
HAS,20070425,21.4,22,21.4,22,50408
HAS,20070424,20.5,21.8,20.5,21.8,66264
HAS,20070423,21.4,21.4,21.2,21.2,45134
HAS,20070420,21.9,22,21.9,21.9,48556
HAS,20070419,22.6,22.6,22.6,22.6,34710
HAS,20070418,21.2,21.9,21.2,21.9,12964
HAS,20070417,21.1,21.2,21.1,21.2,95066
HAS,20070416,22.4,22.4,21.8,21.8,42912
HAS,20070413,22.6,22.6,22.4,22.4,37709
HAS,20070412,23.5,23.5,23.1,23.1,21924
HAS,20070411,23.8,23.8,23.8,23.8,19454
HAS,20070410,23.8,23.8,23.8,23.8,14709
HAS,20070409,23.8,23.8,23.8,23.8,24304
HAS,20070406,23.9,23.9,23.8,23.8,36545
HAS,20070405,24.3,24.3,24.3,24.3,69350
HAS,20070404,23.6,23.9,23.6,23.8,87853
HAS,20070403,23.8,23.8,23.8,23.8,43512
HAS,20070402,24.6,24.6,24.6,24.6,41625
HAS,20070330,25.9,25.9,25.4,25.4,135404
HAS,20070329,25.1,25.1,25.1,25.1,79581
HAS,20070328,22.8,24.3,22.8,24.3,83602
HAS,20070327,23.5,23.5,23.5,23.5,80638
HAS,20070326,24.3,24.3,24.3,24.3,54729
HAS,20070323,25.1,25.1,25.1,25.1,100534
HAS,20070322,26.4,26.4,26.1,26.1,57464
HAS,20070321,26.6,26.6,26.6,26.6,67393
HAS,20070320,28.6,28.6,27.4,27.4,39544
HAS,20070319,29.1,29.1,28.6,28.6,71590
HAS,20070316,26.2,28,26.2,28,63072
HAS,20070315,27.1,27.1,27.1,27.1,46228
HAS,20070314,29.8,29.8,28,28,90340
HAS,20070314,29.8,29.8,28,28,90340
HAS,20070313,30,30,29.1,29.1,73284
HAS,20070312,30,30,30,30,119494
HAS,20070309,30,30.3,29.1,29.1,127308
HAS,20070308,30,30,30,30,139390
HAS,20070307,29.1,29.1,29.1,29.1,41994
HAS,20070306,28,28,28,28,39702
HAS,20070305,26.8,27.1,26.8,27.1,29825
HAS,20070302,26.4,26.4,26.4,26.4,112210
HAS,20070301,25.5,25.5,25.5,25.5,136902
