<Ticker>,<DTYYYYMMDD>,<Open>,<High>,<Low>,<Close>,<Volume>
HJS,20100729,30.3,31.7,30.3,31.6,49400
HJS,20100728,32,32,30,30.5,50600
HJS,20100727,32,32.8,31.1,31.7,65500
HJS,20100726,32,33.5,31.5,32.4,137700
HJS,20100723,33,33,31.7,32.2,92800
HJS,20100722,32.5,33.5,30.8,32.4,140400
HJS,20100721,34.6,34.6,32.4,32.8,137000
HJS,20100720,35,35,33.6,34.8,269800
HJS,20100719,31.5,32.8,31.5,32.8,87500
HJS,20100716,30.1,32,29.1,30.7,217800
HJS,20100715,31.8,31.9,30.1,30.6,121000
HJS,20100714,31.8,32.2,31.4,32.1,239100
HJS,20100713,29.9,30.1,29,30.1,177600
HJS,20100712,26.9,28.3,26.9,28.2,254200
HJS,20100709,26.9,27,26.4,26.5,72300
HJS,20100708,27,27,26.5,26.7,68400
HJS,20100707,28,28,26.4,26.9,46600
HJS,20100706,29.6,29.6,26.8,27.5,130400
HJS,20100705,27.5,27.9,27.2,27.8,269900
HJS,20100702,26.9,26.9,25.7,26.1,58600
HJS,20100701,25.5,25.9,24.6,25.6,36000
HJS,20100630,25,26.4,24.8,25.5,51500
HJS,20100629,26.6,27.4,26.4,26.6,133800
HJS,20100628,26.5,27.7,26.5,27,77100
HJS,20100625,25.8,26.5,25.6,25.9,99000
HJS,20100624,27.7,28,26.5,27,40700
HJS,20100623,27.5,27.8,27,27.2,30600
HJS,20100622,28,28.9,27.4,28.1,194300
HJS,20100621,26.6,27.8,26.6,27.4,243300
HJS,20100618,26.5,26.6,25.7,26,65100
HJS,20100617,26.6,27,26.3,26.6,63300
HJS,20100616,27.5,28.2,26.6,27,101900
HJS,20100615,28.5,28.5,25.8,26.5,62500
HJS,20100614,26,26.9,26,26.9,229500
HJS,20100611,26,26,24.6,25.2,114600
HJS,20100610,24.1,24.9,24,24.4,55100
HJS,20100609,25.2,25.2,23.7,24.1,51900
HJS,20100608,24,25.2,23.7,24.4,114100
HJS,20100607,25.5,25.7,25.4,25.4,62600
HJS,20100604,28.7,28.7,26.6,27.3,91500
HJS,20100603,26,26.9,26,26.9,112900
HJS,20100602,25.3,25.5,24.1,25.2,92800
HJS,20100601,25.1,25.9,25,25.1,170800
HJS,20100531,28,28.4,25.1,26.8,60000
HJS,20100528,26.9,26.9,26.8,26.9,169200
HJS,20100527,25.3,25.3,24.9,25.2,205700
HJS,20100526,23,23.7,23,23.7,124800
HJS,20100525,23.8,23.8,22,22.2,218500
HJS,20100524,23.6,23.6,23.6,23.6,55500
HJS,20100521,25.3,25.3,25.3,25.3,2600
HJS,20100520,27.1,28,27.1,27.1,61400
HJS,20100519,29.1,29.1,29.1,29.1,69500
HJS,20100518,31.2,31.2,31.2,31.2,200
HJS,20100517,33.5,33.8,31.5,33.5,185100
HJS,20100514,33.8,34.5,32.5,33.8,128500
HJS,20100513,32,34.4,31,33.8,247500
HJS,20100512,32,34.1,29.9,32.2,388100
HJS,20100511,33.9,34.5,30.8,32.1,563000
HJS,20100510,33.1,33.1,33.1,33.1,73900
HJS,20100507,36.9,36.9,35.4,35.5,146600
HJS,20100506,39.5,40,35.2,38,350600
HJS,20100505,37.8,37.8,36.1,37.8,507000
HJS,20100504,35.4,35.4,35.4,35.4,18400
HJS,20100429,33,33.2,31.1,33.1,258700
HJS,20100428,29.4,31.4,28.7,31.1,202900
HJS,20100427,30.1,30.1,28.7,29.4,220600
HJS,20100426,26.5,28.3,26.5,28.2,289400
HJS,20100422,26.9,26.9,23.5,26.5,953800
HJS,20100421,25.2,25.2,25.2,25.2,94900
HJS,20100420,23.6,23.6,23.6,23.6,81700
HJS,20100419,22.1,22.1,22.1,22.1,87000
HJS,20100416,20,20.7,20,20.7,184000
HJS,20100415,19,19.7,18.5,19.4,252200
HJS,20100414,18.8,20,18.2,18.5,58200
HJS,20100413,19.7,20.3,18.8,19.5,169600
HJS,20100412,19,19,18.7,19,489900
HJS,20100409,17.2,17.9,17.2,17.8,72700
HJS,20100408,16.9,17,16.5,16.8,49200
HJS,20100407,16.6,17,16.6,16.8,71900
HJS,20100406,17,17,16.6,16.7,55800
HJS,20100405,16.4,16.9,16.1,16.6,84100
HJS,20100402,15.8,16,15.6,15.9,20100
HJS,20100401,16,16.3,15.5,15.7,17300
HJS,20100331,16.2,16.3,15.4,16,59100
HJS,20100330,15.7,15.7,15.2,15.3,21500
HJS,20100329,15.9,15.9,15.3,15.4,30200
HJS,20100326,15.5,15.6,15.3,15.5,20900
HJS,20100325,16.3,16.3,15.4,15.8,25500
HJS,20100324,16.2,16.5,16.1,16.3,34000
HJS,20100323,15.8,16.5,15.5,16.1,59400
HJS,20100322,15.6,15.6,15.4,15.5,4200
HJS,20100319,15.6,15.6,15.5,15.5,3100
HJS,20100318,15.5,15.7,15.4,15.5,26500
HJS,20100317,15.7,15.7,15.2,15.5,19200
HJS,20100316,15.7,16.2,15.5,15.8,41400
HJS,20100315,15.7,15.9,15.6,15.7,3700
HJS,20100312,15.5,15.8,15.3,15.6,15900
HJS,20100311,15.5,15.6,15.4,15.5,15200
HJS,20100310,15.6,15.6,15.3,15.5,20400
HJS,20100309,15.5,15.9,15.4,15.5,14000
HJS,20100308,15.7,15.7,15.1,15.5,24600
HJS,20100305,15.6,15.7,15.6,15.6,17500
HJS,20100304,15,16,15,15.6,7300
HJS,20100303,15.6,16.2,15.6,16,6000
HJS,20100302,15.6,15.8,15.5,15.6,12900
HJS,20100301,16.5,16.9,16.4,16.6,11200
HJS,20100226,15.5,16.5,15.5,16.3,41700
HJS,20100225,15.4,15.5,15.4,15.5,2300
HJS,20100224,15.4,15.6,15.4,15.5,3300
HJS,20100223,15.5,15.5,15.2,15.4,6300
HJS,20100222,15.5,15.5,15.1,15.5,6200
HJS,20100212,15.3,15.5,15.1,15.3,6700
HJS,20100211,15,15.3,15,15.2,3100
HJS,20100210,15.2,15.2,15,15.1,5200
HJS,20100209,14.8,14.9,14.7,14.7,6700
HJS,20100208,14.9,15,14.7,14.9,5100
HJS,20100205,15,15.2,14.4,14.9,10000
HJS,20100204,15.6,15.6,15.3,15.4,7100
HJS,20100203,15.5,15.5,15.5,15.5,1300
HJS,20100202,16.4,16.4,15.1,15.3,4100
HJS,20100201,15.9,15.9,15.8,15.9,75000
HJS,20100129,15,15.7,14.8,15.3,1200
HJS,20100128,15.1,16,15,15.1,8100
HJS,20100127,15.1,15.2,15.1,15.1,12800
HJS,20100126,16.4,16.4,16,16.1,11600
HJS,20100125,16,16,16,16,3700
HJS,20100122,15.5,15.5,15,15.1,6900
HJS,20100121,15,15,14.7,14.7,33100
HJS,20100120,16,16,15.2,15.7,1500
HJS,20100119,16.9,16.9,16,16.1,5400
HJS,20100118,17.2,17.2,16,16.1,25600
HJS,20100115,18,18,16.4,17.2,7900
HJS,20100114,17,17,16.5,16.9,40500
HJS,20100113,16.3,16.8,15.3,15.9,30500
HJS,20100112,16.8,17,15.9,16.4,53000
HJS,20100111,17.5,17.5,16.6,17,16800
HJS,20100108,17.9,18,16.8,17.5,23900
HJS,20100107,19,19,17.2,17.7,13100
HJS,20100106,19.4,19.4,18.1,18.2,37000
HJS,20100105,19.4,19.5,18.7,19.4,85500
HJS,20100104,18.1,18.4,18,18.3,81000
HJS,20091231,17,17.7,16.4,17.2,29100
HJS,20091230,16.4,16.6,16.3,16.6,57400
HJS,20091229,15.7,16.1,15.3,15.6,56400
HJS,20091228,16.4,16.4,14.8,15.4,31600
HJS,20091225,15.5,15.6,15,15.5,39000
HJS,20091224,14.3,15,14.3,14.6,24900
HJS,20091223,14.6,14.6,14,14.3,13900
HJS,20091222,15.1,15.1,14.4,14.6,47900
HJS,20091221,15,15.3,14.6,15.1,62300
HJS,20091218,14,14.3,14,14.3,36700
HJS,20091217,13.2,13.6,13,13.3,32200
HJS,20091216,13.6,13.6,13.2,13.4,12900
HJS,20091215,13.6,13.7,13.5,13.6,18600
HJS,20091214,12.6,13.9,12.3,13.4,32800
HJS,20091211,14,14,13,13.2,56600
HJS,20091210,14.7,14.7,13.8,13.9,39200
HJS,20091209,14,14.2,13.8,13.9,13900
HJS,20091208,15.5,15.5,14.1,14.3,16300
HJS,20091207,16,16,14.9,15,3400
HJS,20091204,16,16,15.4,15.7,9900
HJS,20091203,15,15.1,15,15,18100
HJS,20091202,17,17,15.2,15.5,21600
HJS,20091201,15.9,16.1,15.9,16.1,21900
HJS,20091130,14.4,15.3,14.4,15.1,27500
HJS,20091127,13.6,15.5,13.5,14.3,51800
HJS,20091126,15,15.4,14.4,14.5,39100
HJS,20091125,17,17,15.2,15.4,73000
HJS,20091124,16.5,17.4,16,16.3,37200
HJS,20091123,18.5,18.5,17,17.2,15000
HJS,20091120,18.5,18.5,17.3,17.8,23400
HJS,20091119,18.2,18.2,17.3,17.5,26500
HJS,20091118,17.2,17.4,17.1,17.2,22000
HJS,20091117,18.8,18.8,17.2,17.5,26600
HJS,20091116,18,18,17.1,17.7,34100
HJS,20091113,17.5,18.1,17.3,17.6,105500
HJS,20091112,18.9,18.9,18,18.1,46300
HJS,20091111,18.7,18.7,17.3,17.7,21900
HJS,20091110,18.5,18.5,17.2,17.5,20700
HJS,20091109,19.2,19.2,17.7,17.9,46100
HJS,20091106,18.8,19.6,18.4,19,117100
HJS,20091105,18.7,18.8,17.6,18.4,27900
HJS,20091104,18.9,18.9,18,18.2,20600
HJS,20091103,19.8,19.8,17.4,18.2,24400
HJS,20091102,18.7,19,18.7,18.7,76400
HJS,20091030,20,20.5,19.7,20.1,102600
HJS,20091029,21,21,19,19.2,86000
HJS,20091028,20.8,21,20,20.4,80300
HJS,20091027,21.2,21.2,20,20.1,77500
HJS,20091026,23,23.3,21.2,21.5,39600
HJS,20091023,21.5,23.4,21.2,22.7,158600
HJS,20091022,22,23,21.7,21.9,123400
HJS,20091021,25,25,23.2,23.3,114500
HJS,20091020,26.6,26.7,23.3,24.9,143700
HJS,20091019,25.2,25.2,24,25,105600
HJS,20091016,23.6,23.6,23,23.6,521100
HJS,20091015,22.1,22.1,22.1,22.1,60100
HJS,20091014,20.7,20.7,20.7,20.7,13300
HJS,20091013,19.4,19.4,19.4,19.4,5600
HJS,20091012,18,18.9,18,18.2,772100
HJS,20091009,18,18,17.3,17.7,36300
HJS,20091008,17.9,17.9,17.4,17.7,6900
HJS,20091007,17.7,18,17,17.7,25900
HJS,20091006,16.8,17.4,16.8,17.2,7900
HJS,20091005,16.5,16.5,16.5,16.5,1000
HJS,20091002,16.8,16.8,16.5,16.6,7300
HJS,20091001,17.1,17.2,16.6,16.9,11800
HJS,20090930,17,17.1,16.9,17,3500
HJS,20090929,17,17.5,17,17.1,12200
HJS,20090928,17.2,17.2,17,17.2,7500
HJS,20090925,17.1,17.3,17.1,17.2,5900
HJS,20090924,17.4,17.4,17,17.3,2000
HJS,20090923,17.3,17.6,17.3,17.4,21200
HJS,20090922,17.3,17.6,17.3,17.5,14000
HJS,20090921,17.4,17.7,17.4,17.4,7700
HJS,20090918,17.2,17.5,17.2,17.4,4100
HJS,20090917,17.2,17.5,17.2,17.4,20300
HJS,20090916,17.5,17.7,17.4,17.5,24300
HJS,20090915,18.5,18.5,17.4,17.5,8000
HJS,20090914,17.5,17.5,17.3,17.4,12500
HJS,20090911,17.2,17.4,17,17.1,24000
HJS,20090910,17,17.2,16.8,17,40200
HJS,20090909,17.4,17.5,17.1,17.3,9600
HJS,20090908,17.3,17.3,17.1,17.3,5800
HJS,20090907,17,17.2,17,17.1,4000
HJS,20090904,17.1,17.4,17.1,17.3,36600
HJS,20090903,17.3,17.4,17,17.2,9200
HJS,20090901,17,17.4,17,17.2,1400
HJS,20090831,18,18,17.5,17.8,6900
HJS,20090828,17.5,17.6,17.4,17.5,9400
HJS,20090827,17,17.5,17,17.2,7900
HJS,20090826,17.5,17.5,16.9,17,9700
HJS,20090825,17.5,17.8,16.8,17.3,17600
HJS,20090824,17.6,17.6,17.4,17.5,7500
HJS,20090821,17.7,17.8,17,17.6,8500
HJS,20090820,18,18,17,17.7,5700
HJS,20090819,17.9,18,17.6,17.9,34100
HJS,20090818,18.1,18.1,17.4,17.8,17500
HJS,20090817,17.4,17.5,17.4,17.5,36400
HJS,20090814,15.9,16.8,15.9,16.3,4200
HJS,20090813,16.4,16.8,16.4,16.7,2000
HJS,20090812,16.9,17,16.8,16.9,68600
HJS,20090811,16.7,17,16.6,16.9,80200
HJS,20090810,16.4,16.9,16.4,16.8,12400
HJS,20090807,16.1,16.1,16,16,50000
HJS,20090806,16.1,16.4,16.1,16.4,2800
HJS,20090805,16.1,16.4,16.1,16.2,5300
HJS,20090804,16.1,16.1,16.1,16.1,1500
HJS,20090803,16.1,16.1,15.9,15.9,14600
HJS,20090731,16.7,16.9,16.4,16.4,13000
HJS,20090730,15.1,16.4,15.1,15.8,6800
HJS,20090729,16.4,16.4,16.3,16.3,1400
HJS,20090728,16.9,17,16.8,16.9,34500
HJS,20090727,17.1,17.5,16.9,17.4,17400
HJS,20090724,17.5,17.6,17.1,17.4,60600
HJS,20090723,16.4,17,16.3,16.9,21200
HJS,20090722,16.8,16.9,16.4,16.7,5500
HJS,20090721,16.8,16.8,16.8,16.8,100
HJS,20090720,16.4,16.4,16.4,16.4,1000
HJS,20090716,17.4,17.4,16.5,16.6,3400
HJS,20090715,17.2,17.2,17.1,17.1,1500
HJS,20090714,16.9,17.1,16.9,17.1,800
HJS,20090713,16.9,17.4,16.9,16.9,2600
HJS,20090710,17.3,17.3,17.3,17.3,200
HJS,20090709,16.9,17,15.9,16.4,10500
HJS,20090708,16.9,16.9,16.9,16.9,5100
HJS,20090707,17.2,17.2,17.2,17.2,600
HJS,20090706,17,17.5,16.8,17.2,7400
HJS,20090703,16.9,16.9,16.7,16.8,9900
HJS,20090702,16.8,16.9,16.8,16.8,8500
HJS,20090701,15.8,16.9,15.8,16.7,23000
HJS,20090630,17.1,17.3,16.9,17,21900
HJS,20090629,17.9,17.9,17.2,17.3,1800
HJS,20090626,16.6,16.9,16.5,16.8,10000
HJS,20090625,16.9,16.9,16.3,16.4,7900
HJS,20090624,14.5,16.7,14.5,15.8,8000
HJS,20090623,15.6,15.9,15.5,15.6,24300
HJS,20090622,19.1,19.1,16.5,16.7,17200
HJS,20090619,18.2,18.2,17.4,17.8,39400
HJS,20090618,17.4,17.4,16.9,17.4,15100
HJS,20090617,16,16.9,15.9,16.2,6400
HJS,20090616,17.8,17.8,16.6,16.7,79200
HJS,20090615,18.9,18.9,17.4,17.9,63700
HJS,20090612,17.9,18.2,16.9,18,92400
HJS,20090611,17.9,18,17.4,17.9,35500
HJS,20090610,18.6,18.6,17.4,17.4,22800
HJS,20090609,19.3,19.3,17.9,18.7,27600
HJS,20090608,18.2,18.2,17.9,18.2,51700
HJS,20090605,16.4,17.1,16.4,17,88600
HJS,20090604,15.5,16.3,15.5,16,28600
HJS,20090603,15.9,15.9,15.6,15.8,2100
HJS,20090602,16.9,16.9,16,16.3,17100
HJS,20090601,15.6,16.6,15.6,16.2,19000
HJS,20090529,15.8,15.8,15.1,15.6,3400
HJS,20090528,15.7,15.9,15.1,15.5,8800
HJS,20090527,16.1,16.1,15.5,15.9,15300
HJS,20090526,16.2,16.4,15.9,16,23800
HJS,20090525,16.4,16.4,16.2,16.4,27200
HJS,20090522,16,16,15.4,15.8,16100
HJS,20090521,15.9,16.8,15.9,16.3,38100
HJS,20090520,16.3,16.3,15.4,15.9,34600
HJS,20090519,15.9,16.1,15.1,15.8,15900
HJS,20090518,15.9,16.1,14.7,15.6,2800
HJS,20090515,14.8,15.3,14.7,15.2,41600
HJS,20090514,14.9,14.9,14.1,14.3,3600
HJS,20090513,15.1,15.1,14.4,15,27600
HJS,20090512,13.2,14.2,13.2,14.1,35900
HJS,20090511,12.9,13.5,12.9,13.2,24300
HJS,20090508,13,13,12.9,12.9,9300
HJS,20090507,12.9,12.9,12.8,12.9,3100
HJS,20090506,12.9,12.9,12.8,12.8,4100
HJS,20090505,13.9,14,13.2,13.8,26500
HJS,20090504,13.1,13.1,13.1,13.1,600
HJS,20090429,12.1,12.3,12.1,12.2,4000
HJS,20090428,13.1,13.1,12,12.1,1100
HJS,20090427,12.5,12.7,12.5,12.6,1900
HJS,20090424,12.7,12.9,12.3,12.7,3400
HJS,20090423,11.9,12.8,11.9,12.4,5500
HJS,20090422,11.6,12.2,11.6,12,1500
HJS,20090421,10.9,12.3,10.8,11.4,2000
HJS,20090420,11.6,11.7,11.5,11.6,8400
HJS,20090417,12.9,12.9,12.2,12.4,9300
HJS,20090416,13.3,13.3,12.9,13.2,4700
HJS,20090415,13.5,13.9,12.9,13.4,29400
HJS,20090414,14.3,14.3,13.5,13.9,19600
HJS,20090413,13.6,13.6,13.1,13.5,29300
HJS,20090410,12.7,12.7,12.7,12.7,32700
HJS,20090409,11.6,11.9,11.6,11.8,2100
HJS,20090408,12.6,12.6,12.5,12.5,2700
HJS,20090407,12.7,13.6,12.7,13.4,54800
HJS,20090403,12.3,12.8,12.3,12.7,57100
HJS,20090402,12,12,11.8,11.9,9500
HJS,20090401,11.3,11.7,11.3,11.5,11400
HJS,20090331,11.3,11.3,11,11.1,3000
HJS,20090330,11.2,11.2,11.2,11.2,1000
HJS,20090327,11.5,11.5,11.1,11.4,1400
HJS,20090326,11.4,11.4,11.4,11.4,200
HJS,20090325,10.9,11.6,10.9,11.4,7000
HJS,20090324,11.7,11.7,11.6,11.6,2300
HJS,20090323,11.4,11.5,11.2,11.4,4300
HJS,20090320,11.4,11.4,11.4,11.4,1500
HJS,20090319,11.4,11.6,11.3,11.5,2600
HJS,20090318,11.1,11.8,11.1,11.6,17800
HJS,20090317,10.9,11,10.9,11,2500
HJS,20090316,10.7,10.7,10.7,10.7,1000
HJS,20090313,10.8,10.9,10.8,10.8,2000
HJS,20090312,10.9,10.9,10.7,10.8,6200
HJS,20090311,11,11,10.9,10.9,2700
HJS,20090310,10.7,11,10.6,10.8,14200
HJS,20090309,10.6,10.6,10.6,10.6,4100
HJS,20090306,10.4,10.6,10.4,10.6,10100
HJS,20090305,10.6,10.6,10.6,10.6,2000
HJS,20090304,10.6,10.6,10.6,10.6,4200
HJS,20090303,10.6,10.6,10.6,10.6,800
HJS,20090302,10.4,10.4,10.4,10.4,2300
HJS,20090226,10.4,10.4,10.4,10.4,1000
HJS,20090225,10.4,10.4,10.4,10.4,300
HJS,20090224,9.7,10.3,9.7,9.9,2100
HJS,20090223,10.4,10.5,10.4,10.4,1000
HJS,20090220,10.6,10.6,10.6,10.6,2000
HJS,20090219,10.6,10.6,10.6,10.6,300
HJS,20090218,11.4,11.4,10.6,11.1,4300
HJS,20090217,11.2,11.2,10.9,11,2700
HJS,20090216,11.2,11.4,11.2,11.3,1500
HJS,20090213,10.7,10.7,10.7,10.7,600
HJS,20090212,10.7,11,10.6,10.8,1900
HJS,20090211,10.2,10.4,10.2,10.3,2200
HJS,20090210,10.9,11.2,10.5,10.9,5800
HJS,20090209,10.8,10.8,10.8,10.8,500
HJS,20090206,10.5,10.6,10.5,10.5,1500
HJS,20090205,10.4,10.4,10.4,10.4,300
HJS,20090204,10.1,10.1,9.9,9.9,1700
HJS,20090203,9.9,10,9.9,10,600
HJS,20090122,9.9,9.9,9.9,9.9,1800
HJS,20090121,10.2,10.2,10.2,10.2,200
HJS,20090119,11.1,11.1,10.9,10.9,1500
HJS,20090116,11,11.4,11,11.3,17400
HJS,20090115,10.4,10.7,10.4,10.6,5900
HJS,20090114,10.6,10.6,10.1,10.4,1800
HJS,20090113,10.2,10.2,9.8,10,1900
HJS,20090112,9.7,9.8,9.7,9.8,1400
HJS,20090109,9.6,9.6,9.6,9.6,1300
HJS,20090108,9.6,9.6,9.6,9.6,500
HJS,20090106,10.3,10.3,10.3,10.3,1900
HJS,20090105,10,10.2,10,10.2,1300
HJS,20090102,9.5,9.5,9.5,9.5,1500
HJS,20081231,10.3,10.3,9.8,10.2,400
HJS,20081230,9.9,10.3,9.9,10.3,3000
HJS,20081229,10.3,10.3,10.2,10.3,9600
HJS,20081226,9.1,9.7,9.1,9.6,1100
HJS,20081225,9,9,9,9,200
HJS,20081223,9.7,9.7,9.7,9.7,1000
HJS,20081222,9.9,10.1,9.9,10.1,5600
HJS,20081219,9.6,9.9,9.6,9.7,800
HJS,20081218,9.7,9.7,9.6,9.6,2400
HJS,20081217,9.8,9.8,9.8,9.8,3000
HJS,20081216,10.4,10.4,9.7,9.8,1900
HJS,20081215,9.6,9.9,9.6,9.8,1900
HJS,20081212,9.3,9.4,9.3,9.3,4600
HJS,20081211,9.4,9.4,9.2,9.3,6400
HJS,20081210,9.4,9.4,9.4,9.4,1500
HJS,20081209,9.6,9.6,9.4,9.4,5300
HJS,20081208,9.5,9.8,9.3,9.5,5400
HJS,20081205,9.9,9.9,9.7,9.8,1600
HJS,20081204,9.6,10.1,9.5,9.7,800
HJS,20081203,9.4,9.4,9.4,9.4,600
HJS,20081202,9.9,9.9,9.9,9.9,3000
HJS,20081201,10.4,10.4,10.4,10.4,1100
HJS,20081128,9.7,10.7,9.7,10.5,1200
HJS,20081127,10.5,10.5,9.7,10.1,1000
HJS,20081126,10.6,10.6,10.2,10.5,3000
HJS,20081125,10.1,10.3,10.1,10.3,500
HJS,20081124,9.9,10,9.9,9.9,1400
HJS,20081124,9.9,10,9.9,9.9,1400
HJS,20081121,9.8,9.9,9.6,9.7,7000
HJS,20081120,10.2,10.2,9.7,10,10300
HJS,20081119,10.5,10.5,10.2,10.3,4300
HJS,20081118,10.3,11.3,10.3,10.8,200
HJS,20081117,10.5,11.2,10.5,10.9,200
HJS,20081114,11.4,11.4,10.9,11.3,14900
HJS,20081113,11.2,11.2,10.6,10.6,4800
HJS,20081112,11.1,11.1,9.6,10.6,6700
HJS,20081111,10.1,11.1,10.1,10.4,2300
HJS,20081110,11.3,11.3,10.5,10.7,1800
HJS,20081107,11.9,11.9,10.4,10.5,22300
HJS,20081106,11,11.9,11,11.1,3600
HJS,20081105,12,12,11.3,11.9,8000
HJS,20081104,11.1,12.1,11.1,11.3,6700
HJS,20081103,11.8,11.8,11.1,11.4,3000
HJS,20081031,11.1,12,11.1,11.8,6400
HJS,20081030,11.1,11.3,11.1,11.2,8700
HJS,20081029,10.5,10.5,10.5,10.5,4000
HJS,20081028,9.5,10.1,9.5,9.8,15000
HJS,20081027,10.5,10.5,10,10.1,19300
HJS,20081024,10.9,11.4,10.5,10.8,12600
HJS,20081023,10.7,11.3,10.7,11,11900
HJS,20081022,11.4,11.7,11.4,11.5,3200
HJS,20081021,12.3,12.4,11.9,12.2,20300
HJS,20081020,11.3,11.9,11.2,11.6,4900
HJS,20081017,12.1,12.1,11.6,11.9,8200
HJS,20081016,12.1,12.2,11.7,12,10600
HJS,20081015,13.7,13.7,11.9,12.4,14900
HJS,20081014,12.7,12.8,12.7,12.8,2700
HJS,20081013,12.6,12.6,11.5,11.9,900
HJS,20081010,13,13,11.6,12,9100
HJS,20081009,11.9,12.7,11.9,12.4,17800
HJS,20081008,12.3,12.3,11.3,12,12900
HJS,20081007,12.4,12.4,12.2,12.2,25100
HJS,20081006,14.3,14.3,12.3,13.1,34900
HJS,20081003,13.3,13.3,12.8,13.3,47200
HJS,20081002,12.4,12.4,12.4,12.4,35300
HJS,20081001,10.3,11.9,10.3,11.6,23900
HJS,20080930,11.2,11.2,11.1,11.1,5500
HJS,20080929,12.9,12.9,11.9,12,15700
HJS,20080926,12.9,12.9,12.1,12.6,2700
HJS,20080925,11.7,12.8,11.6,12,3300
HJS,20080924,12,12.9,11.9,12.5,2600
HJS,20080923,12.7,13.7,12.7,12.7,73400
HJS,20080922,13.7,13.7,13.7,13.7,7300
HJS,20080919,11.4,13.2,11.4,12.8,60800
HJS,20080918,12.3,12.3,12.3,12.3,2600
HJS,20080917,13.3,13.3,13.3,13.3,1100
HJS,20080916,14.3,14.3,14.3,14.3,6800
HJS,20080915,15.4,15.4,15.4,15.4,5200
HJS,20080912,16.6,16.6,16.6,16.6,500
HJS,20080911,18.2,18.2,15.8,17.9,95000
HJS,20080910,17,17,17,17,83100
HJS,20080909,15.9,15.9,15.9,15.9,12200
HJS,20080908,14.8,14.8,14.8,14.8,34000
HJS,20080905,12.9,13.9,12.9,13.8,70500
HJS,20080904,13.2,13.2,12.3,13,50300
HJS,20080903,12.3,12.3,12.3,12.3,15900
HJS,20080829,11.3,12.2,11.3,11.5,9200
HJS,20080828,13.4,13.4,12.2,12.2,2800
HJS,20080827,13.3,13.3,12.5,13.2,39000
HJS,20080826,12.4,12.4,12.2,12.4,20600
HJS,20080825,10.3,11.7,10.3,11.6,20300
HJS,20080822,11,11.4,10.6,10.9,8500
HJS,20080821,9.9,11.3,9.9,10.8,10400
HJS,20080820,10.5,10.7,10.5,10.5,13700
HJS,20080819,12.1,12.4,11,11.3,18000
HJS,20080818,12.4,12.4,11.1,11.9,20400
HJS,20080815,11.6,11.6,11.6,11.6,11500
HJS,20080814,10.8,11.3,10.8,11.2,15400
HJS,20080813,10.9,11.3,10.8,10.9,6500
HJS,20080812,11.4,11.4,11,11.2,7300
HJS,20080811,11,11,11,11,2600
HJS,20080808,10.4,10.8,10.4,10.6,1100
HJS,20080807,10.7,10.7,9.9,10.5,4800
HJS,20080806,10.1,10.3,10.1,10.3,6400
HJS,20080805,9.4,10.1,9.4,9.9,4400
HJS,20080804,9.7,9.9,9.7,9.7,8100
HJS,20080801,10.1,10.4,10.1,10.1,27700
HJS,20080731,10.5,10.5,10.5,10.5,6700
HJS,20080730,11.3,11.3,10.9,10.9,8400
HJS,20080729,11.2,11.4,11,11.3,20800
HJS,20080728,10.9,11.6,10.9,11,36700
HJS,20080725,11.3,11.3,11.3,11.3,7500
HJS,20080724,11.8,11.8,11.8,11.8,2000
HJS,20080722,12.3,12.3,12.3,12.3,100
HJS,20080721,12.8,12.8,12.8,12.8,200
HJS,20080718,13.4,13.4,13.3,13.3,14900
HJS,20080717,13.4,13.9,13.1,13.8,60600
HJS,20080716,13.8,13.8,12.8,13.4,20600
HJS,20080715,13.3,13.3,13.3,13.3,19200
HJS,20080714,12.9,12.9,12.4,12.8,19700
HJS,20080711,12,12.5,12,12.4,40600
HJS,20080710,12.3,12.3,11.8,12,22800
HJS,20080709,12.6,12.8,12.1,12.3,17200
HJS,20080708,12.6,12.7,12.6,12.6,11000
HJS,20080707,13.5,13.5,12.5,13.1,19600
HJS,20080704,13.1,13.1,12.8,13,19900
HJS,20080703,12.3,12.7,12.3,12.6,26800
HJS,20080702,12.4,12.4,11.5,12.2,12900
HJS,20080701,11.7,12,11.7,11.9,29300
HJS,20080630,11.2,11.9,11.2,11.5,9200
HJS,20080627,11.4,11.4,11.4,11.4,7600
HJS,20080626,12.1,12.1,11.8,11.9,1100
HJS,20080625,11.9,12.1,11.6,11.9,17100
HJS,20080624,11.5,11.6,11.4,11.6,14300
HJS,20080623,10.9,11.8,10.9,11.2,14100
HJS,20080620,11.4,11.4,11.4,11.4,1300
HJS,20080619,11.9,11.9,11.9,11.9,2900
HJS,20080618,12.5,12.5,11.9,12.4,16000
HJS,20080617,12.2,12.2,12.2,12.2,1600
HJS,20080616,11.9,11.9,11.9,11.9,5200
HJS,20080613,11.6,11.6,11.6,11.6,8500
HJS,20080612,11.3,11.3,11.3,11.3,10500
HJS,20080611,11,11,11,11,4600
HJS,20080610,10.7,10.7,10.7,10.7,1400
HJS,20080609,10.2,10.8,10.2,10.4,11900
HJS,20080606,10.3,10.9,10.3,10.5,5600
HJS,20080605,10.6,10.6,10.6,10.6,7900
HJS,20080604,10.9,10.9,10.9,10.9,3300
HJS,20080603,11.2,11.2,11,11.2,2100
HJS,20080602,11.2,11.4,11.2,11.3,19200
HJS,20080530,11.2,11.2,11,11.1,12500
HJS,20080529,10.9,10.9,10.9,10.9,16800
HJS,20080528,10.5,11.1,10.5,10.6,24500
HJS,20080527,10.8,10.8,10.8,10.8,5700
HJS,20080526,11.1,11.1,11.1,11.1,6300
HJS,20080522,11.7,11.7,11.7,11.7,10100
HJS,20080521,12,12,12,12,3800
HJS,20080520,12.6,12.6,12.1,12.4,1000
HJS,20080519,12.3,12.5,12.3,12.4,4300
HJS,20080516,12.2,13,12.2,12.5,10500
HJS,20080515,12.6,12.9,12.6,12.6,12700
HJS,20080514,13,13,13,13,300
HJS,20080513,13.4,13.4,13.4,13.4,200
HJS,20080512,13.8,13.8,13.8,13.8,4600
HJS,20080509,14.2,14.2,14.2,14.2,3000
HJS,20080508,14.6,14.6,14.6,14.6,1600
HJS,20080507,15,15,15,15,4600
HJS,20080506,15.4,15.4,15.4,15.4,100
HJS,20080505,15.9,15.9,15.9,15.9,200
HJS,20080429,15.9,15.9,15.3,15.5,1600
HJS,20080428,15.7,15.7,15.5,15.7,5200
HJS,20080425,15.3,15.3,15.3,15.3,2800
HJS,20080424,14.7,15.2,14.7,14.9,2500
HJS,20080423,15.1,15.1,15.1,15.1,6700
HJS,20080422,15.7,15.7,15.6,15.6,5800
HJS,20080421,16.7,16.7,16.1,16.1,8200
HJS,20080418,16.6,16.6,16.1,16.6,12700
HJS,20080417,15.3,16.3,15.3,16.1,11200
HJS,20080416,15.8,15.9,15.8,15.8,14000
HJS,20080411,16.3,16.3,16.3,16.3,1500
HJS,20080410,16.8,16.8,16.8,16.8,11400
HJS,20080409,17.7,17.7,17.2,17.3,5600
HJS,20080408,18.3,18.3,17.3,17.7,34200
HJS,20080407,17.8,17.8,17.8,17.8,100
HJS,20080404,17.3,17.3,17.3,17.3,100
HJS,20080403,17,17,17,17,500
HJS,20080402,16.7,16.7,16.7,16.7,500
HJS,20080401,16.4,16.4,16.4,16.4,4400
HJS,20080331,16.1,16.1,16.1,16.1,7000
HJS,20080328,15.8,15.8,15.8,15.8,100
HJS,20080327,15.5,15.5,15.5,15.5,500
HJS,20080326,15.4,15.4,14.4,15.2,29700
HJS,20080325,14.1,14.2,13.7,13.9,20900
HJS,20080324,15.4,16.9,15.1,15.3,11700
HJS,20080321,16.9,16.9,16.4,16.7,7400
HJS,20080320,16.9,16.9,16.9,16.9,6000
HJS,20080319,16.9,16.9,16.4,16.8,2000
HJS,20080318,16.8,17.4,16.3,16.4,43900
HJS,20080317,18.9,18.9,17.4,18.2,25100
HJS,20080314,19.5,19.5,18.9,19.2,3600
HJS,20080313,20.7,20.7,18.5,19.5,13200
HJS,20080312,18.9,20.9,18.9,20.3,15700
HJS,20080311,21.9,22.7,20.4,20.6,10600
HJS,20080310,22.7,22.7,21.9,22.7,25600
HJS,20080307,20.6,20.6,20.6,20.6,6000
HJS,20080306,18.7,18.7,18.7,18.7,16100
HJS,20080305,17.5,18.9,17.5,17.9,32900
HJS,20080304,20.4,20.4,19.1,19.4,13800
HJS,20080303,22.4,22.9,20,21.3,6300
HJS,20080229,22.4,22.4,19.8,21,13400
HJS,20080228,24.4,24.4,21.1,22.1,4500
HJS,20080227,21.9,23.9,21.9,23.2,6000
HJS,20080226,23.9,24.4,21.4,23.2,12300
HJS,20080225,21.4,22.2,21.4,22.1,4500
HJS,20080222,20.4,21.9,19.6,20.1,18500
HJS,20080221,22.9,22.9,21.1,21.8,30200
HJS,20080220,23.9,24,22.5,23.5,8800
HJS,20080219,23.9,24.4,21.9,23.7,4400
HJS,20080218,23.2,24.9,23.2,23.6,5900
HJS,20080215,26.9,26.9,24.9,25.4,2600
HJS,20080214,25.9,26.4,25.9,26.1,5500
HJS,20080213,27.9,27.9,25.4,25.9,13900
HJS,20080212,28.4,28.4,26.9,27.8,10700
HJS,20080201,27.4,27.9,27.4,27.6,9500
HJS,20080131,24.9,26.9,24.4,26.3,5100
HJS,20080130,26.9,27.5,25.9,26.9,12700
HJS,20080129,24.4,25.4,24.4,24.9,13700
HJS,20080128,24.9,24.9,23.5,24.1,6200
HJS,20080125,22.9,23.9,22,23.4,19100
HJS,20080124,21.9,21.9,21.5,21.7,3800
HJS,20080123,21.4,21.4,20.9,21.4,4800
HJS,20080122,22.5,22.5,21.9,22.3,2600
HJS,20080121,22.4,22.4,22.4,22.4,200
HJS,20080118,23.9,23.9,23.7,23.9,2900
HJS,20080117,24.4,24.9,22.9,23.9,8800
HJS,20080116,22.1,23.1,21.9,22.7,8800
HJS,20080115,22.4,22.4,20.1,20.9,11100
HJS,20080114,22.9,22.9,21.9,22.4,1800
HJS,20080111,22.8,23.2,22.8,22.9,10300
HJS,20080110,22.9,22.9,21.9,22.4,8100
HJS,20080109,23.9,23.9,23.2,23.3,3100
HJS,20080108,23.6,23.9,22.9,23.5,4400
HJS,20080107,23.9,23.9,23.4,23.5,4900
HJS,20080104,24.9,24.9,24.9,24.9,6500
HJS,20080103,25.8,25.8,24.4,25.1,200
HJS,20080102,26.2,26.2,24.9,26.1,1100
HJS,20071228,25.7,26.4,25.7,26.2,2500
HJS,20071227,26.4,26.4,25.9,26.2,2400
HJS,20071226,25.4,26.3,25.4,25.7,700
HJS,20071225,25.9,25.9,24.9,25.6,7500
HJS,20071224,24.9,25.5,24.9,25.2,4700
HJS,20071221,24.9,25.9,24.9,26.2,3100
HJS,20071220,26.3,26.3,25.9,26.2,4600
HJS,20071219,25.2,26.9,25.2,26.1,7900
HJS,20071218,24.9,24.9,23.9,24.5,4200
HJS,20071217,25.9,26.3,25.9,26,1500
HJS,20071214,26.9,26.9,26.9,26.9,200
HJS,20071213,26.9,26.9,26.4,26.8,3600
HJS,20071212,27.4,27.5,26.9,27.2,9300
HJS,20071211,27.5,27.5,27.4,27.5,300
HJS,20071210,27.9,27.9,27.3,27.5,5000
HJS,20071207,26.9,27.7,26.9,27,2300
HJS,20071206,27.9,27.9,27.4,27.6,1500
HJS,20071205,28.8,28.8,27.4,27.8,5100
HJS,20071204,28.2,28.5,28.2,28.4,10400
HJS,20071203,28.9,28.9,28,28.2,1100
HJS,20071130,27.9,29.3,27.9,28.1,14100
HJS,20071129,27.9,27.9,27.6,27.7,10700
HJS,20071128,27.9,28.8,27.4,27.9,18300
HJS,20071127,26.9,27.9,26.4,27.4,26000
HJS,20071126,25.9,26.4,25.7,26.1,7000
HJS,20071123,25.9,25.9,25.4,25.6,7600
HJS,20071122,26.8,26.9,25.9,26.4,3400
HJS,20071121,26.9,26.9,25.9,26.1,4800
HJS,20071120,27.2,27.4,25.9,26.8,9400
HJS,20071119,26.9,28.4,26.9,27.2,8300
HJS,20071116,27.6,27.6,26.8,27,5900
HJS,20071115,26.9,27.9,25.9,27.2,12400
HJS,20071114,22.9,27.7,22.5,25.4,7800
HJS,20071113,25.4,25.9,24.7,25.1,12600
HJS,20071112,28.9,28.9,26.9,27.5,20800
HJS,20071109,28.4,28.9,27.4,27.9,13800
HJS,20071108,30.9,30.9,28.3,29.1,26500
HJS,20071107,29.9,30.8,29.3,30.3,22700
HJS,20071106,31.4,31.9,30.2,30.9,7300
HJS,20071105,33.8,33.8,31.1,31.9,28900
HJS,20071102,30.8,31.5,30.5,31.2,31000
HJS,20071101,30.5,30.9,27.6,28.6,82000
HJS,20071031,30.9,31.4,30.4,30.7,8900
HJS,20071030,31.9,31.9,30.6,30.9,12600
HJS,20071029,33.8,33.8,32.1,32.9,16800
HJS,20071026,31,34.2,30.9,33.2,70600
HJS,20071025,31.9,31.9,30,31,29800
HJS,20071024,31.3,31.4,30.9,31.1,17600
HJS,20071023,31.9,31.9,30.9,31.3,7300
HJS,20071022,32.4,32.4,30.9,31.7,13100
HJS,20071019,30.4,33.4,29.9,32.4,16800
HJS,20071018,32.9,35.9,31.4,32.9,12200
HJS,20071017,35.4,36.5,33,35,24200
HJS,20071016,32.8,34.4,31.9,33.1,60000
HJS,20071015,32.4,32.4,30.4,31.6,24900
HJS,20071012,32,32.2,31.2,31.8,11700
HJS,20071011,31.3,32.1,30.4,31,23300
HJS,20071010,29.9,30.9,28.9,29.7,10400
HJS,20071009,28.9,29.9,28.9,29.6,9500
HJS,20071008,33.5,33.9,31.4,32.2,12900
HJS,20071005,34.9,36.9,33.7,35,29200
HJS,20071004,34,34.2,33.2,33.9,68300
HJS,20071003,31,31,30.8,31,66300
HJS,20071002,28.1,28.1,27.9,28.1,23100
HJS,20071001,23.4,25.9,23.4,25.5,20800
HJS,20070928,22.9,23.9,22.9,23.5,17700
HJS,20070927,22.9,23,22.4,24,1800
HJS,20070926,24.2,24.2,23.7,24,3500
HJS,20070925,23.4,23.9,23,23.3,7100
HJS,20070924,22.7,22.8,22.5,22.7,3400
HJS,20070921,22.9,22.9,22.4,22.7,1100
HJS,20070920,22.7,22.9,22.6,22.7,5200
HJS,20070919,22.7,22.9,22.4,22.7,2000
HJS,20070918,22.9,22.9,22.2,22.7,1800
HJS,20070917,22.9,22.9,22.4,22.7,4500
HJS,20070914,22.9,23.1,22.9,23,2600
HJS,20070913,22.5,22.9,22.4,22.6,6400
HJS,20070912,22.4,22.4,22.1,22.3,6700
HJS,20070911,21.9,22.9,21.9,22.1,6600
HJS,20070910,24.9,24.9,23.3,24.2,18100
HJS,20070907,21.9,23.2,21.9,22.9,14100
HJS,20070906,20.9,21.4,20.9,21,1700
HJS,20070905,20.6,20.9,20.6,20.8,3100
HJS,20070904,20.2,20.8,20.1,20.3,700
HJS,20070831,20.3,20.4,19.9,20.1,2200
HJS,20070830,19.4,20.4,19.4,20.3,1600
HJS,20070829,20.9,20.9,20.2,20.5,700
HJS,20070828,20.9,20.9,20.5,20.7,1300
HJS,20070827,20.7,20.9,20.4,20.7,1200
HJS,20070824,20.7,20.7,20.7,20.7,500
HJS,20070823,20.9,20.9,20.4,20.6,2300
HJS,20070822,20.9,21.2,20.9,21,2800
HJS,20070821,19.9,21.3,19.9,20.2,1400
HJS,20070820,19.4,20.4,19.4,20.3,1000
HJS,20070817,20.8,20.8,20.7,20.7,1100
HJS,20070816,20.8,20.8,20.7,20.7,1900
HJS,20070815,20.8,20.8,20.7,20.8,3700
HJS,20070814,20.7,20.7,20.7,20.7,1700
HJS,20070813,21.2,21.2,20.4,20.8,4600
HJS,20070809,20.9,21.4,20.9,21.2,4800
HJS,20070808,20.9,20.9,20.7,20.8,1900
HJS,20070807,20.9,20.9,20.9,20.9,2400
HJS,20070806,20.9,20.9,20.9,20.9,2000
HJS,20070803,21.9,21.9,20.9,20.9,4800
HJS,20070802,21,21.9,21,21.4,1800
HJS,20070801,22.8,22.8,20.9,21.6,7600
HJS,20070730,20.9,20.9,20.4,20.7,6500
HJS,20070727,20.9,20.9,20.9,20.9,1000
HJS,20070726,20.9,20.9,20,20.7,1200
HJS,20070725,20.9,20.9,20.9,20.9,2000
HJS,20070724,20.5,21.1,20.4,20.9,3800
HJS,20070723,21.1,22.3,21.1,21.8,2400
HJS,20070720,21.9,22.7,21.9,22.3,1300
HJS,20070719,20.7,22.9,20.7,21.8,200
HJS,20070718,23,23.5,22.9,23.1,3300
HJS,20070717,23.9,23.9,23.4,23.5,1500
HJS,20070713,24.4,24.9,23.1,24.5,3700
HJS,20070712,23.4,23.4,23.1,23.2,600
HJS,20070711,23.7,24,23.6,23.8,1900
HJS,20070710,23.7,23.8,23.4,23.7,4300
HJS,20070709,23.2,23.4,23.2,23.3,500
HJS,20070706,23.9,23.9,23.1,23.2,3100
HJS,20070705,24.9,24.9,23.4,23.8,1800
HJS,20070704,24.9,24.9,23.7,23.9,6200
HJS,20070703,23.1,23.1,22.9,23,2600
HJS,20070702,24.4,24.4,23.9,24.1,2200
HJS,20070629,24.9,25,24.9,24.9,3900
HJS,20070628,26.2,26.2,24.9,26.7,4500
HJS,20070627,26.4,26.5,25.9,26.3,3300
HJS,20070626,26.7,26.8,26.4,26.6,5100
HJS,20070625,26.7,26.9,26.7,26.7,2300
HJS,20070622,27.1,27.1,26.7,26.9,4200
HJS,20070621,27.6,27.6,26.4,26.5,2700
HJS,20070620,25.9,26.9,25.9,26.4,5300
HJS,20070619,26.9,26.9,25.8,26,4400
HJS,20070618,27.1,27.1,25.9,26,12500
HJS,20070615,25.9,26.9,25.9,26.4,2900
HJS,20070614,26.8,27.4,25.9,26.6,3500
HJS,20070613,26.9,27.9,26.9,27.1,4400
HJS,20070612,27.7,27.7,27.1,27.4,1100
HJS,20070611,28.9,28.9,27.9,28.4,2900
HJS,20070608,27.9,28.9,27.9,28.7,3400
HJS,20070607,28.9,28.9,28.1,28.5,5700
HJS,20070606,28.9,28.9,28.1,28.5,5700
HJS,20070605,26.9,28.9,26.9,28.9,4500
HJS,20070604,28.9,29.5,28.9,29.3,8300
HJS,20070601,30.9,30.9,28.9,30.5,1600
HJS,20070531,29.9,30.4,29.4,29.9,5200
HJS,20070530,29.6,29.9,29.6,29.8,900
HJS,20070529,30.9,30.9,29.9,30.3,8700
HJS,20070528,30.9,30.9,28.9,30,9900
HJS,20070525,28.1,30.4,28.1,29.9,5400
HJS,20070524,31.9,31.9,30.9,31.3,6300
HJS,20070523,34.4,34.4,31.2,31.5,8600
HJS,20070522,30.9,31.4,30.6,31.2,16400
HJS,20070521,31.4,31.4,28.9,30.8,2500
HJS,20070518,31.9,31.9,30.9,31.3,5800
HJS,20070517,30.9,31,30.9,30.9,8900
HJS,20070516,31.4,31.5,30.9,31.1,4100
HJS,20070515,32,32.4,30.9,31.6,5300
HJS,20070514,32.9,33.4,30.9,32.7,5700
HJS,20070511,32.9,33.9,32.4,33,4900
HJS,20070510,32.9,32.9,30.9,31.5,4500
HJS,20070509,32.9,33.4,31.9,33,4900
HJS,20070508,34.9,34.9,34.4,34.8,6200
HJS,20070507,31.7,34.3,31.6,33.8,5800
HJS,20070504,31.4,31.9,30.9,31.1,3300
HJS,20070503,32.9,32.9,31.4,31.9,5200
HJS,20070425,34.9,35.1,33.4,34.3,3300
HJS,20070424,33.1,33.9,32.4,33,4600
HJS,20070423,33.9,34.8,32.6,33.2,10400
HJS,20070420,38.9,38.9,34.4,36.3,12100
HJS,20070419,35.5,35.5,35.5,35.5,9800
HJS,20070418,28.9,34.1,27.7,32.2,15000
HJS,20070417,31.9,31.9,30.7,30.9,21600
HJS,20070416,37.9,37.9,33.7,34.2,5100
HJS,20070413,37.6,37.9,35.9,37.1,7100
HJS,20070412,39.9,40.2,36.4,38.8,10400
HJS,20070411,41.4,41.4,39.9,40.2,1200
HJS,20070410,41.4,41.8,40.9,41.6,2500
HJS,20070409,40.9,41.4,40.9,41.1,3100
HJS,20070406,40.4,41.6,38.9,39.8,14800
HJS,20070405,42.4,42.9,40.9,42.6,8100
HJS,20070404,44.9,44.9,40.9,43.9,6000
HJS,20070403,42.9,42.9,41.2,41.7,7100
HJS,20070402,48.4,48.4,43.2,45.8,14500
HJS,20070330,48.4,48.4,46.4,48.1,36600
HJS,20070329,44.3,44.3,42.9,43.9,34400
HJS,20070328,35.6,43.4,35.6,40.2,34400
HJS,20070327,39.6,39.6,39.6,39.6,7700
HJS,20070326,46.3,46.3,43.9,44.1,4400
HJS,20070323,50.4,50.9,47.1,48.8,10100
HJS,20070322,53.7,53.7,50.9,52.3,15100
HJS,20070321,53.3,55.1,51.9,53.3,25400
HJS,20070320,51.8,51.8,48.4,50,115800
HJS,20070319,49.2,49.2,43.9,47,135600
HJS,20070319,49.2,49.2,43.9,47,135600
HJS,20070316,43.2,47.9,43.2,44.7,86400
HJS,20070315,50.9,50.9,47.7,48.1,8200
HJS,20070314,55.1,55.1,50.9,53.1,26800
HJS,20070313,55.9,60.9,52.9,55.8,44000
HJS,20070312,66.6,67.8,55.5,58.6,48200
HJS,20070309,61.7,61.9,60.3,61.6,28500
HJS,20070308,73.2,73.2,63.2,67.1,33300
HJS,20070307,66.6,66.6,63.9,66.5,32800
HJS,20070306,60.5,60.7,55.1,60.5,30600
