<Ticker>,<DTYYYYMMDD>,<Open>,<High>,<Low>,<Close>,<Volume>
HPG,20100729,35.6,36.6,35.4,35.4,472220
HPG,20100728,37.4,37.5,36.6,36.7,318900
HPG,20100727,37.9,37.9,37.3,37.4,476650
HPG,20100726,37.3,38,37.3,37.9,166160
HPG,20100723,38.2,38.2,38,38,260170
HPG,20100722,38.5,38.5,38.2,38.2,114970
HPG,20100721,38.3,38.6,38.3,38.5,193420
HPG,20100720,39,39,38.7,38.9,166700
HPG,20100719,38.5,39,38.5,39,229210
HPG,20100716,39.4,39.4,39,39,176920
HPG,20100715,39.1,39.6,39,39,215430
HPG,20100714,40,40,39.2,39.2,273770
HPG,20100713,39.1,40.4,38.9,40,358710
HPG,20100712,38.8,38.9,38.6,38.8,271470
HPG,20100709,39.1,39.1,38.5,38.8,264450
HPG,20100708,39.5,39.7,38.8,38.8,161800
HPG,20100707,40,40.2,39.2,39.2,120370
HPG,20100706,41,41,40,40,313890
HPG,20100705,40.5,41,40.5,41,274180
HPG,20100702,41,41,40.4,40.5,378360
HPG,20100701,41.5,41.5,40.8,40.8,71850
HPG,20100630,40.7,41.5,40.7,41.5,196340
HPG,20100629,41.6,41.6,41.3,41.3,285000
HPG,20100628,41,41.3,41,41,186510
HPG,20100625,41.4,41.5,41.2,41.2,247430
HPG,20100624,41.5,41.6,41.3,41.4,286340
HPG,20100623,41.4,41.5,41.3,41.5,91440
HPG,20100622,41.2,41.5,41.2,41.4,262430
HPG,20100621,41.5,41.5,41.2,41.3,353020
HPG,20100618,41.4,41.5,41,41.4,746880
HPG,20100617,41.4,41.5,41.2,41.4,349870
HPG,20100616,41.8,41.9,41.6,41.6,356890
HPG,20100615,41.8,41.8,41.5,41.8,279590
HPG,20100614,41.6,41.7,41.5,41.6,161540
HPG,20100611,42,42,41.5,41.5,304430
HPG,20100610,40.5,41.5,40.5,41.5,122590
HPG,20100609,41.1,41.8,41.1,41.1,285370
HPG,20100608,41.5,41.6,41,41.3,267800
HPG,20100607,40.3,41.8,40.3,41.8,341410
HPG,20100604,41.5,42.2,41.5,42,165550
HPG,20100603,43,43,42,42,331490
HPG,20100602,42,42.1,41.9,42,278700
HPG,20100601,41.1,42.2,41.1,42,145940
HPG,20100531,42,42.2,41.7,41.9,270000
HPG,20100528,42.5,42.5,40.2,42,288170
HPG,20100527,40.8,40.9,40.5,40.8,300120
HPG,20100526,40.5,40.8,40,40.8,205260
HPG,20100525,40.2,40.6,39.5,39.5,490640
HPG,20100524,41.5,41.5,40.4,40.5,338810
HPG,20100521,40.5,42,40.4,40.5,377000
HPG,20100520,40.5,42.5,40.5,42.5,276780
HPG,20100519,41.2,41.5,40.6,40.7,458670
HPG,20100518,42,42.5,42,42.1,223530
HPG,20100517,44,44,42.5,42.5,273040
HPG,20100514,44.5,44.7,44,44,166660
HPG,20100513,44,44.4,43.8,44,228970
HPG,20100512,44,44.2,43.7,43.9,435210
HPG,20100511,45,45.5,44.9,44.9,328330
HPG,20100510,45.3,45.3,44.8,44.9,656620
HPG,20100507,45.9,46,45.1,45.4,565930
HPG,20100506,46.2,46.7,46.1,46.5,499330
HPG,20100505,47,47.2,46.5,46.5,624960
HPG,20100504,47.9,48,47.5,47.6,382080
HPG,20100429,48.3,48.4,47.7,47.7,488110
HPG,20100428,48.3,48.8,48.3,48.4,1065180
HPG,20100427,48.3,48.3,48,48.3,2002680
HPG,20100426,46,46.3,45.7,46,923660
HPG,20100422,45,46,44.7,45.7,746300
HPG,20100421,45.3,45.3,44.7,45,680670
HPG,20100420,45.3,45.3,44.7,45,267520
HPG,20100419,45.3,45.7,45,45,362330
HPG,20100416,45.3,45.3,45,45,317860
HPG,20100415,45,45.3,44.7,45.3,572700
HPG,20100414,45,45,44.3,44.7,431790
HPG,20100413,44.7,45,44.7,44.7,606100
HPG,20100412,45.3,45.3,44.7,45,395000
HPG,20100409,45,45.7,44.7,45,530430
HPG,20100408,45,45.3,44.7,45,420120
HPG,20100407,45,45.3,44.3,45,484850
HPG,20100406,45.3,45.7,44.7,44.7,896310
HPG,20100405,44,44.7,43.7,44.7,663470
HPG,20100402,43,43.3,42.3,43.3,442760
HPG,20100401,42.3,42.7,41.7,42.7,474730
HPG,20100331,42.3,42.3,41.7,41.7,580860
HPG,20100330,42.7,43,42.3,42.3,305370
HPG,20100329,43,43.3,42.3,42.7,230700
HPG,20100326,42.3,43,42.3,42.7,248330
HPG,20100325,43,43,42,42.3,419770
HPG,20100324,44,44,42.7,43.3,459882
HPG,20100323,43.3,43.3,42.7,43,442100
HPG,20100322,43.7,44,43,43.3,367360
HPG,20100319,44.3,44.7,43.7,44,371440
HPG,20100318,44.3,44.3,43,44.3,392020
HPG,20100317,44.7,44.7,43.3,43.3,682260
HPG,20100316,45.3,45.3,44.3,44.3,645500
HPG,20100315,46,46.3,45.7,45.7,497550
HPG,20100312,46.3,46.3,45.7,46,623150
HPG,20100311,46,46.7,45.7,46,1672180
HPG,20100310,44,44.7,43.7,44.7,596790
HPG,20100309,44,44.3,43.3,44,943010
HPG,20100308,43.7,44,43,44,450120
HPG,20100305,43,43.3,42.7,43,480790
HPG,20100304,43.3,43.7,42.7,42.7,694000
HPG,20100303,42.7,42.7,42,42.7,499740
HPG,20100302,41,42.7,41,42,549860
HPG,20100301,40.7,41.3,40.7,41,284110
HPG,20100226,41,41.3,40.3,40.3,451710
HPG,20100225,41.3,42,41,41,407930
HPG,20100224,41.3,41.3,40.3,41.3,371930
HPG,20100223,41.7,42,41,41.3,356540
HPG,20100222,43,43,42.3,42.7,184990
HPG,20100212,42.7,43,42.7,43,253950
HPG,20100211,42.7,43,42.3,42.7,203140
HPG,20100210,42,42.7,41.7,42.7,278940
HPG,20100209,41.7,42,41.3,42,328950
HPG,20100208,41.7,42.3,41.7,42,472190
HPG,20100205,42,42.7,41.7,42,572270
HPG,20100204,42.7,43.7,42.3,43,912150
HPG,20100203,43,43,42.3,43,884930
HPG,20100202,43,43,41.7,42.7,1106050
HPG,20100201,40.7,41.7,40.7,41.7,484240
HPG,20100129,40.3,40.7,39.3,40,393890
HPG,20100128,39.7,40.3,39.3,39.3,245300
HPG,20100127,41.3,41.7,40,40,271340
HPG,20100126,40.7,41.3,40.7,41.3,536240
HPG,20100125,38.7,39.7,38.7,39.7,199710
HPG,20100122,38.7,39.3,38.3,39,586550
HPG,20100121,39.3,40.3,39,39,425450
HPG,20100120,41,41,40,40,524300
HPG,20100119,39.7,41,39.7,40.3,594060
HPG,20100118,40.3,40.3,39.3,39.3,497510
HPG,20100115,41.3,42,40.7,40.7,472400
HPG,20100114,42.7,42.7,41.3,41.3,402680
HPG,20100113,41,42,39.3,42,958420
HPG,20100112,42,43,41,41,885660
HPG,20100111,43.3,44,42.3,42.7,761910
HPG,20100108,46.3,46.3,43.3,43.3,909010
HPG,20100107,44.7,46,44,45.3,1535800
HPG,20100106,42.3,44,42,44,1771660
HPG,20100105,42.7,42.7,40.7,42.7,1203080
HPG,20100104,40,40.7,40,40.7,653120
HPG,20091231,39.3,40.3,39,39,823270
HPG,20091230,37,38.7,37,38.7,542360
HPG,20091229,38.3,38.3,37.3,37.3,596380
HPG,20091228,38.7,39.7,38.3,38.3,799810
HPG,20091225,38.7,39.7,38,39.7,850850
HPG,20091224,37,38,36.3,38,595390
HPG,20091223,37,38.3,37,37.3,410210
HPG,20091222,37,37.7,36.7,37.7,991080
HPG,20091221,35.7,36,35.3,36,331320
HPG,20091218,34.7,36,34.3,34.3,1234100
HPG,20091217,34.3,34.7,33.7,34.3,641810
HPG,20091216,37,37,35.3,35.3,763750
HPG,20091215,36.7,37.7,36,37,263240
HPG,20091214,36,37,35.3,37,634640
HPG,20091211,36.3,37,35.3,35.3,728390
HPG,20091210,38,38.3,37,37,701610
HPG,20091209,38.7,38.7,38,38,1009340
HPG,20091208,40.7,41,40,40,348390
HPG,20091207,41,41.3,40.3,41,431370
HPG,20091204,42,42,40.3,41,867890
HPG,20091203,41.7,42,40.3,41.3,768240
HPG,20091202,41.7,43.3,41.3,41.7,881010
HPG,20091201,42,43.3,42,42.7,914590
HPG,20091130,40,41.3,40,41.3,768110
HPG,20091127,38,42,38,39.7,1064450
HPG,20091126,40,41.3,40,40,969680
HPG,20091125,43,43,42,42,1271450
HPG,20091124,44.3,45,43.3,44,1037900
HPG,20091123,46,46.3,44.7,44.7,851710
HPG,20091120,47,48,46.3,46.7,672620
HPG,20091119,47,48.3,46.3,48,1250610
HPG,20091118,44.7,46.7,44.3,46.7,1011150
HPG,20091117,45,45.7,44.3,44.7,706490
HPG,20091116,46,46.7,45,45,662860
HPG,20091113,44.3,46.3,44.3,46.3,1391030
HPG,20091112,44.3,45.7,43.7,45.3,1510540
HPG,20091111,42.7,43.7,41,43.7,1047180
HPG,20091110,43.3,43.7,41.3,41.7,1402770
HPG,20091109,44.7,45,43.3,43.3,923620
HPG,20091106,47.3,47.3,45.3,45.3,1169470
HPG,20091105,46,47,45.3,46.3,1664470
HPG,20091104,47,48,45.3,46,1523890
HPG,20091103,48.7,48.7,46.7,47,2917520
HPG,20091102,49,49.3,49,49,1559940
HPG,20091030,52,52.5,50.5,51.5,1799490
HPG,20091029,52.5,52.5,50,51.5,3046360
HPG,20091028,53.5,53.5,52,52.5,1156300
HPG,20091027,53.5,53.5,51.5,53,2253900
HPG,20091026,55.5,56.5,53.5,54,1987380
HPG,20091023,56,56,54.5,54.5,3346630
HPG,20091022,53.5,53.5,52.5,53.5,2574950
HPG,20091021,50,51,49.7,51,1929760
HPG,20091020,49.7,50.5,49.7,50,1193130
HPG,20091019,49.7,49.7,48.7,49,1058700
HPG,20091016,50.5,50.5,49,49,1699760
HPG,20091015,51.5,51.5,50,50.5,1985730
HPG,20091014,47.7,50,47.7,49.3,1594380
HPG,20091013,48.7,49,47.7,47.7,802630
HPG,20091012,48.3,49.3,47.3,49,2246880
HPG,20091009,47.3,47.3,46.3,47,754780
HPG,20091008,46.3,46.7,45.7,46.3,692310
HPG,20091007,44.7,46.3,44.7,46.3,1255660
HPG,20091006,44.7,45,44,44.3,951250
HPG,20091005,45.3,45.7,44,44.3,1168410
HPG,20091002,44.7,45.3,43.7,44.7,2247700
HPG,20091001,47,47.3,46,46,1211970
HPG,20090930,48,48,47,47,1479360
HPG,20090929,47.7,48,47,47.7,1876300
HPG,20090928,48.3,48.3,47.3,47.3,1801270
HPG,20090925,47.3,48.3,47.3,47.7,1434430
HPG,20090924,48.7,49.3,47.7,48,1733610
HPG,20090923,48.7,49.7,48.3,48.7,2862390
HPG,20090922,48.7,48.7,47.3,47.3,2063940
HPG,20090921,46.3,47.3,46.3,47.3,3553740
HPG,20090918,45,45.7,45,45.3,1041030
HPG,20090917,45.3,45.7,44.7,45.3,1239650
HPG,20090916,46,46.3,45.3,45.3,1508880
HPG,20090915,46.7,46.7,45.3,46,1499430
HPG,20090914,46.3,47,46,46.3,1281790
HPG,20090911,47.7,47.7,46.7,46.7,1125240
HPG,20090910,47.3,48.3,47,47.3,940690
HPG,20090909,48.3,48.3,47,48,2937040
HPG,20090908,44.7,46,44.7,46,1102940
HPG,20090907,44.3,44.3,42.7,44,864620
HPG,20090904,45.7,45.7,44.3,44.3,992060
HPG,20090903,45,46,45,45.3,715120
HPG,20090901,45.3,46,45.3,45.7,1055280
HPG,20090831,46.7,46.7,45.7,45.7,1464500
HPG,20090828,45.7,46,45.3,46,605860
HPG,20090827,45.7,46,45.3,45.3,790670
HPG,20090826,46,46.3,45.3,45.7,914610
HPG,20090825,46,46.7,45.7,45.7,978780
HPG,20090824,45.7,46.7,45.7,46.3,1032460
HPG,20090821,46.3,47.3,45.7,45.7,1463830
HPG,20090820,46,46,45.3,45.7,747250
HPG,20090819,45.3,45.7,44.7,45.7,782570
HPG,20090818,44,45,43.7,44.3,1184350
HPG,20090817,44.7,45,44,44.3,1338920
HPG,20090814,45,45.7,44.7,45,1330390
HPG,20090813,45.3,46,45,45.7,1365350
HPG,20090812,45,45.7,44.3,45,1159280
HPG,20090811,42,44.3,42,44.3,1717240
HPG,20090810,41.3,42.7,41,42.3,1247550
HPG,20090807,40,40.7,40,40.7,1077290
HPG,20090806,40,41,40,40,1700250
HPG,20090805,39,40,38.7,40,1138690
HPG,20090804,39.3,39.3,38.7,39.3,1020380
HPG,20090803,38.7,39.3,38.3,38.7,671750
HPG,20090731,38.3,39,37.7,39,1044120
HPG,20090730,37.3,38,36.7,37.3,678040
HPG,20090729,39,39.7,38,38,965360
HPG,20090728,40,40.3,38.3,38.7,1137800
HPG,20090727,40.3,40.7,38.7,40.3,2809330
HPG,20090724,39,39,39,39,963230
HPG,20090723,36,37.3,35.7,37.3,899630
HPG,20090722,36.3,36.3,35.3,36,682720
HPG,20090721,35.3,36,35,35.3,566010
HPG,20090720,35,35.3,34.7,35,437790
HPG,20090717,36,36.7,35.7,36,472240
HPG,20090716,36.7,36.7,35.7,36,569320
HPG,20090715,35.7,36.3,35.3,35.7,425680
HPG,20090714,35.3,35.3,34.3,35,697720
HPG,20090713,36,36,35,35.3,637410
HPG,20090710,37,37.3,36,36.3,789030
HPG,20090709,37,37.7,36.7,37.3,553520
HPG,20090708,37,37.3,36.7,37,766510
HPG,20090707,37.3,38,36.7,37,841980
HPG,20090706,36.7,37.7,36.3,37.7,1319640
HPG,20090703,35.3,36,35,36,753950
HPG,20090702,35,36,34.3,35.7,1273280
HPG,20090701,34,35,33.7,34.3,1350880
HPG,20090630,37.3,37.3,35.3,35.3,1444550
HPG,20090629,37,37.7,36.7,37,1019420
HPG,20090626,36.3,37,36,37,854380
HPG,20090625,37.7,37.7,36,36.3,1756550
HPG,20090624,36,36,35.7,36,815830
HPG,20090623,34.3,35.3,34.3,34.3,2826180
HPG,20090622,36.7,37,36,36,1718880
HPG,20090619,38.7,38.7,37,37.7,2081940
HPG,20090618,38.3,38.3,36.3,37.7,1179120
HPG,20090617,34.7,37.3,34.7,37.3,2246710
HPG,20090616,35.7,36.7,35.7,35.7,1935800
HPG,20090615,37.3,38.7,37.3,37.3,2049850
HPG,20090612,41.7,41.7,38.7,39,2074070
HPG,20090611,39.7,40.3,38.3,40.3,2548860
HPG,20090610,39.3,39.7,38.7,38.7,2680320
HPG,20090609,40.7,40.7,39,40.7,2708700
HPG,20090608,39,39,38.7,39,2532860
HPG,20090605,37.3,37.3,37,37.3,7228260
HPG,20090604,34.7,36,34.7,35.7,2057260
HPG,20090603,34.3,34.7,33.7,34.3,1276760
HPG,20090602,34.7,34.7,34,34.3,2305330
HPG,20090601,32.7,33,32.1,33,943620
HPG,20090529,32,32,30.8,31.7,851340
HPG,20090528,31.3,32.3,31.1,31.2,1072741
HPG,20090527,32.7,33,32.3,32.3,1206770
HPG,20090526,33.7,34,32.7,32.7,1098870
HPG,20090525,33,33.7,32.7,33.7,1047770
HPG,20090522,32.3,33,32,32.3,1222050
HPG,20090521,34.3,34.3,33,33.3,1063470
HPG,20090520,34.3,34.3,33.7,34.3,4389840
HPG,20090519,33.7,33.7,32.3,32.7,1306750
HPG,20090518,31.7,33.3,31.7,32.3,800090
HPG,20090515,32.7,33.3,32.1,33.3,1441850
HPG,20090514,30.6,32,30.4,32,1865670
HPG,20090513,33.3,34,32,32,1908130
HPG,20090512,32.7,33.7,31.4,33.7,1505900
HPG,20090511,32.7,33,32,32.5,1762600
HPG,20090508,31.7,33,31.5,31.9,1802650
HPG,20090507,31.5,31.5,31,31.5,1688560
HPG,20090506,30.1,30.4,29,30,4340760
HPG,20090505,28.9,28.9,28.9,28.9,522480
HPG,20090504,27.5,27.5,27.5,27.5,408290
HPG,20090429,26.1,26.2,25.9,26.2,948860
HPG,20090428,25.7,26.3,25.6,26,775550
HPG,20090427,26.1,26.3,25.5,25.7,795590
HPG,20090424,25.5,26.1,25.1,26.1,753580
HPG,20090423,26.7,27.3,26.3,26.3,943540
HPG,20090422,26.6,26.6,25.6,26.6,1489450
HPG,20090421,22.9,25.3,22.9,25.3,1637550
HPG,20090420,24.1,24.7,24.1,24.1,1613290
HPG,20090417,25.3,26.5,24.8,25.3,1301350
HPG,20090416,26.1,26.1,25.1,26.1,1704390
HPG,20090415,25.7,26.9,24.9,24.9,1515240
HPG,20090414,25.3,25.9,24.7,25.9,2152950
HPG,20090413,24.7,24.7,24.7,24.7,151470
HPG,20090410,23.5,23.5,23.5,23.5,195030
HPG,20090409,22.7,22.7,21.8,22.3,1086980
HPG,20090408,23.1,24.5,22.3,22.3,1417720
HPG,20090407,22.3,23.4,22,23.4,1364750
HPG,20090403,22.3,22.3,22.1,22.3,587550
HPG,20090402,20.7,21.2,20.3,21.2,1062630
HPG,20090401,19.7,20.1,19.3,20.1,847700
HPG,20090331,19.3,19.4,18.7,19.1,618570
HPG,20090330,19.1,20.1,19.1,19.4,538620
HPG,20090327,20.7,20.7,20,20,1553200
HPG,20090326,19.7,19.7,19.4,19.7,996360
HPG,20090325,17.7,18.7,17.7,18.7,1676890
HPG,20090324,17.8,17.8,17.7,17.8,534140
HPG,20090323,17.1,17.1,16.5,16.9,559280
HPG,20090320,16.9,17.4,16.9,17,276060
HPG,20090319,17.7,18.3,17.2,17.2,701350
HPG,20090318,18.1,18.3,17.9,18.1,799130
HPG,20090317,16.8,17.6,16.8,17.6,849700
HPG,20090316,16.1,16.8,16,16.8,446610
HPG,20090313,16.3,16.5,16.1,16.1,164060
HPG,20090312,16.5,16.8,16.1,16.3,335990
HPG,20090311,17.1,17.1,16.7,16.9,491160
HPG,20090310,15.9,16.3,15.7,16.2,504350
HPG,20090309,15.5,15.8,15.5,15.6,213640
HPG,20090306,15.3,15.8,15.3,15.7,117880
HPG,20090305,15.7,15.7,15.5,15.7,264880
HPG,20090304,15.1,15.3,15.1,15.3,96250
HPG,20090303,15.1,15.2,14.9,15.1,145370
HPG,20090302,15.3,16,15.3,15.7,91560
HPG,20090227,15.1,15.9,15.1,15.7,141910
HPG,20090226,15.7,15.7,15,15.3,133030
HPG,20090225,15.7,15.7,15.4,15.7,435400
HPG,20090224,14.9,15,14.9,14.9,247630
HPG,20090223,16.1,16.1,15.7,15.7,283270
HPG,20090220,16.7,16.7,16.3,16.5,103500
HPG,20090219,17,17.1,16.5,16.7,224180
HPG,20090218,16.4,16.8,16.4,16.5,313300
HPG,20090217,17.7,17.7,17,17.1,348500
HPG,20090216,18,18.3,17.9,17.9,145900
HPG,20090213,18.5,18.5,18.3,18.3,96380
HPG,20090212,18.7,18.9,18.4,18.5,101770
HPG,20090211,18.1,18.8,18.1,18.5,149060
HPG,20090210,18,19,17.8,18.6,424390
HPG,20090209,18,18.1,17.6,18.1,285260
HPG,20090206,17.1,17.2,16.9,17.2,252900
HPG,20090205,17.3,17.4,16.8,16.9,258840
HPG,20090204,17.8,18.4,17.4,17.6,299130
HPG,20090203,18.5,18.5,18.2,18.3,225590
HPG,20090202,19.1,19.2,18.5,18.7,177770
HPG,20090123,18.9,19.3,18.9,19.2,47300
HPG,20090122,19,19,18.9,19,49000
HPG,20090121,19,19.1,18.7,18.7,142920
HPG,20090120,19.1,19.1,19,19.1,142670
HPG,20090119,19.4,19.4,19.1,19.1,161320
HPG,20090116,19.5,19.6,19.3,19.4,121720
HPG,20090115,19.4,19.5,19.4,19.5,128320
HPG,20090114,19.3,19.9,19.3,19.5,242350
HPG,20090113,19.7,19.7,19.5,19.5,248290
HPG,20090112,19.8,19.9,19.7,19.9,183960
HPG,20090109,19.9,20,19.8,19.9,386190
HPG,20090108,19.7,20.1,19.6,19.8,429640
HPG,20090107,20,20.3,19.9,20.1,674740
HPG,20090106,19.2,19.7,19.2,19.5,309090
HPG,20090105,19.3,19.3,18.9,19.1,256230
HPG,20090102,19.7,19.7,19.3,19.3,134370
HPG,20081231,20.2,20.2,19.7,19.7,419050
HPG,20081230,19.3,20.1,19.3,20,659610
HPG,20081229,19.3,19.5,19.3,19.3,213040
HPG,20081226,19.1,19.5,19,19.3,292440
HPG,20081225,19.3,19.3,19,19.1,225570
HPG,20081224,18.7,19.1,18.7,19,284620
HPG,20081223,19.1,19.2,18.8,19,405630
HPG,20081222,19.7,19.7,19.2,19.5,438220
HPG,20081219,18.3,19,18.3,18.8,500770
HPG,20081218,18.6,19.1,18.3,18.8,245320
HPG,20081217,18.5,18.9,17.9,18.6,333940
HPG,20081216,18.7,18.7,17.9,17.9,256750
HPG,20081215,18.9,18.9,18.3,18.9,440060
HPG,20081212,17.9,18,17.3,18,501270
HPG,20081211,16.8,17.2,16.8,17.1,149880
HPG,20081210,16.9,17.1,16.8,16.8,138180
HPG,20081209,16.6,17.3,16.6,17.2,318860
HPG,20081208,16.9,17.1,16.6,16.6,433410
HPG,20081205,18.4,18.4,17.3,17.5,245140
HPG,20081204,18,18.5,18,18.1,278450
HPG,20081203,18,18,17.9,17.9,138720
HPG,20081202,17.9,18,17.9,17.9,124150
HPG,20081201,18.3,18.7,17.7,18.3,254720
HPG,20081128,18.3,18.3,17.3,18.3,583460
HPG,20081127,17.3,18,17.3,17.3,613790
HPG,20081126,18.2,18.8,18.2,18.2,394130
HPG,20081125,18.7,18.7,18.4,18.7,320890
HPG,20081124,18.1,18.7,18,18.1,391850
HPG,20081124,18.1,18.7,18,18.1,391850
HPG,20081121,17.9,18.1,17.2,17.9,452020
HPG,20081120,18.1,18.5,18.1,18.1,807140
HPG,20081119,19.1,19.4,19,19.1,210710
HPG,20081118,19.1,19.8,19,19.1,305000
HPG,20081117,19.8,20.1,19.6,19.8,234140
HPG,20081114,20.1,20.7,19.7,20.1,336790
HPG,20081113,19.7,20,18.5,19.7,343250
HPG,20081112,19.3,19.3,19.2,19.3,679230
HPG,20081111,20.3,20.7,20.3,20.3,397300
HPG,20081110,21.4,22.3,21,21.4,484930
HPG,20081107,21.3,22.5,21.3,21.3,1117660
HPG,20081106,22.5,22.8,21,22.5,1756820
HPG,20081105,21.7,21.7,21.7,21.7,108120
HPG,20081104,20.6,20.6,19.3,20.6,449280
HPG,20081103,19.5,20.3,18.7,19.5,809530
HPG,20081031,19.7,19.7,18.2,19.7,743880
HPG,20081030,18.7,19.7,18.7,18.7,1011310
HPG,20081029,20.8,20.8,18.8,19.7,1189670
HPG,20081028,19.7,19.9,19.7,19.7,1428740
HPG,20081027,20.9,20.9,20.9,20.9,164610
HPG,20081024,22.1,22.7,22.1,22.1,437000
HPG,20081023,23.3,23.7,23.3,23.3,297200
HPG,20081022,24.6,25,24.5,24.6,378030
HPG,20081021,25.7,25.7,24.9,25.7,443500
HPG,20081020,24.9,25.7,24.8,24.9,335200
HPG,20081017,25.8,26,25.5,25.8,479770
HPG,20081016,25.7,26.3,25.1,25.7,502450
HPG,20081015,26.5,26.5,24.7,26.5,1123280
HPG,20081014,25.2,25.2,25.2,25.2,60510
HPG,20081013,24.5,25.3,23.9,23.9,805920
HPG,20081010,25.3,25.3,25.3,25.3,140250
HPG,20081009,26.7,28.3,26.7,26.7,1103600
HPG,20081008,28.1,28.1,28.1,28.1,515490
HPG,20081007,29.7,29.7,29.7,29.7,341910
HPG,20081006,32,32,31.3,31.3,705650
HPG,20081003,33,34,33,33,687100
HPG,20081002,34,35,33,34,904760
HPG,20081001,36,36.3,33.7,34,1519000
HPG,20080930,35.3,35.3,35.3,35.3,33240
HPG,20080929,36.7,38.7,36.7,37,1298000
HPG,20080926,39,39,37.3,38.7,2046990
HPG,20080925,36.7,37.3,36.3,37.3,1341480
HPG,20080924,37,37,35.7,35.7,578190
HPG,20080923,36,38,35.3,37,2547580
HPG,20080922,36.3,36.3,36.3,36.3,8480
HPG,20080919,34.7,34.7,34.7,34.7,392460
HPG,20080918,33,33,33,33,598990
HPG,20080917,34.7,35.3,34.7,34.7,948350
HPG,20080916,38.7,38.7,36,36,982380
HPG,20080915,37.7,37.7,36.7,37.7,667940
HPG,20080912,36,37.3,36,36,1391110
HPG,20080911,37.3,38.3,37.3,37.7,623710
HPG,20080910,40,40,37.7,38,454810
HPG,20080909,39.3,40.3,38,39.3,652420
HPG,20080908,37.3,40,37.3,38.7,1117460
HPG,20080905,40.3,40.7,39.3,39.3,971850
HPG,20080904,40.7,42.3,40.3,41.3,1052240
HPG,20080903,42,42.3,41.7,42.3,1227160
HPG,20080829,40.3,40.3,40.3,40.3,1595250
HPG,20080828,42.3,42.3,42.3,42.3,282930
HPG,20080827,44.7,47,44.7,44.7,2093740
HPG,20080826,50,50,46.7,47.7,1296550
HPG,20080825,49,49,47,48.7,1536970
HPG,20080822,48.3,48.7,46.7,46.7,836110
HPG,20080821,47,49.3,45.3,49,1815240
HPG,20080820,45.3,47.7,44.7,47,1443270
HPG,20080819,45.3,45.3,44,45.3,2349940
HPG,20080818,43,43.3,42,43.3,1274090
HPG,20080815,41.3,41.3,41.3,41.3,439890
HPG,20080814,40.3,40.3,40,40.3,1103960
HPG,20080813,38.3,39.3,38,39.3,1417690
HPG,20080812,38.3,38.3,37.7,38.3,1143970
HPG,20080811,37.3,37.3,36.7,37.3,1242650
HPG,20080808,35.7,36.3,34.7,36.3,1684620
HPG,20080807,35.7,35.7,35,35.3,1105600
HPG,20080806,34.7,34.7,34.7,34.7,465350
HPG,20080805,34,34.7,33.3,33.7,1182150
HPG,20080804,36,36,34,34.3,2894470
HPG,20080801,35,35,35,35,207620
HPG,20080731,34,34,34,34,287780
HPG,20080730,33,33,33,33,170770
HPG,20080729,32,32,32,32,12930
HPG,20080728,31,31,31,31,68400
HPG,20080725,30.3,30.3,29.7,30.3,712350
HPG,20080724,30.7,30.7,29.1,29.3,1757950
HPG,20080723,30,30,30,30,129160
HPG,20080722,31,31,31,31,110610
HPG,20080721,32.3,33,32,32,940500
HPG,20080718,33,33,32,33,1882540
HPG,20080717,32,32,32,32,55510
HPG,20080716,31,31,30.3,31,2023900
HPG,20080715,30.3,30.3,30.3,30.3,242300
HPG,20080714,29.4,29.4,29.4,29.4,306700
HPG,20080711,28.5,28.5,28.5,28.5,1049900
HPG,20080710,27.6,27.6,27.6,27.6,604480
HPG,20080709,26.9,26.9,26.6,26.9,579010
HPG,20080708,24.9,26.1,24.7,26.1,539320
HPG,20080707,25.4,25.4,24,25.4,810080
HPG,20080704,24.7,24.7,24.7,24.7,148900
HPG,20080703,24,24,24,24,13250
HPG,20080702,23.3,23.3,23.3,23.3,34980
HPG,20080701,22.6,22.6,22.6,22.6,19840
HPG,20080630,21.9,21.9,21.9,21.9,3590
HPG,20080627,20.7,21.1,20.2,21.1,182540
HPG,20080626,20.6,20.6,20.4,20.6,397800
HPG,20080625,19.9,19.9,19.9,19.9,128600
HPG,20080624,19.3,19.3,19.3,19.3,173310
HPG,20080623,18.7,18.7,18.7,18.7,145430
HPG,20080620,18.1,18.7,18.1,18.1,106750
HPG,20080619,19.3,19.3,18.7,18.7,244840
HPG,20080618,20.2,20.2,19.3,19.3,429770
HPG,20080617,19.7,19.7,19.7,19.7,14950
HPG,20080616,19.3,19.3,19.3,19.3,23850
HPG,20080613,18.9,18.9,18.9,18.9,156960
HPG,20080612,17.8,18.5,17.8,18.5,159440
HPG,20080611,18.1,18.9,18.1,18.1,208450
HPG,20080610,18.5,18.5,18.5,18.5,1010
HPG,20080609,18.9,18.9,18.9,18.9,10500
HPG,20080606,19.4,19.4,19.4,19.4,17320
HPG,20080605,19.8,19.8,19.8,19.8,7550
HPG,20080604,20.3,20.3,20.3,20.3,15600
HPG,20080603,20.7,20.7,20.7,20.7,3840
HPG,20080602,21.1,21.1,21.1,21.1,2200
HPG,20080530,21.6,21.6,21.6,21.6,5480
HPG,20080526,22.1,22.1,22.1,22.1,9280
HPG,20080522,23.1,23.1,23.1,23.1,69270
HPG,20080521,23.5,23.5,23.5,23.5,103620
HPG,20080520,24,24,24,24,8540
HPG,20080519,24.5,24.7,24.5,24.5,207630
HPG,20080516,24.9,25.9,24.9,24.9,397070
HPG,20080515,25.4,25.4,25.4,25.4,9580
HPG,20080514,25.9,25.9,25.9,25.9,88220
HPG,20080513,26.4,26.4,26.4,26.4,770
HPG,20080512,26.9,26.9,26.9,26.9,26200
HPG,20080509,27.3,27.3,27.3,27.3,22500
HPG,20080508,27.8,27.8,27.8,27.8,154750
HPG,20080507,28.1,28.3,27.8,28.3,376640
HPG,20080506,28.3,28.3,27.8,28.3,314540
HPG,20080505,27.8,27.8,27.8,27.8,227270
HPG,20080429,27.3,27.3,27.3,27.3,237360
HPG,20080428,26.9,26.9,26.9,26.9,170340
HPG,20080425,26.4,26.9,26.4,26.4,227350
HPG,20080424,26.9,26.9,26.9,26.9,138950
HPG,20080423,27.3,27.3,27.3,27.3,38940
HPG,20080422,27.8,27.8,27.8,27.8,54010
HPG,20080421,28.3,28.3,28.3,28.3,47050
HPG,20080418,29.5,29.5,28.7,28.7,139550
HPG,20080417,28.5,29.5,28.5,29.3,321270
HPG,20080416,29,29,29,29,22380
HPG,20080411,29.5,29.5,29.5,29.5,9750
HPG,20080410,29.9,29.9,29.9,29.9,70310
HPG,20080409,30.4,31,30.4,30.4,291700
HPG,20080408,31,31,29.9,31,670580
HPG,20080407,30.4,30.4,30.4,30.4,3280
HPG,20080404,29.9,29.9,29.9,29.9,50
HPG,20080403,29.7,29.7,29.7,29.7,70110
HPG,20080402,29.5,29.5,29.5,29.5,58210
HPG,20080401,29.3,29.3,29.3,29.3,13020
HPG,20080331,29,29,29,29,78650
HPG,20080328,28.7,28.7,28.7,28.7,138690
HPG,20080327,28.5,28.5,28.5,28.5,179300
HPG,20080326,26.1,28.3,26.1,28.3,384280
HPG,20080325,27.3,27.3,27.3,27.3,38680
HPG,20080324,28.7,28.7,28.7,28.7,114000
HPG,20080321,32,32,30.2,30.2,269270
HPG,20080320,32,33,32,32,165210
HPG,20080319,34,34,32.3,32.3,179640
HPG,20080318,32.3,32.7,32.3,32.3,287080
HPG,20080317,34.3,34.7,34,34,136120
HPG,20080314,36,36.3,36,36,103180
HPG,20080313,37,37,36,36.7,153220
HPG,20080312,36,37.3,36,36.3,299590
HPG,20080311,37,37,35.7,35.7,240380
HPG,20080310,36,36,36,36,420740
HPG,20080307,34.3,34.3,34.3,34.3,428080
HPG,20080306,32.7,32.7,32.7,32.7,25170
HPG,20080305,30.4,31,30.4,31,280760
HPG,20080304,32,32,32,32,107190
HPG,20080303,33.7,34,33.7,33.7,201920
HPG,20080229,36,36.3,35.3,35.7,150350
HPG,20080228,37.3,37.3,36.7,36.7,50120
HPG,20080227,36.3,37.7,36.3,37,92710
HPG,20080226,37.7,37.7,36.3,36.3,250540
HPG,20080225,37.3,37.7,37.3,37.7,231520
HPG,20080222,35.3,36,35.3,36,233220
HPG,20080221,37.3,37.3,37.3,37.3,62400
HPG,20080220,41.3,41.7,39.3,39.3,92170
HPG,20080219,40.7,41.7,40.7,41.3,86310
HPG,20080218,41.3,42,41.3,41.7,209000
HPG,20080215,43.7,43.7,43.7,43.7,184330
HPG,20080214,43.7,44,43.7,43.7,102680
HPG,20080213,44.3,44.3,43.7,43.7,150700
HPG,20080212,46,46,44.3,45,104780
HPG,20080201,45.3,45.3,44.3,45.3,192380
HPG,20080131,42.7,44,42.7,44,82360
HPG,20080130,45,45,44,45,362700
HPG,20080129,42,42.7,42,42.7,120000
HPG,20080128,42.7,42.7,41.7,42,41020
HPG,20080125,41.3,42,41.3,41.7,82650
HPG,20080124,43,43,41.7,41.7,95130
HPG,20080123,43,43,41.3,41.3,119690
HPG,20080122,43.7,44,43.7,43.7,83260
HPG,20080121,45.3,46,45,45,71040
HPG,20080118,44,46,44,46,141170
HPG,20080117,47,47,45,45,158820
HPG,20080116,46.3,47.7,46.3,47.3,441980
HPG,20080115,47,47,45.3,45.3,306310
HPG,20080114,48.3,48.3,47.3,47.7,18270
HPG,20080111,47.7,49.3,47.3,47.7,130910
HPG,20080110,48.3,48.3,46.3,48.3,3730
HPG,20080109,46.3,48.7,44.3,48.7,129770
HPG,20080108,44.3,46.3,44.3,46.3,4730
HPG,20080107,44,44.3,43.7,44.3,22270
HPG,20080104,43.7,43.7,43,43.7,221230
HPG,20080103,43.3,43.3,43,43,172390
HPG,20080102,42.7,43,42.7,42.7,294750
HPG,20071228,42,42.7,42,42.7,81580
HPG,20071227,42,42.7,42,42,86100
HPG,20071226,40.7,42,40.7,42,157680
HPG,20071225,42.7,42.7,42,42,109460
HPG,20071224,42.7,42.7,42,42.7,166920
HPG,20071221,41.3,43,41.3,42,114130
HPG,20071220,43.7,43.7,42,42,105030
HPG,20071219,42.7,43.7,42,43.7,217360
HPG,20071218,40.3,41.3,40,41.3,469160
HPG,20071217,40.7,41,40.3,40.3,87220
HPG,20071214,40.3,41,40.3,40.7,81260
HPG,20071213,42,42,40.3,40.3,130410
HPG,20071212,39.3,43.7,39.3,42,307780
HPG,20071211,42.3,43.3,41.7,41.7,184520
HPG,20071210,43.7,45.3,43.7,43.7,156420
HPG,20071207,46.3,47.3,46,46,153400
HPG,20071206,48.3,48.3,47,47.3,76580
HPG,20071205,46.3,47.3,46.3,47,112160
HPG,20071204,47.3,47.7,47.3,47.3,125040
HPG,20071203,48.3,48.3,47.7,47.7,68710
HPG,20071130,47.7,47.7,47.3,47.7,114720
HPG,20071129,48.3,48.7,47.7,48.3,128110
HPG,20071128,47.7,48.3,47.7,48.3,131020
HPG,20071127,48.7,48.7,47.3,47.3,262120
HPG,20071126,48.7,49.7,48.3,49.3,135430
HPG,20071123,50.5,51.5,49.7,49.7,106370
HPG,20071122,51.5,51.5,49.7,51.5,296040
HPG,20071121,47.3,51.5,47.3,51.5,728080
HPG,20071120,49.7,49.7,49.7,49.7,108710
HPG,20071119,52,52,52,52,120480
HPG,20071116,55,55,55,55,248510
HPG,20071115,59.5,59.5,49.3,57.5,1306330
