<Ticker>,<DTYYYYMMDD>,<Open>,<High>,<Low>,<Close>,<Volume>
KKC,20100729,38.6,40.5,38.6,40,349700
KKC,20100728,41.9,41.9,39,39.4,89000
KKC,20100727,44,44,40.3,40.7,65300
KKC,20100726,40.3,43,40.3,41.5,134600
KKC,20100723,41.8,41.8,38,40.2,99500
KKC,20100722,40,41,40,40.4,74100
KKC,20100721,42,42,40.9,41.2,138800
KKC,20100720,42.3,42.5,41.5,41.9,101000
KKC,20100719,42.1,42.7,41.9,42.2,219900
KKC,20100716,43,43.5,42.5,42.9,72600
KKC,20100715,43,44.9,43,43.9,194100
KKC,20100714,43.9,44.5,42.7,43.5,78800
KKC,20100713,42.8,43.8,42.5,43.3,240500
KKC,20100712,41.8,42.8,41.3,42,69600
KKC,20100709,42.2,42.2,41.5,41.9,126300
KKC,20100708,43,44,41.6,42.2,107500
KKC,20100707,43,43,41.3,41.9,183400
KKC,20100706,42.5,42.5,41,41.7,105700
KKC,20100705,44.2,44.2,42.2,43,120600
KKC,20100702,42.6,43.9,42,43.1,116300
KKC,20100701,43.7,44,42.2,42.8,214800
KKC,20100630,45,45,43,43.6,215500
KKC,20100629,45.6,47.4,45.1,46,133800
KKC,20100628,47.5,47.5,44.7,45.6,190600
KKC,20100625,47.8,48.3,45,47.3,553100
KKC,20100624,45.3,45.3,45,45.3,651600
KKC,20100623,42,43,42,42.4,123200
KKC,20100622,42.7,45,42,43.1,282800
KKC,20100621,43,43,42.3,42.7,157300
KKC,20100618,43.3,43.3,41.4,42.6,134800
KKC,20100617,45.8,45.8,42.1,43.3,73200
KKC,20100616,45,45.4,44,45.1,318900
KKC,20100615,41,43.2,40.6,42.5,450600
KKC,20100614,40,41.2,39.9,40.4,213900
KKC,20100611,39.8,40.5,39.6,40,153000
KKC,20100610,38.5,39.7,38,39.3,168900
KKC,20100609,39.5,40,38.5,39.2,80600
KKC,20100608,35.6,39.8,35.6,38.8,204900
KKC,20100607,39.5,39.5,38.1,38.2,174200
KKC,20100604,41,41.8,40.1,40.9,82500
KKC,20100603,43.9,43.9,41.5,42.2,89100
KKC,20100602,39.1,42.8,38.6,41.9,314700
KKC,20100601,40.5,42,39.2,40.3,228500
KKC,20100531,42,43.4,40,40.9,163500
KKC,20100528,42.5,42.5,42,42.5,210700
KKC,20100527,40,40,36.8,39.8,264900
KKC,20100526,36,37.8,36,37.4,105700
KKC,20100525,34,36.6,33.7,35.4,297600
KKC,20100524,34.5,36.8,34.5,36.2,149300
KKC,20100521,39,39,35.8,35.8,209400
KKC,20100520,37.7,41.8,37.5,38.4,307800
KKC,20100519,41,41,40.2,40.3,189600
KKC,20100518,46,46,42.4,43.2,87600
KKC,20100517,44.9,45.9,43,45.5,215600
KKC,20100514,42,42.9,42,42.9,203900
KKC,20100513,40,43,39.9,40.1,615400
KKC,20100512,45.5,45.5,42.8,42.9,130500
KKC,20100511,51,52,45.4,46,349700
KKC,20100510,51.5,53,48.4,48.8,364500
KKC,20100507,54.6,54.6,51.9,52,507800
KKC,20100506,56,58,54.5,55.7,562500
KKC,20100505,58.5,58.5,55,56.6,266800
KKC,20100504,60,60.5,57.1,58.7,230300
KKC,20100429,54,57,54,56.6,295200
KKC,20100428,50.2,54.3,50,53.3,478100
KKC,20100427,51,52,49.5,50.8,303000
KKC,20100426,50,53,48.5,49.8,340600
KKC,20100422,53,54.4,48.1,51.5,448500
KKC,20100421,51,51,48.5,51,733700
KKC,20100420,46.5,48.2,45.5,47.7,195400
KKC,20100419,43.7,46.6,41.5,45.1,811500
KKC,20100416,43.7,43.7,41,43.6,569400
KKC,20100415,39.4,41,39.4,40.9,248800
KKC,20100414,37,39.4,37,38.4,427900
KKC,20100413,37.8,37.9,36.5,37,203300
KKC,20100412,38,39.4,37.2,38.2,316300
KKC,20100409,39.3,41.5,38.8,39.6,363100
KKC,20100408,37.9,40,37.9,39.3,440400
KKC,20100407,37.5,38.9,36.9,37.9,442500
KKC,20100406,37.4,37.4,36.6,37.3,998100
KKC,20100405,33,35,33,35,64300
KKC,20100402,33.4,33.4,32.4,32.8,130500
KKC,20100401,33.2,33.9,32,32.7,118100
KKC,20100331,33.7,33.8,32.7,33.4,154400
KKC,20100330,33.8,34.3,33.2,33.7,92000
KKC,20100329,33.3,34.9,32.6,33.6,215000
KKC,20100326,34.5,34.5,31.7,33,135400
KKC,20100325,34.4,34.4,32.3,33.3,155200
KKC,20100324,34,35.3,33.8,34.4,125900
KKC,20100323,34.2,34.5,33.1,33.7,168600
KKC,20100322,35.8,35.8,34,34.7,90500
KKC,20100319,35.8,36.5,35,35.5,110200
KKC,20100318,34.4,36.5,33.5,35.2,200800
KKC,20100317,35,36,33.5,34.5,202800
KKC,20100316,36.8,37,35,35.9,307600
KKC,20100315,38.3,38.9,37.1,37.6,285900
KKC,20100312,38.5,39.5,37.5,38.4,206200
KKC,20100311,35.5,37.3,35.2,37.2,419300
KKC,20100310,35,35.9,34,34.9,232400
KKC,20100309,36,36,33,35,156600
KKC,20100308,34,35.5,34,35.4,302800
KKC,20100305,33.1,33.9,32.2,33.2,281300
KKC,20100304,33.3,34.3,32.8,33.4,175100
KKC,20100303,34,34,32,33.4,159900
KKC,20100302,33.1,33.1,32,32.9,493200
KKC,20100301,29.8,31.2,29.5,31,268000
KKC,20100226,28.9,29.6,28.7,29.2,91100
KKC,20100225,29,29.1,28.4,28.9,54400
KKC,20100224,27.5,29.3,27.3,28.4,67700
KKC,20100223,28,28,27.3,27.6,84800
KKC,20100222,30,30,28.5,29.1,41400
KKC,20100212,29.5,30,28.8,29,64800
KKC,20100211,27.8,29,27.8,28.6,46800
KKC,20100210,28.8,28.9,28,28.2,21600
KKC,20100209,28.6,28.7,27.7,28,16000
KKC,20100208,29.8,29.8,28.2,28.7,33000
KKC,20100205,28.6,30.1,28.1,29.4,260700
KKC,20100204,28,28.8,27.8,28.5,107400
KKC,20100203,28.2,28.5,28,28.3,66700
KKC,20100202,29.5,29.5,27.6,28.2,30100
KKC,20100201,28,28.9,27.6,28.4,67500
KKC,20100129,28.1,28.2,27,28,83600
KKC,20100128,28.5,29,27.6,28.1,84800
KKC,20100127,30.5,30.7,27.8,29.5,116000
KKC,20100126,28.8,28.8,28.8,28.8,65300
KKC,20100125,26.1,27.2,26.1,27,106100
KKC,20100122,24.2,26.4,24.2,25.5,70500
KKC,20100121,25.6,26.5,25.1,25.3,135200
KKC,20100120,28.6,28.7,26.6,26.9,148000
KKC,20100119,26.8,29.5,26.8,28.6,82200
KKC,20100118,29.5,29.6,28.7,28.8,52600
KKC,20100115,31.9,33,29.7,30.8,61600
KKC,20100114,30.5,31.8,30.5,31.7,162200
KKC,20100113,29,31.5,27.9,29.8,130500
KKC,20100112,30.5,31,28.9,29.9,169500
KKC,20100111,32.3,32.5,30.2,31,111900
KKC,20100108,31,34,30.5,32.3,218600
KKC,20100107,31,33.4,31,32.1,195300
KKC,20100106,34.3,34.3,31.1,32.6,252600
KKC,20100105,32.6,32.6,32.1,32.6,177500
KKC,20100104,30,30.6,30,30.5,51200
KKC,20091231,27.9,28.7,27.9,28.6,238800
KKC,20091230,26,27.6,25,26.9,132900
KKC,20091229,25.9,27.2,25.6,26.2,125200
KKC,20091228,27.9,28.2,26.6,27.4,136700
KKC,20091225,26.3,26.7,26.3,26.7,50500
KKC,20091224,24.2,25.7,23.6,25,178800
KKC,20091223,23.7,25.2,22.8,24.1,157200
KKC,20091222,25.3,25.3,23.3,24.2,93000
KKC,20091221,23.6,23.7,23.6,23.7,182400
KKC,20091218,22,22.3,21.5,22.2,54700
KKC,20091217,20.7,22,20.7,20.9,97900
KKC,20091216,22.2,22.4,22.1,22.2,75100
KKC,20091215,24.5,24.6,23.1,23.7,99700
KKC,20091214,20.5,23.3,20.5,23.1,143900
KKC,20091211,22.6,22.6,21.8,21.8,102000
KKC,20091210,25,25,23.1,23.4,86900
KKC,20091209,26.4,26.4,24.7,24.8,92500
KKC,20091208,27,27.4,25.7,26.5,79500
KKC,20091207,27.1,27.4,27,27.1,62600
KKC,20091204,27.5,27.9,26.6,27.1,72500
KKC,20091203,26.1,27.6,26.1,27,71100
KKC,20091202,29,29.2,26.6,27.8,201900
KKC,20091201,27.8,28.7,27.8,28.6,158000
KKC,20091130,26,27.6,26,26.9,133700
KKC,20091127,25.3,28,25.3,26,210400
KKC,20091126,27.2,28,27.1,27.1,105900
KKC,20091125,29.5,30,28.9,29.1,120200
KKC,20091124,33.1,33.1,30.8,31,156600
KKC,20091123,34.8,35,32.4,33.1,99300
KKC,20091120,36.1,36.1,34.1,34.8,102400
KKC,20091119,35.5,36.5,35.5,36.1,143500
KKC,20091118,37,38,33.6,34.9,197300
KKC,20091117,35.6,35.6,34.2,35.6,374500
KKC,20091116,33.3,33.3,33.3,33.3,44200
KKC,20091113,30.1,32.1,29.5,31.2,277000
KKC,20091112,30,30.9,29.1,30,185800
KKC,20091111,30,30.4,28.3,29.3,171700
KKC,20091110,32,32.2,30,30.4,93100
KKC,20091109,33.1,33.1,32,32.2,30000
KKC,20091106,36,36,33.5,34.4,94700
KKC,20091105,35,35.2,33.5,34.5,117000
KKC,20091104,35,36,32.9,34.2,85100
KKC,20091103,35.6,37.7,35.1,35.2,232400
KKC,20091102,38.1,38.1,37.6,37.7,49600
KKC,20091030,40.7,40.7,39,40.4,151000
KKC,20091029,39.1,39.1,38,38.1,175300
KKC,20091028,40.3,42,39,40.8,126300
KKC,20091027,41,42,39.9,40.3,311300
KKC,20091026,44,45,42,42.9,222300
KKC,20091023,46,46.8,42.7,44.6,315700
KKC,20091022,46.1,46.2,45.1,45.8,255700
KKC,20091021,50,50,46.5,47.7,161000
KKC,20091020,49,49,47,48,349400
KKC,20091019,45.5,47.5,45.5,45.8,581300
KKC,20091016,48.9,48.9,48.9,48.9,149000
KKC,20091015,50,53.8,50,52.5,561700
KKC,20091014,48.5,53,48.5,50.3,354300
KKC,20091013,52.3,52.9,49.6,50.5,268000
KKC,20091012,53,53,51.4,52.3,386400
KKC,20091009,52.5,53,50.5,51.8,316100
KKC,20091008,49,51.6,47,50,517100
KKC,20091007,48,49,47.9,48.3,228400
KKC,20091006,48.3,48.3,46.5,47.2,179200
KKC,20091005,48,48.9,46.3,47.4,269300
KKC,20091002,49,49,46.1,46.5,436200
KKC,20091001,50,51.5,48.5,49.5,218800
KKC,20090930,55,55.6,51,51.5,277900
KKC,20090929,55.8,55.8,52.7,54.8,826300
KKC,20090928,49.8,52.7,49.8,52.2,260300
KKC,20090925,49,49.9,48.6,49.3,405300
KKC,20090924,49,50,48.5,49,232300
KKC,20090923,50,51.6,48.5,50.6,535700
KKC,20090922,50,51.5,48,49.1,513500
KKC,20090921,51.7,52,50.1,50.7,387000
KKC,20090918,51.1,52.4,50.8,51.7,295500
KKC,20090917,50.5,53.2,49.4,51,399300
KKC,20090916,51,53,48,50.5,456400
KKC,20090915,53,53,50.6,51.1,766100
KKC,20090914,57,57.2,50.5,54.4,748400
KKC,20090911,53.6,53.6,53.6,53.6,215300
KKC,20090910,47.8,51.3,47.7,50.1,989200
KKC,20090909,49,49,47.6,48,307300
KKC,20090908,48.8,48.8,47.5,48.1,236700
KKC,20090907,47.5,48.9,46,47.7,619100
KKC,20090904,46,48.6,44,47,372100
KKC,20090903,46,46.9,44.8,45.5,262200
KKC,20090901,48,48,46.9,47.3,288500
KKC,20090831,49,49.5,47.8,48.4,517400
KKC,20090828,49,49,47.6,48.3,336600
KKC,20090827,49.7,49.7,47.4,48.1,465600
KKC,20090826,50.5,50.5,48.5,49.1,237800
KKC,20090825,46,49,45.8,48.4,384600
KKC,20090824,46.4,46.4,45.2,45.8,332600
KKC,20090821,48.5,50,45.2,46.4,518800
KKC,20090820,49.5,49.5,46.5,48.5,1035400
KKC,20090819,46.3,46.3,46.3,46.3,32600
KKC,20090818,42.2,43.4,42.2,43.3,301900
KKC,20090817,39.9,44,39.9,40.6,906200
KKC,20090814,42.8,43.1,42.8,42.8,117700
KKC,20090813,49,49.4,43,46,782300
KKC,20090812,46.3,46.3,43.3,46.2,670400
KKC,20090811,43.4,43.4,40.7,43.3,1021600
KKC,20090810,40.6,40.6,40.6,40.6,75400
KKC,20090807,35.3,38.3,35.3,38,454700
KKC,20090806,35.8,35.8,35,35.8,371100
KKC,20090805,32.4,34.5,31.5,33.5,427200
KKC,20090804,32.2,33,31.9,32.3,369700
KKC,20090803,33,34,30.7,31.4,317600
KKC,20090731,34,34,31.2,32,303100
KKC,20090730,34.1,34.1,30.6,32.4,351900
KKC,20090729,31.4,32.1,30.1,31.9,444000
KKC,20090728,29.5,30,29.5,30,632400
KKC,20090727,28.2,28.2,27.5,28.1,394200
KKC,20090724,26.4,26.4,26.4,26.4,97200
KKC,20090723,23.5,25,23.3,24.7,116200
KKC,20090722,23,23.6,23,23.4,127400
KKC,20090721,22.2,22.9,22,22.5,37300
KKC,20090720,23,23,22,22.1,85400
KKC,20090717,23.6,24.1,22.8,23.6,52000
KKC,20090716,24.8,24.8,23.3,24.1,68300
KKC,20090715,23.8,23.8,23,23.2,53400
KKC,20090714,24,24.6,22,23.1,89400
KKC,20090713,24.2,24.2,22.6,23,110300
KKC,20090710,25,25,24,24.2,331600
KKC,20090709,25.5,26.2,25,25.8,268200
KKC,20090708,24.6,24.8,23.2,24.5,399900
KKC,20090707,23.2,23.2,23.2,23.2,18600
KKC,20090706,21.7,21.7,21.7,21.7,27000
KKC,20090703,18.5,20.7,18.1,20.3,98000
KKC,20090702,18.8,21,18.7,19.4,251500
KKC,20090701,21,21,20.1,20.1,133000
KKC,20090630,24.3,24.3,21.4,21.6,199300
KKC,20090629,24,24,22.5,23,203000
KKC,20090626,26.8,26.9,24,24.1,291800
KKC,20090625,28,28,25.4,25.8,203000
KKC,20090624,24.3,27.9,24.3,27.3,278700
KKC,20090623,26.1,26.3,26.1,26.1,175500
KKC,20090622,30.5,30.9,26.9,28,178800
KKC,20090619,27.4,29.1,27.4,28.9,526000
KKC,20090618,27.8,29.5,26,27.3,235000
KKC,20090617,27.3,29.8,27.3,27.8,474600
KKC,20090616,31.3,31.3,29.2,29.3,211000
KKC,20090615,32,32.4,29,31.3,652600
KKC,20090612,30.3,30.3,30.3,30.3,59000
KKC,20090611,28,28.4,28,28.4,39500
KKC,20090610,28.7,28.7,25.1,26.6,956800
KKC,20090609,26.9,26.9,25.9,26.9,718400
KKC,20090608,25.2,25.2,25.2,25.2,18900
KKC,20090605,23.6,23.6,23.6,23.6,76800
KKC,20090604,22.1,22.1,21.8,22.1,367700
KKC,20090603,20.8,20.8,20,20.7,476300
KKC,20090602,19.5,19.5,19.5,19.5,131000
KKC,20090601,17.5,18.6,17.5,18.3,80700
KKC,20090529,17.2,18.5,16.9,17.4,342000
KKC,20090528,18.1,18.1,18.1,18.1,43000
KKC,20090527,20.2,20.9,19.3,19.4,372100
KKC,20090526,21.7,21.7,19,20.7,331900
KKC,20090525,20.3,20.3,19,20.3,293800
KKC,20090522,18.9,19.1,18.5,19,307100
KKC,20090521,17.2,18.4,17,17.9,234900
KKC,20090520,17,17.6,16.4,17.2,370100
KKC,20090519,17.5,17.7,16.7,17.1,301800
KKC,20090518,17.3,17.4,16.1,16.7,189700
KKC,20090515,17.3,17.3,16.5,17.3,341600
KKC,20090514,15.8,16.9,15.8,16.2,244500
KKC,20090513,16.3,16.3,15.7,16.3,517500
KKC,20090512,14,15.6,14,15.3,395200
KKC,20090511,15,15,14.3,14.6,120300
KKC,20090508,14.4,14.9,14.2,14.5,120500
KKC,20090507,15,15.6,14.7,15.2,192900
KKC,20090506,15.4,15.4,14.6,14.7,189000
KKC,20090505,15.7,15.7,15,15.6,248400
KKC,20090504,14.6,14.7,14.6,14.7,14300
KKC,20090429,12.2,14,12.2,13.8,190900
KKC,20090428,12.9,14,12.9,13.1,360600
KKC,20090427,13.8,14.4,13.8,13.8,80000
KKC,20090424,14.7,15.6,14.7,14.8,51200
KKC,20090423,16,17,15.6,15.8,165500
KKC,20090422,16.5,17.2,15.5,16.7,278500
KKC,20090421,16,16.8,15.7,16.1,258900
KKC,20090420,16.9,16.9,15.8,16.8,301800
KKC,20090417,15.8,15.8,14.8,15.8,487400
KKC,20090416,15,15.1,14,14.8,269500
KKC,20090415,14.5,14.9,14.1,14.2,177300
KKC,20090414,15.7,15.8,14.6,15.1,237000
KKC,20090413,14.5,14.8,14.5,14.8,125500
KKC,20090410,13.8,14,13.2,13.9,320400
KKC,20090409,13.5,14.1,12.8,13.1,166400
KKC,20090408,13.8,15,13.3,13.7,195700
KKC,20090407,14.3,14.5,13.5,14.2,172200
KKC,20090403,13.6,13.6,13.6,13.6,153800
KKC,20090402,12.7,12.8,12.4,12.8,283800
KKC,20090401,12,12,11.8,12,134800
KKC,20090331,11.3,11.9,11,11.3,64100
KKC,20090330,11.9,12,11.5,11.7,45500
KKC,20090327,12,12.2,11.7,11.9,124800
KKC,20090326,12,12,11.6,11.7,78300
KKC,20090325,11.8,12,11.7,11.9,64600
KKC,20090324,11.8,11.8,11.5,11.8,116700
KKC,20090323,11,11.3,10.8,11.1,50000
KKC,20090320,11.3,11.6,11.2,11.3,139200
KKC,20090319,12.8,12.9,11.4,12,110900
KKC,20090318,12.3,12.3,11.9,12.2,268100
KKC,20090317,11.4,11.5,11.4,11.5,97700
KKC,20090316,10.7,11.2,10.7,10.8,187500
KKC,20090313,11.5,12.1,11.2,11.5,73200
KKC,20090312,12.9,12.9,11.3,11.8,277500
KKC,20090311,12.1,12.1,12.1,12.1,11800
KKC,20090310,11.4,11.4,11.4,11.4,16100
KKC,20090309,10.6,10.7,10.6,10.7,12600
KKC,20090306,9.9,10.1,9.5,10,53400
KKC,20090305,9.2,9.5,9.2,9.5,62000
KKC,20090304,8.7,9.2,8.7,8.9,33400
KKC,20090303,8.8,8.8,8.5,8.6,36800
KKC,20090302,9,9.2,9,9.1,21600
KKC,20090227,9.2,9.3,9,9.1,23400
KKC,20090226,9.1,9.6,8.8,9,36100
KKC,20090225,8.7,9.8,8.7,9.3,53700
KKC,20090224,9.4,9.4,9.3,9.3,35400
KKC,20090223,10.5,10.5,9.8,9.9,18200
KKC,20090220,10.7,10.7,10.1,10.4,9600
KKC,20090219,10.8,11,10.6,10.7,25800
KKC,20090218,11.5,11.5,11.2,11.3,12800
KKC,20090217,12.3,12.3,11.8,12,10400
KKC,20090216,12.7,12.7,12.5,12.6,12800
KKC,20090213,12.7,12.9,12.7,12.8,7800
KKC,20090212,12.6,12.8,12.6,12.8,17400
KKC,20090211,12.6,12.9,12.5,12.6,28200
KKC,20090210,13.5,13.5,12.8,13,27600
KKC,20090209,13.1,13.9,13,13.5,21200
KKC,20090206,13.4,13.4,12.7,13,24800
KKC,20090205,14,14,13.1,13.2,34400
KKC,20090204,14.5,14.9,13.7,14,27300
KKC,20090203,15,15,14.5,14.6,40700
KKC,20090202,16,16,15.3,15.5,20400
KKC,20090123,16,16.5,16,16.2,18700
KKC,20090122,15.9,16.4,15.9,16,30700
KKC,20090121,16.3,16.3,15.5,15.7,33200
KKC,20090120,16.6,16.6,16.2,16.4,18300
KKC,20090119,17.1,17.1,16.6,16.8,19700
KKC,20090116,17.1,17.4,17,17.1,9200
KKC,20090115,17.3,17.3,17.2,17.2,3200
KKC,20090114,17.4,17.6,17.2,17.3,27400
KKC,20090113,17.6,17.6,17.2,17.2,20200
KKC,20090112,17.6,17.8,17.4,17.6,27800
KKC,20090109,17.1,17.9,17.1,17.6,42900
KKC,20090108,17.5,17.7,17.4,17.5,15200
KKC,20090107,18.1,18.5,17.6,18.2,63900
KKC,20090106,17,17.8,17,17.4,61500
KKC,20090105,17.6,17.6,17,17.2,60200
KKC,20090102,17.5,17.8,17.4,17.6,22000
KKC,20081231,18.3,18.3,17.5,17.7,49500
KKC,20081230,17.4,18.2,17.3,18,29700
KKC,20081229,18.3,18.3,17.7,17.9,16300
KKC,20081226,18.5,18.8,18,18.3,63200
KKC,20081225,18.9,18.9,18.1,18.6,128900
KKC,20081224,17.1,18.2,17.1,17.7,57700
KKC,20081223,17.1,17.3,17,17.1,21000
KKC,20081222,18,18.5,17.8,18,66900
KKC,20081219,17.9,18.1,17.8,17.9,95900
KKC,20081218,18,18.1,17.8,17.9,74800
KKC,20081217,17.6,19,17.3,18,90300
KKC,20081216,19.3,19.3,18,18.1,21400
KKC,20081215,19,19.3,18.5,19.3,94900
KKC,20081212,17.5,18.1,17.5,18.1,66500
KKC,20081211,16.5,17.8,16.5,17,51500
KKC,20081210,18,18,17.3,17.4,220500
KKC,20081209,18.5,19.8,18.2,18.5,217800
KKC,20081208,19.8,19.8,19.5,19.5,64400
KKC,20081205,21.9,21.9,20,20.9,176200
KKC,20081204,20.5,20.5,20.5,20.5,214400
KKC,20081203,19.2,19.2,18.5,19.2,542400
KKC,20081202,17.7,18.4,17.7,18,54200
KKC,20081201,20.5,20.5,18.7,19,124500
KKC,20081128,19.6,21.7,19.6,20.1,146900
KKC,20081127,21,21,21,21,1700
KKC,20081126,22.5,22.5,22.5,22.5,2800
KKC,20081125,25,25,23.5,24.1,16300
KKC,20081124,26.2,26.3,24.1,25.2,135900
KKC,20081124,26.2,26.3,24.1,25.2,135900
KKC,20081121,24.6,25.3,24,24.6,46700
KKC,20081120,27,27,25.2,25.6,46100
KKC,20081119,27.8,27.8,26.5,27,66200
KKC,20081118,25.5,27.2,25,26,70279
KKC,20081117,26.3,26.6,24.9,25.5,48200
KKC,20081114,28,28.1,25.5,26.6,95100
KKC,20081113,26.2,28.5,26.2,26.4,90400
KKC,20081112,28.1,28.1,28.1,28.1,3700
KKC,20081111,31.1,31.1,30,30.2,27200
KKC,20081110,32.9,32.9,31,32.2,140600
KKC,20081107,30,31.5,28.5,30.8,187300
KKC,20081106,28,29.9,27,29.5,234400
KKC,20081105,28,28,28,28,5200
KKC,20081104,22.9,26.3,22.9,26.2,41500
KKC,20081103,24,25.3,22.6,24.6,76100
KKC,20081031,24.5,24.9,22.6,23.7,86300
KKC,20081030,25.5,25.5,24,24.2,79500
KKC,20081029,27,27,23.6,25.7,181100
KKC,20081028,25.3,25.3,25.3,25.3,9300
KKC,20081027,27.1,27.1,27.1,27.1,7300
KKC,20081024,29.1,29.9,29.1,29.1,106400
KKC,20081023,31.2,31.2,31.2,31.2,19900
KKC,20081022,34,34.2,33.4,33.5,63400
KKC,20081021,36,37,35,35.9,58700
KKC,20081020,38.2,39.2,34.6,35.6,75300
KKC,20081017,37.5,38.5,35,36.7,67700
KKC,20081016,36,36.1,36,36,58250
KKC,20081015,41,41,35.8,38.7,153600
KKC,20081014,38.4,38.4,38.4,38.4,2100
KKC,20081013,35.7,37.9,35.3,35.9,56100
KKC,20081010,37.9,37.9,37.9,37.9,21500
KKC,20081009,40.6,42.9,40.4,40.7,93300
KKC,20081008,43.6,44,43.4,43.4,92500
KKC,20081007,46.6,46.6,46.6,46.6,24000
KKC,20081006,52,52.5,49.9,50.1,34900
KKC,20081003,54.6,54.6,52.5,53.6,37500
KKC,20081002,54.3,57.8,54,55.1,47600
KKC,20081001,54,59,52.8,54.3,101900
KKC,20080930,56.7,56.7,56.7,56.7,8700
KKC,20080929,63.5,63.5,59.2,60.9,66400
KKC,20080926,66.7,66.7,62,63.5,129800
KKC,20080925,58.9,64,58.8,62.4,118000
KKC,20080924,61,63,57,60.6,98500
KKC,20080923,64,64.4,60,61.1,114000
KKC,20080922,64.5,64.5,64.5,64.5,26700
KKC,20080919,55,62.1,54.2,60.3,89200
KKC,20080918,58.1,58.1,58.1,58.1,20700
KKC,20080917,62.4,65.3,62.4,62.4,87400
KKC,20080916,71,72.2,65.3,67,69600
KKC,20080915,63.8,73.2,63.8,70.2,185200
KKC,20080912,68.4,70,68.4,68.5,163900
KKC,20080911,72.8,80,72.8,73.5,387200
KKC,20080910,78.2,78.2,78.2,78.2,17100
KKC,20080909,84,84,84,84,26300
KKC,20080908,90.3,90.3,90.3,90.3,5400
KKC,20080905,97,97,97,97,16900
KKC,20080904,104.3,104.3,104.3,104.3,22000
KKC,20080903,118,121.9,108,112.1,126600
KKC,20080829,114.7,123.3,114.7,116.1,286900
KKC,20080828,138,138.4,120.9,123.3,124400
KKC,20080827,130,130,125,129.9,462100
KKC,20080826,121.5,121.5,121.5,121.5,195400
KKC,20080825,113.9,113.9,110,113.6,414100
KKC,20080822,110.3,110.3,96,106.5,564000
KKC,20080821,90,115,90,103.1,382800
