<Ticker>,<DTYYYYMMDD>,<Open>,<High>,<Low>,<Close>,<Volume>
LAF,20100729,20.8,21.5,20.8,20.9,92680
LAF,20100728,22.3,22.3,21.2,21.2,167350
LAF,20100727,22.3,22.5,21.8,22.3,109220
LAF,20100726,22.8,22.9,22.5,22.7,145500
LAF,20100723,23.2,23.2,22.5,22.7,196820
LAF,20100722,22.7,23.3,22.4,23.1,368870
LAF,20100721,21.6,22.6,21.6,22.6,408770
LAF,20100720,22.2,22.2,21.6,21.6,110510
LAF,20100719,21.4,22,21.4,22,124930
LAF,20100716,21.2,21.6,21.1,21.6,41780
LAF,20100715,21.8,21.8,21.5,21.5,96650
LAF,20100714,22.2,22.2,21.6,21.7,43330
LAF,20100713,21.8,22,21.6,21.9,84490
LAF,20100712,21.2,21.3,21,21.3,64460
LAF,20100709,21,21.3,20.9,20.9,36260
LAF,20100708,20.7,21.3,20.7,20.9,117020
LAF,20100707,21.5,21.5,20.7,20.7,106390
LAF,20100706,21.4,21.4,20.7,21,99740
LAF,20100705,22,22,21.2,21.4,37930
LAF,20100702,21,21.5,21,21.4,89750
LAF,20100701,21.3,21.6,21,21,159350
LAF,20100630,21.2,21.6,21.1,21.3,156660
LAF,20100629,22.5,22.7,22,22,55470
LAF,20100628,21.9,22,21.7,21.7,63630
LAF,20100625,22,22.7,21.8,21.8,158380
LAF,20100624,23.4,23.5,22.8,22.8,355180
LAF,20100623,22,22.9,21.9,22.9,350300
LAF,20100622,22.3,22.8,21.9,21.9,147270
LAF,20100621,21.7,22.7,21.7,22.7,343360
LAF,20100618,22.2,22.6,21.7,21.7,183710
LAF,20100617,22.1,22.8,22.1,22.3,157210
LAF,20100616,22.6,22.9,22.4,22.6,161060
LAF,20100615,22.9,22.9,22.1,22.4,156240
LAF,20100614,22.1,22.9,21.9,22.9,267370
LAF,20100611,21.9,22.2,21.3,21.9,292300
LAF,20100610,21,21.7,21,21.2,30030
LAF,20100609,22,22,21,21.6,104490
LAF,20100608,19.9,21.3,19.9,21.3,152570
LAF,20100607,20.7,21,20.5,20.5,230120
LAF,20100604,22.3,22.3,21.5,21.5,133810
LAF,20100603,23,23,22.2,22.3,183760
LAF,20100602,23,23.5,22.4,22.8,583680
LAF,20100601,22.2,22.4,21.5,22.4,282340
LAF,20100531,21.4,21.4,21,21.4,199420
LAF,20100528,20.4,20.4,20.3,20.4,217770
LAF,20100527,19.5,19.6,19.2,19.5,72140
LAF,20100526,19,19.4,19,19.4,82280
LAF,20100525,18.8,19,18.7,18.8,119630
LAF,20100524,20,20,18.8,18.8,87830
LAF,20100521,19.3,19.4,19.3,19.3,155060
LAF,20100520,19.3,20.5,19.3,20.3,77650
LAF,20100519,21.8,21.8,20.3,20.3,145980
LAF,20100518,20.9,21.2,20.8,20.8,69130
LAF,20100517,21.2,22,21.1,21.3,191960
LAF,20100514,21.6,21.6,20.8,21,147380
LAF,20100513,21.9,22,21,21.1,107100
LAF,20100512,23,23,21.9,21.9,242340
LAF,20100511,23.5,23.5,22.6,23,266860
LAF,20100510,22.9,22.9,22,22.5,296260
LAF,20100507,22.6,22.6,21.8,21.9,307910
LAF,20100506,22.1,22.6,21.7,22.6,394460
LAF,20100505,22.6,22.8,21.8,21.8,351710
LAF,20100504,22.7,22.8,22.2,22.6,348750
LAF,20100429,22.4,22.6,22.1,22.1,390780
LAF,20100428,22.6,22.8,22.4,22.4,182850
LAF,20100427,23.1,23.1,22.5,22.8,217570
LAF,20100426,22.8,23.3,22.6,22.6,383330
LAF,20100422,22.9,23.5,22.5,22.5,395300
LAF,20100421,24.3,24.3,23.4,23.4,313130
LAF,20100420,23.6,24.3,22.9,24.3,617210
LAF,20100419,23.7,23.9,23.6,23.6,695880
LAF,20100416,24.7,24.7,24.3,24.5,1084340
LAF,20100415,23.6,23.8,23.4,23.8,147400
LAF,20100414,22.6,22.9,22.3,22.9,345830
LAF,20100413,22.9,23.1,22,22.1,354350
LAF,20100412,22.5,23.6,22.5,22.9,437980
LAF,20100409,24,24.3,23.1,23.1,420170
LAF,20100408,24.5,24.6,24,24,629910
LAF,20100407,24.3,25,23.8,24.9,406890
LAF,20100406,25.6,25.8,24.3,24.3,441510
LAF,20100405,24.9,24.9,24.6,24.9,276830
LAF,20100402,23.6,24,23.4,24,586970
LAF,20100401,23,24,22.6,23.1,434500
LAF,20100331,23.5,24.4,22.9,23.5,802250
LAF,20100330,22.5,23.5,22.5,23.5,809860
LAF,20100329,23.3,23.9,22.7,22.7,436980
LAF,20100326,22.3,23.3,22.3,23.3,684240
LAF,20100325,22.1,22.7,21.1,22.5,522100
LAF,20100324,21.3,21.9,21,21.9,582160
LAF,20100323,20.4,21.1,20.3,21.1,1006820
LAF,20100322,20.4,20.4,20.3,20.4,651050
LAF,20100319,19.7,19.7,19.6,19.7,516270
LAF,20100318,18.8,19,18.3,19,241160
LAF,20100317,18.6,19.2,18.4,18.4,263990
LAF,20100316,19,19.5,18.9,18.9,426120
LAF,20100315,19,19.7,19,19.6,427540
LAF,20100312,18.7,19.1,18.4,19,388550
LAF,20100311,19,19,18.5,19,189310
LAF,20100310,18.3,19,17.9,19,439090
LAF,20100309,18.7,18.8,18.3,18.4,274690
LAF,20100308,18.1,18.3,18.1,18.3,442210
LAF,20100305,17.3,17.7,17.3,17.7,511010
LAF,20100304,17.1,17.1,17.1,17.1,58330
LAF,20100303,16.6,16.6,16.6,16.6,108600
LAF,20100302,16.1,16.2,15.9,16.1,79240
LAF,20100301,15.9,16.4,15.9,16.1,67820
LAF,20100226,15.6,15.9,15.5,15.9,147970
LAF,20100225,15.6,15.6,15.3,15.4,28760
LAF,20100224,15.3,15.3,15.2,15.3,22050
LAF,20100223,15.4,15.5,15.3,15.3,56870
LAF,20100222,15.9,15.9,15.6,15.7,24480
LAF,20100212,15.6,15.9,15.6,15.7,40580
LAF,20100211,15.6,15.8,15.6,15.6,15360
LAF,20100210,15.3,15.6,15.3,15.6,23710
LAF,20100209,15.6,15.6,15.1,15.3,138900
LAF,20100208,15.3,15.8,15.3,15.5,19310
LAF,20100205,15.7,16.1,15.6,15.6,90820
LAF,20100204,15.9,16.1,15.9,16,81090
LAF,20100203,15.8,16.1,15.6,15.6,115880
LAF,20100202,16.7,16.7,15.9,15.9,89480
LAF,20100201,15.8,16.3,15.8,16.3,77300
LAF,20100129,16.5,16.5,15.8,15.8,89040
LAF,20100128,16.8,16.8,16.1,16.2,61080
LAF,20100127,16.9,16.9,16.4,16.5,144010
LAF,20100126,16.5,16.9,16.5,16.9,89690
LAF,20100125,15.8,16.4,15.6,16.4,92550
LAF,20100122,16,16.2,15.6,16,90170
LAF,20100121,16.5,16.8,16,16,83340
LAF,20100120,17.4,17.4,16.6,16.6,151100
LAF,20100119,16.8,17.3,16.8,17.1,31290
LAF,20100118,17.4,17.4,17.1,17.1,37930
LAF,20100115,17.4,17.9,17.3,17.6,182140
LAF,20100114,17.4,17.6,17.3,17.6,468190
LAF,20100113,16.6,17.4,16.5,17.1,141420
LAF,20100112,17.6,17.6,17.1,17.1,78710
LAF,20100111,17.6,18.3,17.5,17.6,155730
LAF,20100108,18.1,18.1,17.8,18.1,378110
LAF,20100107,16.9,17.6,16.9,17.6,134490
LAF,20100106,16.6,17.1,16.6,17,70770
LAF,20100105,17.5,17.5,17.1,17.1,138000
LAF,20100104,16.8,16.9,16.8,16.9,53690
LAF,20091231,16.9,16.9,16.4,16.4,98370
LAF,20091230,16.1,16.6,16.1,16.5,205160
LAF,20091229,16.5,16.5,16.1,16.1,49370
LAF,20091228,16.4,16.8,16.3,16.7,77390
LAF,20091225,15.5,16.3,15.5,16.3,105760
LAF,20091224,15.6,15.8,15.4,15.8,52550
LAF,20091223,15.6,16,15.4,15.4,60810
LAF,20091222,15.8,15.8,15.8,15.8,119870
LAF,20091221,15.3,15.3,15.3,15.3,44780
LAF,20091218,14.7,14.9,14.7,14.9,27490
LAF,20091217,14.4,14.5,14.4,14.4,86720
LAF,20091216,15.1,15.1,14.9,14.9,97780
LAF,20091215,16,16,15.4,15.4,72090
LAF,20091214,16.2,16.6,15.7,15.9,81710
LAF,20091211,16.3,16.3,16.2,16.2,46960
LAF,20091210,16.8,17.4,16.8,16.8,204610
LAF,20091209,17.3,17.3,17.3,17.3,27900
LAF,20091208,18.1,18.1,17.9,17.9,126190
LAF,20091207,18.4,18.6,18.2,18.6,82860
LAF,20091204,18,18.2,17.6,18,265690
LAF,20091203,17.4,17.6,16.4,17.6,114380
LAF,20091202,17.1,18,17,17,218670
LAF,20091201,17.6,17.6,17.6,17.6,68730
LAF,20091130,16.8,17.1,16.6,17.1,131900
LAF,20091127,15.6,16.7,15.6,16.6,157770
LAF,20091126,16.1,16.1,16.1,16.1,22360
LAF,20091125,16.9,17.3,16.7,16.7,60510
LAF,20091124,17.4,17.6,17.3,17.3,60980
LAF,20091123,18.4,18.4,17.7,17.7,92720
LAF,20091120,18.4,18.8,18.1,18.2,44740
LAF,20091119,18.5,18.6,18.4,18.6,107620
LAF,20091118,18,18.5,18,18.4,102900
LAF,20091117,18.5,18.5,18.1,18.1,46390
LAF,20091116,18,18.5,18,18.3,100520
LAF,20091113,18,18.3,18,18.1,77010
LAF,20091112,17.6,18.3,17.5,18.3,135620
LAF,20091111,17.1,17.7,16.8,17.6,101490
LAF,20091110,17.7,17.7,17.3,17.3,132900
LAF,20091109,18,18.3,17.9,17.9,88570
LAF,20091106,19,19.5,18.5,18.5,142490
LAF,20091105,18.8,19,18.3,19,149460
LAF,20091104,18.4,19.4,18.4,18.4,155160
LAF,20091103,19.2,19.3,19.1,19.1,60110
LAF,20091102,19.8,19.8,19.8,19.8,41340
LAF,20091030,20.8,20.8,20.4,20.5,294380
LAF,20091029,19.8,20,19.3,20,336740
LAF,20091028,19.3,19.3,19.3,19.3,78840
LAF,20091027,18.5,19.1,18.4,18.6,217630
LAF,20091026,19.3,20.1,19.1,19.1,314950
LAF,20091023,20.2,20.6,19.9,19.9,371090
LAF,20091022,21.3,21.3,20.5,20.6,219330
LAF,20091021,20.5,21.8,20.5,21.3,193060
LAF,20091020,20.8,21.3,20.4,21.3,342770
LAF,20091019,20.8,21.1,20.4,20.5,404990
LAF,20091016,21.9,22.4,21.1,21.1,452420
LAF,20091015,21.9,21.9,21.7,21.9,647190
LAF,20091014,21,21.1,20.4,21.1,447360
LAF,20091013,19,20.4,19,20.4,394060
LAF,20091012,19.6,19.7,19.6,19.7,301490
LAF,20091009,19,19,18.6,19,521560
LAF,20091008,17.8,18.4,17.8,18.4,253500
LAF,20091007,18,18,17.7,17.8,173090
LAF,20091006,17.7,18,17.4,17.6,191060
LAF,20091005,18,18.4,17.4,17.7,212040
LAF,20091002,17.9,18,17.9,17.9,366790
LAF,20091001,17.4,18.5,17.4,18.5,401770
LAF,20090930,18.5,18.6,17.9,17.9,812540
LAF,20090929,18.5,18.5,18.5,18.5,187650
LAF,20090928,17.9,17.9,17.9,17.9,89340
LAF,20090925,17.1,17.3,16.9,17.3,376020
LAF,20090924,16.6,16.8,16.1,16.8,765500
LAF,20090923,16.1,16.2,16.1,16.2,297520
LAF,20090922,15.2,15.7,15.2,15.7,384320
LAF,20090921,15.4,15.6,15.1,15.2,316830
LAF,20090918,15.8,15.8,15.4,15.4,198260
LAF,20090917,15.9,15.9,15.4,15.8,185480
LAF,20090916,16,16,15.6,15.6,475410
LAF,20090915,16.2,16.2,15.8,16.2,1085280
LAF,20090914,15.7,15.7,15.7,15.7,184080
LAF,20090911,14.9,15.2,14.9,15.2,399180
LAF,20090910,15,15.1,14.8,14.8,176180
LAF,20090909,14.6,15,14.6,14.9,369090
LAF,20090908,14.7,15,14.6,14.9,225390
LAF,20090907,14.5,14.8,14.4,14.6,232330
LAF,20090904,15.1,15.1,14.7,14.8,535970
LAF,20090903,14.2,14.7,14.1,14.7,514450
LAF,20090901,14.3,14.6,14.2,14.3,344830
LAF,20090831,14.6,14.6,14.1,14.6,597070
LAF,20090828,14.2,14.2,14.2,14.2,124730
LAF,20090827,13.8,13.8,13.6,13.8,334990
LAF,20090826,13,13.4,13,13.4,313170
LAF,20090825,13,13.1,12.9,13,98800
LAF,20090824,13.1,13.1,13,13,112900
LAF,20090821,13.1,13.3,13,13.1,99750
LAF,20090820,13.1,13.1,12.9,13,73710
LAF,20090819,12.8,13,12.8,13,116710
LAF,20090818,12.8,12.9,12.8,12.8,72310
LAF,20090817,12.8,13,12.7,12.9,105850
LAF,20090814,12.8,13,12.8,12.9,68110
LAF,20090813,13.1,13.1,13,13,82930
LAF,20090812,13.3,13.3,13,13,78360
LAF,20090811,13.1,13.3,13.1,13.2,114590
LAF,20090810,13,13.1,12.9,13.1,141190
LAF,20090807,12.9,13,12.6,12.8,131080
LAF,20090806,12.6,12.9,12.6,12.9,159170
LAF,20090805,12.4,12.5,12.4,12.5,62590
LAF,20090804,12.4,12.5,12.4,12.4,92370
LAF,20090803,12.4,12.6,12.4,12.4,92180
LAF,20090731,12.4,12.6,12.4,12.6,82220
LAF,20090730,12.4,12.6,12.3,12.4,60850
LAF,20090729,12.4,12.6,12.4,12.6,67560
LAF,20090728,12.7,12.9,12.6,12.6,31330
LAF,20090727,13.3,13.3,12.9,12.9,85540
LAF,20090724,13.1,13.1,13.1,13.1,96890
LAF,20090723,12.1,12.8,12.1,12.8,38590
LAF,20090722,12.4,12.5,12.3,12.4,24370
LAF,20090721,12.3,12.5,12.3,12.4,35900
LAF,20090720,12.4,12.4,12.2,12.3,37750
LAF,20090717,12.7,12.7,12.4,12.6,14500
LAF,20090716,12.7,12.7,12.5,12.7,17790
LAF,20090715,12.3,12.6,12.3,12.4,17450
LAF,20090714,12.4,12.4,11.9,12.3,26200
LAF,20090713,12.6,12.6,12.3,12.3,51330
LAF,20090710,13.1,13.1,12.6,12.6,21050
LAF,20090709,12.9,13.1,12.9,12.9,16480
LAF,20090708,13,13,12.9,13,28130
LAF,20090707,12.9,13.1,12.9,13,33570
LAF,20090706,12.7,13.2,12.7,13.2,39880
LAF,20090703,12.5,12.8,12.5,12.8,47650
LAF,20090702,12.5,12.7,12.4,12.5,47130
LAF,20090701,12.5,12.9,12.5,12.5,60370
LAF,20090630,13.3,13.3,12.8,12.9,98050
LAF,20090629,13.4,13.4,13.1,13.2,27700
LAF,20090626,13.8,13.8,13.1,13.4,69430
LAF,20090625,13.6,13.6,13.2,13.4,96610
LAF,20090624,12.8,13.2,12.8,13.2,60780
LAF,20090623,12.8,12.8,12.8,12.8,33440
LAF,20090622,13.2,13.3,13.2,13.2,76470
LAF,20090619,13.9,13.9,13.4,13.6,86200
LAF,20090618,13.8,13.8,13.4,13.8,117620
LAF,20090617,13.4,13.4,13.4,13.4,90160
LAF,20090616,13.8,13.8,13.8,13.8,41110
LAF,20090615,14.3,14.3,14.3,14.3,101790
LAF,20090612,15.6,15.6,14.6,14.7,181400
LAF,20090611,14.4,15.1,14.4,15.1,225650
LAF,20090610,14.7,14.7,14.7,14.7,100450
LAF,20090609,15,15.4,15,15.2,406530
LAF,20090608,15.5,15.5,15.4,15.5,555950
LAF,20090605,15,15,15,15,60590
LAF,20090604,14.6,14.6,14.6,14.6,32930
LAF,20090603,13.7,14.1,13.6,14.1,297710
LAF,20090602,13.9,13.9,13.6,13.7,192830
LAF,20090601,13.7,13.8,13.5,13.6,160350
LAF,20090529,13.4,13.5,13.4,13.5,282940
LAF,20090528,13.8,13.8,13.8,13.8,90750
LAF,20090527,14.3,14.3,14.3,14.3,257590
LAF,20090526,13.9,13.9,13.9,13.9,9060
LAF,20090525,13.5,13.5,13.5,13.5,68480
LAF,20090522,12.7,13.1,12.5,13.1,317190
LAF,20090521,13.1,13.1,12.9,12.9,218050
LAF,20090520,12.8,13.3,12.8,13.1,276500
LAF,20090519,13.4,13.4,13,13,626360
LAF,20090518,13.4,13.4,12.9,13.4,887350
LAF,20090515,13,13,13,13,79310
LAF,20090514,12.6,12.6,12.6,12.6,67180
LAF,20090513,12.3,12.3,12.1,12.3,468230
LAF,20090512,12,12,11.7,12,587180
LAF,20090511,11.7,11.7,11.7,11.7,84520
LAF,20090508,11.4,11.4,11.4,11.4,250710
LAF,20090507,10.8,11.1,10.8,11.1,261500
LAF,20090506,10.9,11,10.8,10.8,123320
LAF,20090505,11.2,11.2,11,11.1,281000
LAF,20090504,10.9,10.9,10.9,10.9,136200
LAF,20090429,10.5,10.6,10.3,10.6,124280
LAF,20090428,10.1,10.5,10.1,10.5,138540
LAF,20090427,10.2,10.3,10.1,10.3,116420
LAF,20090424,10.2,10.3,10,10.1,142340
LAF,20090423,10.7,10.7,10.3,10.3,186340
LAF,20090422,10.4,10.7,10.4,10.4,304070
LAF,20090421,10.7,10.7,10.7,10.7,2930
LAF,20090420,11,11,10.9,10.9,6070
LAF,20090417,11.3,11.3,11.3,11.3,37900
LAF,20090416,11.9,11.9,11.6,11.6,141060
LAF,20090415,11.5,12,11.4,11.9,478870
LAF,20090414,11.7,11.7,11.7,11.7,66720
LAF,20090413,11.4,11.4,11.4,11.4,1890
LAF,20090410,11.1,11.1,11.1,11.1,2460
LAF,20090409,10.8,10.8,10.8,10.8,60710
LAF,20090408,10.6,10.6,10.4,10.6,198480
LAF,20090407,10.3,10.3,10.3,10.3,300550
LAF,20090403,10.1,10.1,10.1,10.1,17500
LAF,20090402,9.8,9.8,9.8,9.8,41320
LAF,20090401,9.6,9.6,9.6,9.6,7310
LAF,20090331,9.4,9.4,9.4,9.4,40860
LAF,20090330,9.2,9.2,9.2,9.2,50860
LAF,20090327,9.1,9.1,9,9,49040
LAF,20090326,9.1,9.1,9,9,30080
LAF,20090325,9,9.1,9,9,26360
LAF,20090324,9.1,9.1,9,9.1,14790
LAF,20090323,9,9,9,9,3580
LAF,20090320,8.8,9,8.8,8.9,37600
LAF,20090319,9.1,9.1,8.9,8.9,43070
LAF,20090318,9,9,9,9,61740
LAF,20090317,8.9,8.9,8.9,8.9,43080
LAF,20090316,8.7,8.9,8.7,8.8,18940
LAF,20090313,8.9,8.9,8.8,8.8,11780
LAF,20090312,8.8,9,8.8,8.9,79250
LAF,20090311,8.9,8.9,8.9,8.9,39160
LAF,20090310,8.6,8.8,8.6,8.8,46150
LAF,20090309,8.5,8.6,8.5,8.6,5900
LAF,20090306,8.3,8.5,8.3,8.5,15530
LAF,20090305,8.4,8.4,8.4,8.4,11920
LAF,20090304,8.1,8.3,8.1,8.3,11380
LAF,20090303,8.1,8.1,8.1,8.1,18410
LAF,20090302,8.1,8.2,8.1,8.2,25780
LAF,20090227,7.8,8.1,7.8,8.1,24940
LAF,20090226,7.9,7.9,7.9,7.9,21030
LAF,20090225,8,8,7.9,7.9,36260
LAF,20090224,7.9,8,7.8,7.9,12970
LAF,20090223,8.3,8.3,7.9,7.9,6650
LAF,20090220,8.1,8.1,8.1,8.1,7140
LAF,20090219,8.2,8.3,8.1,8.1,27120
LAF,20090218,8.3,8.3,8.3,8.3,11460
LAF,20090217,8.3,8.4,8.3,8.4,9730
LAF,20090216,8.4,8.4,8.4,8.4,6380
LAF,20090213,8.4,8.4,8.4,8.4,8340
LAF,20090212,8.4,8.4,8.4,8.4,16970
LAF,20090211,8.4,8.6,8.4,8.6,12080
LAF,20090210,8.5,8.6,8.4,8.5,34120
LAF,20090209,8.6,8.6,8.5,8.6,7460
LAF,20090206,8.4,8.6,8.4,8.6,26830
LAF,20090205,8.6,8.6,8.6,8.6,4800
LAF,20090204,8.8,8.8,8.8,8.8,13960
LAF,20090203,8.9,8.9,8.9,8.9,1670
LAF,20090202,9.1,9.1,9.1,9.1,6080
LAF,20090123,9.3,9.3,9.2,9.3,7590
LAF,20090122,9.2,9.3,9.2,9.3,3820
LAF,20090121,9,9.2,9,9.2,4260
LAF,20090120,9.1,9.2,9,9.1,9930
LAF,20090119,9,9.1,9,9.1,12590
LAF,20090116,9,9.2,9,9.1,6100
LAF,20090115,9,9.1,9,9,5620
LAF,20090114,9.1,9.1,9,9.1,11730
LAF,20090113,9.2,9.2,9.1,9.1,24220
LAF,20090112,9.2,9.3,9.2,9.3,15030
LAF,20090109,9.5,9.6,9.3,9.3,8070
LAF,20090108,9.6,9.6,9.4,9.5,13840
LAF,20090107,9.6,9.6,9.5,9.6,36120
LAF,20090106,9.3,9.4,9.3,9.4,29460
LAF,20090105,9,9.3,9,9.2,40310
LAF,20090102,9.3,9.3,9.1,9.1,10170
LAF,20081231,9.2,9.3,9.2,9.2,13110
LAF,20081230,9,9.2,9,9.2,13680
LAF,20081229,8.9,9.1,8.9,9,10930
LAF,20081226,9,9,8.9,9,28970
LAF,20081225,9.1,9.1,8.9,8.9,16400
LAF,20081224,9.1,9.2,9,9,16410
LAF,20081223,9.2,9.2,9.1,9.1,12410
LAF,20081222,9,9.2,9,9.2,34600
LAF,20081219,9,9.2,9,9.1,5670
LAF,20081218,9.1,9.2,9.1,9.1,28470
LAF,20081217,9.1,9.3,9,9.3,13890
LAF,20081216,9.3,9.3,9.1,9.1,23910
LAF,20081215,9.3,9.3,9.3,9.3,29840
LAF,20081212,9,9.1,9,9.1,27110
LAF,20081211,8.8,9,8.8,8.9,18180
LAF,20081210,9,9,8.9,8.9,16970
LAF,20081209,9.2,9.3,9,9,32140
LAF,20081208,9.2,9.2,9.2,9.2,23060
LAF,20081205,9.6,9.6,9.4,9.4,22650
LAF,20081204,9.8,9.8,9.6,9.6,23360
LAF,20081203,9.9,9.9,9.6,9.6,13140
LAF,20081202,9.8,10,9.8,9.8,30190
LAF,20081201,10,10,10,10,6520
LAF,20081128,10,10,9.8,10,54830
LAF,20081127,9.8,10,9.8,9.8,13460
LAF,20081126,10,10.1,9.9,10,9280
LAF,20081125,10.1,10.2,10.1,10.1,34000
LAF,20081124,10.1,10.1,9.9,10.1,28580
LAF,20081124,10.1,10.1,9.9,10.1,28580
LAF,20081121,10,10.1,9.9,10,63760
LAF,20081120,10.1,10.3,10.1,10.1,57250
LAF,20081119,10.4,10.4,10.3,10.4,89330
LAF,20081118,10.4,10.4,10.4,10.4,45040
LAF,20081117,10.4,10.4,10.3,10.4,125870
LAF,20081114,10.2,10.2,10.2,10.2,60410
LAF,20081113,9.9,10.3,9.9,9.9,323590
LAF,20081112,10.3,10.3,10.3,10.3,55900
LAF,20081111,10.5,10.8,10.5,10.5,49690
LAF,20081110,10.8,10.9,10.7,10.8,24640
LAF,20081107,10.7,10.9,10.7,10.7,32230
LAF,20081106,10.9,11.3,10.9,10.9,48460
LAF,20081105,11.2,11.2,11.2,11.2,54460
LAF,20081104,10.9,10.9,10.5,10.9,46890
LAF,20081103,10.6,10.8,10.5,10.6,25280
LAF,20081031,10.7,10.8,10.6,10.7,53130
LAF,20081030,10.6,10.6,10.4,10.6,64650
LAF,20081029,10.9,10.9,10.7,10.7,125390
LAF,20081028,10.7,10.7,10.7,10.7,10780
LAF,20081027,10.9,10.9,10.9,10.9,12350
LAF,20081024,11.3,11.3,11.3,11.3,22150
LAF,20081023,11.6,11.6,11.6,11.6,27740
LAF,20081022,11.9,12.1,11.9,11.9,90280
LAF,20081021,12.3,12.3,12,12.3,48370
LAF,20081020,12,12.4,12,12,55860
LAF,20081017,12.3,12.4,12.1,12.3,68400
LAF,20081016,12.3,12.4,12.1,12.3,50930
LAF,20081015,12.4,12.4,12.4,12.4,109410
LAF,20081014,12.1,12.1,12.1,12.1,74630
LAF,20081013,12.1,12.4,11.8,11.8,126770
LAF,20081010,12.1,12.1,12.1,12.1,35440
LAF,20081009,12.5,12.9,12.5,12.5,99390
LAF,20081008,12.9,13.1,12.9,12.9,97670
LAF,20081007,13.3,13.3,13.3,13.3,7380
LAF,20081006,13.9,14.1,13.7,13.7,50530
LAF,20081003,13.8,14.3,13.8,14.1,41640
LAF,20081002,14.7,14.7,13.9,14.1,31680
LAF,20081001,15.1,15.1,14.3,14.3,82280
LAF,20080930,14.8,14.8,14.8,14.8,100
LAF,20080929,15,15.5,15,15.3,39860
LAF,20080926,15.6,15.6,15.4,15.5,94910
LAF,20080925,14.7,15.2,14.7,15.2,40750
LAF,20080924,14.8,15.1,14.7,14.7,29920
LAF,20080923,14.3,15.3,14.3,15.1,154100
LAF,20080922,14.8,14.8,14.8,14.8,12220
LAF,20080919,14.4,14.4,14.3,14.4,129550
LAF,20080918,13.9,13.9,13.9,13.9,5460
LAF,20080917,14.4,14.4,14.4,14.4,23240
LAF,20080916,14.9,15.1,14.9,14.9,100110
LAF,20080915,15.4,15.4,14.8,15.4,204080
LAF,20080912,14.9,15.9,14.9,14.9,82560
LAF,20080911,15.6,15.6,15.4,15.4,144050
LAF,20080910,16.7,16.7,15.9,15.9,160620
LAF,20080909,16.7,17,16.1,16.5,246570
LAF,20080908,16.5,16.5,16.5,16.5,95190
LAF,20080905,18.2,18.3,17.1,17.1,248140
LAF,20080904,17.8,17.8,17.1,17.8,268310
LAF,20080903,17.1,17.1,17.1,17.1,3700
LAF,20080829,16.6,16.6,16.1,16.6,262580
LAF,20080828,16.2,16.2,15.6,16.1,329430
LAF,20080827,15.7,15.7,15.7,15.7,5040
LAF,20080826,15.2,15.2,15.2,15.2,2500
LAF,20080825,14.7,14.7,14.7,14.7,6000
LAF,20080822,14.3,14.3,13.8,14.3,310930
LAF,20080821,13,13.8,13,13.8,112490
LAF,20080820,13.4,13.7,13.4,13.4,49080
LAF,20080819,13.5,14.3,13.5,13.9,84500
LAF,20080818,13.8,13.9,13.6,13.9,111890
LAF,20080815,13.6,13.6,13.6,13.6,22460
LAF,20080814,13.1,13.3,12.9,13.3,147390
LAF,20080813,12.9,13.2,12.9,13.1,80310
LAF,20080812,13.3,13.3,12.8,13.1,62510
LAF,20080811,13.1,13.1,13.1,13.1,79470
LAF,20080808,12.8,12.8,12.5,12.8,46960
LAF,20080807,13.1,12.9,12.4,12.9,175910
LAF,20080806,12.4,12.9,12.4,12.9,175910
LAF,20080805,12.7,12.7,12.7,12.7,5910
LAF,20080804,12.9,12.9,12.9,12.9,3120
LAF,20080801,13.1,13.1,13.1,13.1,15170
LAF,20080731,13.4,13.4,13.4,13.4,23480
LAF,20080730,13.6,13.9,13.6,13.6,83050
LAF,20080729,13.9,13.9,13.9,13.9,7340
LAF,20080728,13.1,13.6,13.1,13.6,119760
LAF,20080725,13.4,13.4,13.4,13.4,38470
LAF,20080724,13.6,14.2,13.6,13.6,288280
LAF,20080723,13.9,13.9,13.9,13.9,20300
LAF,20080722,14.4,14.4,14.2,14.2,110
LAF,20080721,14.4,14.4,14.4,14.4,12290
LAF,20080718,14.5,14.7,14.2,14.7,243250
LAF,20080717,14.4,14.4,14.4,14.4,42750
LAF,20080716,14.2,14.2,13.6,14.2,173110
LAF,20080715,13.9,13.9,13.9,13.9,12820
LAF,20080714,13.6,13.6,13.6,13.6,4600
LAF,20080711,13.4,13.4,13.4,13.4,4110
LAF,20080710,12.9,13.2,12.9,13.2,23750
LAF,20080709,12.9,12.9,12.9,12.9,4480
LAF,20080708,12.6,12.8,12.3,12.8,174420
LAF,20080707,12.9,12.9,12.5,12.5,119330
LAF,20080704,12.8,12.8,12.8,12.8,3890
LAF,20080703,12.5,12.5,12.5,12.5,8960
LAF,20080702,12.3,12.3,11.8,12.3,129730
LAF,20080701,12.1,12.1,12.1,12.1,21630
LAF,20080630,11.9,11.9,11.9,11.9,65720
LAF,20080627,11.4,11.7,11.4,11.7,106930
LAF,20080626,11.5,11.5,11.2,11.5,62420
LAF,20080625,11.4,11.4,11.4,11.4,34000
LAF,20080624,11.2,11.2,11.1,11.2,59160
LAF,20080623,11,11,10.7,11,131800
LAF,20080620,10.8,10.8,10.8,10.8,12890
LAF,20080619,11,11,11,11,6170
LAF,20080618,11.4,11.4,11.2,11.2,185050
LAF,20080617,11.3,11.3,11.3,11.3,3010
LAF,20080616,11.2,11.2,11.2,11.2,63560
LAF,20080613,11,11.2,11,11.1,187570
LAF,20080612,11.1,11.1,11.1,11.1,17270
LAF,20080611,11.2,11.2,11.2,11.2,23390
LAF,20080610,11.3,11.3,11.3,11.3,2130
LAF,20080609,11.4,11.4,11.4,11.4,10
LAF,20080606,11.5,11.5,11.5,11.5,10
LAF,20080605,11.8,11.8,11.7,11.7,2200
LAF,20080604,11.8,11.8,11.8,11.8,1020
LAF,20080603,11.9,11.9,11.9,11.9,30
LAF,20080602,12.1,12.1,12.1,12.1,1160
LAF,20080530,12.2,12.2,12.2,12.2,2010
LAF,20080526,12.3,12.3,12.3,12.3,1400
LAF,20080522,12.6,12.6,12.6,12.6,10
LAF,20080521,12.8,12.8,12.8,12.8,1000
LAF,20080520,12.9,12.9,12.9,12.9,100
LAF,20080519,13,13,13,13,6320
LAF,20080516,13.1,13.1,13.1,13.1,4140
LAF,20080515,13.3,13.3,13.3,13.3,280
LAF,20080514,13.4,13.4,13.4,13.4,80
LAF,20080513,13.6,13.6,13.6,13.6,5340
LAF,20080512,13.8,13.8,13.8,13.8,7680
LAF,20080509,13.9,13.9,13.9,13.9,20
LAF,20080508,14.1,14.1,14.1,14.1,100
LAF,20080507,14.3,14.3,14.3,14.3,700
LAF,20080506,14.3,14.3,14.3,14.3,2310
LAF,20080505,14.5,14.5,14.5,14.5,24200
LAF,20080429,15,15,14.6,14.6,51270
LAF,20080428,14.5,14.8,14.5,14.8,93820
LAF,20080425,14.6,14.6,14.6,14.6,22660
LAF,20080424,14.8,14.8,14.8,14.8,6000
LAF,20080423,15.2,15.2,15,15,710
LAF,20080422,15.2,15.2,15.2,15.2,540
LAF,20080421,15.4,15.6,15.4,15.4,1460
LAF,20080418,15.6,15.6,15.6,15.6,25920
LAF,20080417,15.4,15.8,15.4,15.8,54880
LAF,20080416,15.6,15.6,15.6,15.6,460
LAF,20080411,15.8,15.8,15.8,15.8,5700
LAF,20080410,16,16,16,16,4630
LAF,20080409,16.2,16.2,16.2,16.2,15050
LAF,20080408,16.7,16.7,16.2,16.4,141380
LAF,20080407,16.4,16.4,16.4,16.4,4560
LAF,20080404,16.2,16.2,16.2,16.2,570
LAF,20080403,16.1,16.1,16.1,16.1,330
LAF,20080402,16.1,16.1,16.1,16.1,9100
LAF,20080401,15.9,15.9,15.9,15.9,2600
LAF,20080331,15.9,15.9,15.9,15.9,4800
LAF,20080328,15.8,15.8,15.8,15.8,17860
LAF,20080327,15.7,15.7,15.7,15.7,7850
LAF,20080326,15.6,16.1,15.6,15.6,115910
LAF,20080325,16.1,16.1,16.1,16.1,920
LAF,20080324,16.7,16.7,16.7,16.7,4700
LAF,20080321,17.3,17.3,17.3,17.3,12410
LAF,20080320,17.9,18.6,17.9,17.9,89090
LAF,20080319,19.8,19.8,18.6,18.6,109230
LAF,20080318,19.3,19.3,19.3,19.3,25950
LAF,20080317,20.1,20.4,20.1,20.1,98290
LAF,20080314,21.1,21.1,20.8,20.9,35570
LAF,20080313,20.7,21.1,20.7,21.1,69460
LAF,20080312,20.8,21.6,20.7,20.7,60800
LAF,20080311,20.9,21.1,20.8,20.8,78170
LAF,20080310,21.7,21.7,20.3,21.7,223700
LAF,20080307,20.9,20.9,20.9,20.9,24990
LAF,20080306,20.1,20.1,20.1,20.1,9200
LAF,20080305,19.4,19.6,19.4,19.4,230450
LAF,20080304,20.1,20.1,20.1,20.1,19700
LAF,20080303,21.8,21.8,20.9,20.9,50520
LAF,20080229,21.7,21.8,21.1,21.8,120320
LAF,20080228,21.1,21.4,20.9,21.2,100440
LAF,20080227,20.9,20.9,20.3,20.7,123680
LAF,20080226,21.1,21.1,20.2,20.2,168440
LAF,20080225,21,21,21,21,32120
LAF,20080222,19.9,20.7,19.9,20.3,138190
LAF,20080221,20.8,20.8,20.8,20.8,36780
LAF,20080220,22.6,22.6,21.6,21.6,81090
LAF,20080219,22.4,22.9,22.4,22.4,53280
LAF,20080218,22.4,22.7,22.4,22.4,104810
LAF,20080215,23.8,23.8,23.4,23.4,30570
LAF,20080214,24.3,24.7,24.3,24.3,69350
LAF,20080213,24.7,24.7,23.9,23.9,40260
LAF,20080212,25.4,25.4,24.6,24.9,77140
LAF,20080201,25.6,25.6,25.3,25.6,74060
LAF,20080131,24.3,25.1,24.1,25.1,120140
LAF,20080130,25.1,25.1,25.1,25.1,30410
LAF,20080129,23.6,24.2,23.4,24.2,67130
LAF,20080128,23.2,23.8,23.2,23.6,20500
LAF,20080125,22.9,23.4,22.9,23.4,31210
LAF,20080124,23.6,23.9,22.9,22.9,62740
LAF,20080123,23.1,23.8,22.9,23.1,81910
LAF,20080122,24,24.5,23.9,23.9,86720
LAF,20080121,23.8,24.8,23.4,24.8,56890
LAF,20080118,22.9,23.8,22.9,23.8,84290
LAF,20080117,24.3,24.3,22.9,22.9,141160
LAF,20080116,23.4,23.4,23.2,23.4,71120
LAF,20080115,22.6,22.6,22.6,22.6,40070
LAF,20080114,24.3,24.3,23.5,23.5,14400
LAF,20080111,24.6,25.3,24.5,24.5,3300
LAF,20080110,24.6,24.6,24.4,24.5,82430
LAF,20080109,26.5,26.5,25.4,25.4,8510
LAF,20080108,27.4,27.4,26.5,26.5,82810
LAF,20080107,27.4,27.4,26.5,26.5,55240
LAF,20080104,27.9,28.3,27.6,27.6,39530
LAF,20080103,28.3,28.3,27.9,28.1,21340
LAF,20080102,28.8,28.8,28.6,28.6,48490
LAF,20071228,28.1,28.3,28.1,28.3,43100
LAF,20071227,28.8,28.8,28.1,28.1,64930
LAF,20071226,27.6,28.8,27.6,28.3,46530
LAF,20071225,27.9,27.9,27.4,27.6,35410
LAF,20071224,28.1,28.3,27.9,28.1,49580
LAF,20071221,27.6,28.3,27.6,28.1,65050
LAF,20071220,28.6,28.6,27.1,27.9,91990
LAF,20071219,27.4,27.9,27.4,27.9,88480
LAF,20071218,26.9,26.9,26.5,26.8,55470
LAF,20071217,27.9,28.3,27.4,27.4,77600
LAF,20071214,28.3,28.8,27.4,27.4,145490
LAF,20071213,29.4,29.4,28.3,28.3,125910
LAF,20071212,29.6,30.6,29.4,29.4,121520
LAF,20071211,29.6,31,29.6,30.3,163870
LAF,20071210,30.1,30.1,28.3,30.1,294310
LAF,20071207,29,29,28.6,29,284590
LAF,20071206,28.1,28.1,27.4,27.9,182130
LAF,20071205,26.5,27.9,26.5,27.1,179910
LAF,20071204,26.9,27.4,26.9,26.9,170710
LAF,20071203,28.1,28.1,27.1,28.1,388870
LAF,20071130,26.9,26.9,26.9,26.9,302010
LAF,20071129,25.9,25.9,25.4,25.9,241630
LAF,20071128,24.9,24.9,24.9,24.9,57690
LAF,20071127,24,24,23.8,24,271720
LAF,20071126,23.1,23.1,22.9,23.1,62580
LAF,20071123,22.3,22.3,22.1,22.3,123200
LAF,20071122,21.6,22.1,21.6,22,74870
LAF,20071121,21.4,21.6,21.4,21.6,114030
LAF,20071120,21.8,21.8,21.6,21.6,37600
LAF,20071119,22,22,21.9,22,18580
LAF,20071116,21.8,21.8,21.8,21.8,43190
LAF,20071115,22.3,22.3,21.4,21.9,87830
LAF,20071114,22,22.3,21.7,22.3,180310
LAF,20071113,21.4,22,21.4,21.5,111470
LAF,20071112,22.3,22.3,22.1,22.1,107380
LAF,20071109,22.1,22.4,22,22.2,184060
LAF,20071108,23.4,23.4,22.9,22.9,159720
LAF,20071107,22.4,23.1,22.4,23.1,120570
LAF,20071106,22.1,22.7,22.1,22.2,298220
LAF,20071105,23.1,23.4,22.9,22.9,143110
LAF,20071102,24.9,24.9,23.1,23.9,349550
LAF,20071101,23.9,23.9,23.9,23.9,59390
LAF,20071031,23.1,23.1,23.1,23.1,124820
LAF,20071030,22.2,22.2,22.2,22.2,282390
LAF,20071029,21.4,21.4,20.9,21.4,354930
LAF,20071026,20.6,20.6,20.3,20.6,350850
LAF,20071025,19.9,19.9,19.9,19.9,31230
LAF,20071024,18.6,19.2,18.6,19.2,131320
LAF,20071023,18.7,18.7,18.5,18.5,86920
LAF,20071022,19.1,19.1,18.6,18.7,134640
LAF,20071019,18.1,19.1,18.1,19.1,195730
LAF,20071018,18.9,18.9,18,18.6,333770
LAF,20071017,18.3,18.3,18.3,18.3,95370
LAF,20071016,17.6,17.6,17.6,17.6,73240
LAF,20071015,17.1,17.1,17.1,17.1,76240
LAF,20071012,16.2,16.5,16.1,16.5,87810
LAF,20071011,16.6,16.6,16.2,16.2,87570
LAF,20071010,16.7,16.8,16.4,16.6,58910
LAF,20071009,16.2,16.9,16.2,16.7,95560
LAF,20071008,16.7,16.7,16.1,16.7,74710
LAF,20071005,16.8,17.1,16.4,16.7,106520
LAF,20071004,16.5,16.5,16.2,16.5,158370
LAF,20071003,15.8,16,15.6,16,105830
LAF,20071002,15.3,15.4,14.9,15.4,95590
LAF,20071001,15.6,15.6,15.3,15.3,94440
LAF,20070928,14.9,15.1,14.7,15.1,125030
LAF,20070927,14.4,14.6,14.3,14.6,64830
LAF,20070926,14.8,14.8,14.4,14.4,86710
LAF,20070925,14,14.3,14,14.3,101210
LAF,20070924,13.6,13.9,13.6,13.9,46840
LAF,20070921,13.6,13.6,13.4,13.6,28210
LAF,20070920,13.8,13.8,13.7,13.7,44740
LAF,20070919,13.7,13.7,13.6,13.6,42500
LAF,20070918,13.7,13.7,13.6,13.6,27490
LAF,20070917,13.9,13.9,13.6,13.7,71550
LAF,20070914,13.4,13.6,13.4,13.6,56680
LAF,20070913,13.3,13.4,13.3,13.4,33290
LAF,20070912,13.2,13.4,13.2,13.3,82490
LAF,20070911,13.1,13.2,13.1,13.2,21910
LAF,20070910,13.2,13.3,13.1,13.2,40090
LAF,20070907,13.1,13.4,13,13.2,50370
LAF,20070906,13.4,13.4,13.2,13.3,89160
LAF,20070905,12.8,13.1,12.6,13.1,80280
LAF,20070904,12.6,12.7,12.6,12.7,35050
LAF,20070831,12.6,12.6,12.6,12.6,21890
LAF,20070830,12.6,12.6,12.6,12.6,14590
LAF,20070829,12.6,12.6,12.6,12.6,13950
LAF,20070828,12.5,12.6,12.5,12.5,45200
LAF,20070827,12.7,12.7,12.6,12.6,47310
LAF,20070824,12.7,12.8,12.5,12.7,30370
LAF,20070823,12.8,12.8,12.6,12.7,49040
LAF,20070822,12.3,12.8,12.3,12.8,68670
LAF,20070821,12.4,12.6,12.4,12.5,188200
LAF,20070820,12.7,12.9,12.7,12.8,135650
LAF,20070817,13.3,13.3,13.1,13.1,57660
LAF,20070816,13.3,13.4,13.3,13.3,37710
LAF,20070815,13.4,13.4,13.3,13.3,24600
LAF,20070814,13.3,13.5,13.3,13.4,37400
LAF,20070813,13.3,13.3,13.3,13.3,24400
LAF,20070810,13.4,13.6,13.4,13.4,24060
LAF,20070809,13.4,13.7,13.4,13.7,62750
LAF,20070808,13.4,13.4,13.3,13.4,22410
LAF,20070807,13.4,13.4,13.3,13.4,33280
LAF,20070806,13.4,13.4,13.3,13.4,25650
LAF,20070803,13.3,13.3,13.2,13.2,71220
LAF,20070802,13.7,14,13.5,13.6,85830
LAF,20070801,13.3,13.9,13.3,13.9,61310
LAF,20070731,13.6,13.8,13.5,13.5,44670
LAF,20070730,13.9,14.2,13.8,13.9,37100
LAF,20070727,14.6,14.6,14.2,14.2,76800
LAF,20070726,14.4,14.6,14.4,14.6,88920
LAF,20070725,14.4,14.4,14.2,14.2,57540
LAF,20070724,14.6,14.6,14.1,14.1,105910
LAF,20070723,15.1,15.1,14.6,14.6,137960
LAF,20070720,15.1,15.1,15.1,15.1,101930
LAF,20070719,14.6,14.6,14.6,14.6,118950
LAF,20070718,14.2,14.2,14,14.2,199410
LAF,20070717,13.4,13.7,13.4,13.7,34210
LAF,20070716,13.8,13.8,13.3,13.3,49000
LAF,20070713,13.8,13.8,13.8,13.8,31610
LAF,20070712,13.7,13.8,13.6,13.8,38170
LAF,20070711,14,14,14,14,131480
LAF,20070710,14.3,14.3,13.9,13.9,193840
LAF,20070709,13.8,13.8,13.8,13.8,62670
LAF,20070706,13.1,13.4,13.1,13.4,111140
LAF,20070705,12.9,13,12.8,13,18830
LAF,20070704,12.8,12.9,12.8,12.9,41490
LAF,20070703,12.8,12.8,12.8,12.8,24580
LAF,20070702,13.1,13.1,13,13,47710
LAF,20070629,13.1,13.1,13.1,13.1,48790
LAF,20070628,13.5,13.5,13.3,13.3,145200
LAF,20070627,13.3,13.3,13.3,13.3,79020
LAF,20070626,12.9,12.9,12.9,12.9,29900
LAF,20070625,12.6,12.8,12.6,12.8,16540
LAF,20070622,12.8,12.8,12.6,12.7,27130
LAF,20070621,12.9,12.9,12.9,12.9,15700
LAF,20070620,12.6,12.9,12.6,12.9,23800
LAF,20070619,12.7,12.9,12.7,12.9,31300
LAF,20070618,12.9,12.9,12.9,12.9,39110
LAF,20070615,13.6,13.6,13.2,13.2,80500
LAF,20070614,13.6,13.6,13.6,13.6,133340
LAF,20070613,13.1,13.1,13.1,13.1,127260
LAF,20070612,12.4,12.8,12.4,12.8,54660
LAF,20070611,12.3,12.4,12.3,12.4,7700
LAF,20070608,12.3,12.4,12.3,12.4,19120
LAF,20070607,12.4,12.6,12.4,12.6,13890
LAF,20070606,12.4,12.4,12.4,12.4,13700
LAF,20070605,12.3,12.4,12.3,12.4,26580
LAF,20070604,12.4,12.4,12.4,12.4,31880
LAF,20070601,12.4,12.6,12.4,12.6,27130
LAF,20070531,12.6,12.6,12.6,12.6,14980
LAF,20070530,12.6,12.6,12.6,12.6,19340
LAF,20070529,12.7,12.7,12.6,12.6,37050
LAF,20070528,12.7,12.7,12.7,12.7,40580
LAF,20070525,12.7,12.7,12.7,12.7,13820
LAF,20070524,12.9,12.9,12.6,12.9,22340
LAF,20070523,12.9,12.9,12.9,12.9,44920
LAF,20070522,12.7,12.7,12.7,12.7,24930
LAF,20070521,12.8,12.8,12.7,12.7,28650
LAF,20070518,12.9,12.9,12.7,12.8,29420
LAF,20070517,12.9,12.9,12.9,12.9,13930
LAF,20070516,12.8,12.8,12.8,12.8,14570
LAF,20070515,12.9,12.9,12.9,12.9,34500
LAF,20070514,13.1,13.1,12.7,13.1,45700
LAF,20070511,12.6,12.9,12.6,12.9,33090
LAF,20070510,12.9,12.9,12.5,12.6,17310
LAF,20070509,13.4,13.4,12.9,12.9,51640
LAF,20070508,13.2,13.2,13.2,13.2,62090
LAF,20070507,12.8,12.8,12.8,12.8,31810
LAF,20070504,12.1,12.5,12.1,12.5,62880
LAF,20070503,12.5,12.5,12.5,12.5,32920
LAF,20070502,12.9,12.9,12.9,12.9,31460
LAF,20070425,13.3,13.3,13.3,13.3,59650
LAF,20070424,12.9,12.9,12.9,12.9,31580
LAF,20070423,12.4,12.6,12.4,12.6,10940
LAF,20070420,12.6,12.6,12.6,12.6,27470
LAF,20070419,13,13.1,13,13,81840
LAF,20070418,12.2,12.6,12.2,12.6,31940
LAF,20070417,12.3,12.3,12.3,12.3,36210
LAF,20070416,12.8,12.8,12.7,12.7,31900
LAF,20070413,13.1,13.1,13.1,13.1,43470
LAF,20070412,13.6,13.6,13.6,13.6,76070
LAF,20070411,14.4,14.4,14,14,39460
LAF,20070410,14.2,14.4,14.2,14.4,45040
LAF,20070409,14.6,14.6,14.6,14.6,23120
LAF,20070406,14.8,14.8,14.8,14.8,34280
LAF,20070405,15.3,15.3,15.1,15.3,56120
LAF,20070404,14.9,15.1,14.9,15.1,34610
LAF,20070403,14.9,14.9,14.9,14.9,59790
LAF,20070402,14.8,15.3,14.8,14.8,32460
LAF,20070330,15.3,15.3,15.3,15.3,81810
LAF,20070329,14.8,14.8,14.8,14.8,42100
LAF,20070328,14.3,14.3,14.3,14.3,80440
LAF,20070327,14.8,14.8,14.8,14.8,98920
LAF,20070326,15.9,15.9,15.3,15.3,68920
LAF,20070323,15.3,15.3,14.9,15.3,46550
LAF,20070322,16,16,15.4,15.4,113040
LAF,20070321,16.3,16.3,16,16,222610
LAF,20070320,15.9,15.9,15.8,15.9,159090
LAF,20070319,15.4,15.4,15.1,15.4,189120
LAF,20070316,15.4,15.4,15.4,15.4,124410
LAF,20070315,15.9,15.9,15.9,15.9,52900
LAF,20070314,16.5,16.5,16.5,16.5,168970
LAF,20070314,16.5,16.5,16.5,16.5,168970
LAF,20070313,17.4,17.4,17.1,17.1,381190
LAF,20070312,16.8,16.8,16.8,16.8,112480
LAF,20070309,16.3,16.3,16.3,16.3,57100
LAF,20070308,15.8,15.8,15.8,15.8,60100
LAF,20070307,15.3,15.3,15.3,15.3,42840
LAF,20070306,14.8,14.8,14.8,14.8,139440
LAF,20070305,13.8,14.3,13.8,14.3,262870
LAF,20070302,14.4,14.4,14.2,14.2,92460
LAF,20070301,14.6,14.9,14.6,14.6,166230
