<Ticker>,<DTYYYYMMDD>,<Open>,<High>,<Low>,<Close>,<Volume>
MTG,20100729,25.9,25.9,25.1,25.9,105940
MTG,20100728,26.3,26.3,25,25.1,119460
MTG,20100727,26,26.1,25.5,25.5,72380
MTG,20100726,26.2,26.8,26,26,68690
MTG,20100723,26.7,27.4,26.1,26.2,122940
MTG,20100722,27.1,27.4,26.3,26.5,163500
MTG,20100721,28,28,26.8,27.4,118280
MTG,20100720,28.5,28.5,27.1,28,37100
MTG,20100719,28.5,28.8,27.8,28.2,207060
MTG,20100716,27.7,27.7,27.5,27.7,322580
MTG,20100715,26.4,26.4,26.4,26.4,136880
MTG,20100714,26.2,26.5,25.2,25.2,58340
MTG,20100713,26,26.2,26,26.2,64180
MTG,20100712,26.2,26.2,25,25,73270
MTG,20100709,25.3,26.7,25.3,25.9,36920
MTG,20100708,27,27.5,26,26,106490
MTG,20100707,27.2,28.5,27,27,59690
MTG,20100706,28,28.2,27.4,27.4,71760
MTG,20100705,28,28.8,28,28.8,46200
MTG,20100702,27.5,28,27,28,60300
MTG,20100701,27.5,27.5,26.8,27,4480
MTG,20100630,25.4,27.4,25.4,26.7,156800
MTG,20100629,27.9,28.3,26.7,26.7,121890
MTG,20100628,28.7,28.8,27.9,27.9,47900
MTG,20100625,28.7,29.2,28.6,28.6,101820
MTG,20100624,31,31,30,30,83560
MTG,20100623,29,30,28.7,30,215280
MTG,20100622,28.2,29.4,28.2,28.6,133860
MTG,20100621,30.5,30.5,28.6,28.6,196380
MTG,20100618,30.4,30.4,28.9,29.4,133430
MTG,20100617,32,32,30.4,30.4,179560
MTG,20100616,32,32,31.7,32,408020
MTG,20100615,30.3,31.4,29.7,30.5,207980
MTG,20100614,32,32,31,31.2,143780
MTG,20100611,30.4,30.5,30,30.5,282990
MTG,20100610,27.5,29.2,27.4,29.1,259000
MTG,20100609,28,28.5,27.7,27.9,204530
MTG,20100608,28.1,28.9,27.8,27.9,147950
MTG,20100607,29,29,27.7,28.8,639360
MTG,20100604,27.7,27.7,27.7,27.7,178400
MTG,20100603,26.4,26.4,26.4,26.4,219610
MTG,20100602,25.2,25.2,25.2,25.2,86100
MTG,20100601,24,24,24,24,53010
MTG,20100531,22.8,22.9,22.5,22.9,271840
MTG,20100528,21.9,21.9,21.6,21.9,91080
MTG,20100527,20.9,21.3,20.5,20.9,364300
MTG,20100526,20.7,20.9,20.4,20.9,248100
MTG,20100525,20.1,20.5,20.1,20.4,17690
MTG,20100524,21.2,21.2,19.4,20.8,51590
MTG,20100521,20.4,20.4,20.3,20.3,98560
MTG,20100520,21,21.3,20.2,21.3,85180
MTG,20100519,21.3,21.3,19.7,21,69780
MTG,20100518,20.3,21.3,20.3,20.4,230540
MTG,20100517,20.3,20.3,20,20.3,239930
MTG,20100514,18.1,19.4,18.1,19.4,78560
MTG,20100513,18.8,19.1,18.5,18.5,209480
MTG,20100512,19.2,19.9,19,19,190840
MTG,20100511,20.5,20.9,20,20,129240
MTG,20100510,22.5,22.5,20.8,20.8,1409040
MTG,20100507,20.2,21.8,19.8,21.8,484030
MTG,20100506,20.7,22.3,20.7,20.8,137520
MTG,20100505,21.3,21.3,20.5,21.3,213490
MTG,20100504,20.3,20.3,20,20.3,683270
MTG,20100429,19.4,19.4,19,19.4,468740
MTG,20100428,18.5,18.5,18.5,18.5,41880
MTG,20100427,17.7,17.7,17.7,17.7,72660
MTG,20100426,16.5,16.9,16.2,16.9,454500
MTG,20100422,16.1,16.1,16.1,16.1,815590
MTG,20100421,14.9,15.4,14.8,15.4,198530
MTG,20100420,15,15,14.1,14.7,108990
MTG,20100419,15.1,15.1,14.2,14.7,71390
MTG,20100416,14.8,14.9,14.5,14.7,178190
MTG,20100415,13.9,14.2,13.8,14.2,177980
MTG,20100414,12.8,13.6,12.8,13.6,154080
MTG,20100413,12.5,13.4,12.5,13,126100
MTG,20100412,13.6,13.6,13,13,249980
MTG,20100409,13,13,13,13,57000
MTG,20100408,12,12.4,12,12.4,189820
MTG,20100407,11.9,12,11.7,11.9,62300
MTG,20100406,12,12.1,11.8,11.8,81950
MTG,20100405,11.8,11.9,11.5,11.9,72420
MTG,20100402,12,12,11.4,11.4,30420
MTG,20100401,11.8,11.9,11.8,11.9,19470
MTG,20100331,11.7,12,11.6,11.8,85130
MTG,20100330,11.1,11.6,11.1,11.6,54060
MTG,20100329,11,11.4,11,11.1,19390
MTG,20100326,10.9,11.3,10.9,11,29680
MTG,20100325,11.3,11.5,11.2,11.2,8460
MTG,20100324,11.5,11.5,11.3,11.5,19170
MTG,20100323,11.5,11.5,11.2,11.4,26800
MTG,20100322,11.7,11.7,11.3,11.4,7850
MTG,20100319,11.5,11.6,11.4,11.5,29270
MTG,20100318,11.6,11.6,11.3,11.4,22760
MTG,20100317,11.5,11.6,11.3,11.3,29020
MTG,20100316,11.9,11.9,11.5,11.5,34410
MTG,20100315,12.1,12.1,11.9,11.9,21050
MTG,20100312,12,12,11.8,11.8,14320
MTG,20100311,12,12,11.7,11.8,98270
MTG,20100310,11.8,12,11.7,12,39530
MTG,20100309,11.5,11.7,11.2,11.6,12740
MTG,20100308,11.5,11.5,11.2,11.5,84570
MTG,20100305,11.3,11.6,11.3,11.4,9500
MTG,20100304,11.8,11.8,11.1,11.1,8700
MTG,20100303,11.3,11.5,11,11.5,45950
MTG,20100302,11,11.2,10.9,11.2,40900
MTG,20100301,11,11,10.6,10.8,7110
MTG,20100226,10.5,11,10.5,10.9,19050
MTG,20100225,10.8,10.9,10.5,10.5,7100
MTG,20100224,10.9,10.9,10.7,10.8,7340
MTG,20100223,10.7,11,10.6,11,5320
MTG,20100222,11,11,10.6,11,13710
MTG,20100212,11.1,11.1,11,11,2320
MTG,20100211,10.9,10.9,10.9,10.9,2050
MTG,20100210,10.5,10.9,10.5,10.9,8080
MTG,20100209,10.6,10.8,10.5,10.8,6780
MTG,20100208,10.8,10.8,10.6,10.6,5200
MTG,20100205,10.7,10.9,10.4,10.4,32190
MTG,20100204,10.5,11,10.5,10.9,11770
MTG,20100203,10.5,10.8,10.5,10.6,6270
MTG,20100202,11,11,10.7,10.8,5630
MTG,20100201,10.8,10.9,10.7,10.9,3510
MTG,20100129,10.5,10.8,10.4,10.5,36340
MTG,20100128,11,11,10.9,10.9,11030
MTG,20100127,11.3,11.8,11.2,11.2,7980
MTG,20100126,11.3,11.5,11.1,11.5,8820
MTG,20100125,11.4,11.4,10.7,11,2010
MTG,20100122,10.5,10.9,10.5,10.9,26800
MTG,20100121,10.9,11.4,10.8,10.9,18460
MTG,20100120,11.7,11.7,11,11,27450
MTG,20100119,11.1,11.8,11.1,11.5,4310
MTG,20100118,11.4,11.7,11.3,11.3,21210
MTG,20100115,12.3,12.3,11.6,11.6,15510
MTG,20100114,12,12.2,11.9,11.9,18720
MTG,20100113,12,12.3,11.6,12,33660
MTG,20100112,12.6,12.8,12,12,10340
MTG,20100111,12.8,12.8,12.4,12.6,13520
MTG,20100108,13,13.1,12.4,12.4,40690
MTG,20100107,12.5,12.6,12,12.6,71280
MTG,20100106,12.2,12.6,12,12,41300
MTG,20100105,13,13,12.4,12.5,41450
MTG,20100104,12,12.6,12,12.6,87120
MTG,20091231,12,12,11.8,12,59840
MTG,20091230,11.3,11.9,11.3,11.8,48620
MTG,20091229,11.9,11.9,11.3,11.4,18650
MTG,20091228,11.6,11.9,11.4,11.6,39520
MTG,20091225,11.4,11.6,11.4,11.6,98850
MTG,20091224,11.2,11.5,11,11.1,26460
MTG,20091223,11.5,11.6,11.1,11.4,4730
MTG,20091222,12,12,11.4,11.4,7220
MTG,20091221,11.7,11.8,11.3,11.8,32990
MTG,20091218,11.2,11.3,11.2,11.3,12170
MTG,20091217,10.8,10.9,10.8,10.8,23780
MTG,20091216,11.4,11.4,11.3,11.3,11890
MTG,20091215,12,12,11.4,11.8,13470
MTG,20091214,11,11.8,11,11.8,19220
MTG,20091211,11.4,12.4,11.4,11.4,13230
MTG,20091210,12.7,12.7,11.9,11.9,3750
MTG,20091209,13,13,12.4,12.4,3390
MTG,20091208,12.5,13.1,12.5,13,7180
MTG,20091207,12.6,13.1,12.3,13,16400
MTG,20091204,12.8,13.2,12.6,12.8,7050
MTG,20091203,12.5,12.9,12.4,12.9,22770
MTG,20091202,13.1,13.4,12.9,12.9,15900
MTG,20091201,13.4,13.5,12.9,13.5,19290
MTG,20091130,13.2,13.9,13,13,17880
MTG,20091127,12.4,13.6,12.4,13.6,26620
MTG,20091126,13,13,13,13,12830
MTG,20091125,13.8,14,13.6,13.6,204240
MTG,20091124,14,14.4,14,14.3,19990
MTG,20091123,14.9,14.9,14.2,14.2,18410
MTG,20091120,14.2,14.7,14.2,14.7,77410
MTG,20091119,14,14.3,13.9,14,14310
MTG,20091118,14.4,14.4,13.8,13.9,9100
MTG,20091117,14.5,14.5,14,14,15850
MTG,20091116,14.5,14.5,14,14.2,9420
MTG,20091113,13.8,14.5,13.8,14.5,22930
MTG,20091112,14.6,14.6,14.1,14.1,21120
MTG,20091111,14.2,14.2,13.8,14,14670
MTG,20091110,15,15,13.6,13.6,37530
MTG,20091109,14.3,15,14.3,14.3,16800
MTG,20091106,15,15,14.8,15,85770
MTG,20091105,14.3,14.3,14,14.3,11880
MTG,20091104,13.8,14.7,13.7,13.7,39960
MTG,20091103,14.8,14.8,14.1,14.1,34310
MTG,20091102,15.2,15.2,14.4,14.8,43870
MTG,20091030,15.1,15.1,14.9,15.1,91680
MTG,20091029,14.4,15,14.4,14.4,48690
MTG,20091028,14.9,16,14.9,15.1,116070
MTG,20091027,15.6,15.6,15.6,15.6,30240
MTG,20091026,18,18,16.4,16.4,189300
MTG,20091023,17.2,17.2,17,17.2,181800
MTG,20091022,16.4,16.4,16,16.4,226680
MTG,20091021,15.7,15.7,15.2,15.7,122900
MTG,20091020,15,15,14.8,15,151070
MTG,20091019,14.3,14.3,14.3,14.3,119080
MTG,20091016,13.6,13.7,13.3,13.7,165210
MTG,20091015,13.1,13.1,13,13.1,145560
MTG,20091014,12.4,12.5,12.3,12.5,39900
MTG,20091013,12.8,12.8,12.2,12.2,47900
MTG,20091012,12.3,12.7,12,12.7,101650
MTG,20091009,12,12.4,12,12.1,31180
MTG,20091008,11.7,12,11.7,12,16620
MTG,20091007,11.8,11.9,11.7,11.7,35510
MTG,20091006,11.8,12,11.5,11.6,50760
MTG,20091005,12.4,12.4,11.6,11.8,17140
MTG,20091002,12.1,12.6,12,12,45010
MTG,20091001,12.5,12.9,12.5,12.6,54280
MTG,20090930,12.5,13,12.5,12.5,63550
MTG,20090929,13.1,13.1,12.8,13.1,55960
MTG,20090928,13,13.2,12.8,12.9,26830
MTG,20090925,13.5,13.5,13.1,13.1,95110
MTG,20090924,13.5,13.5,13.1,13.1,30050
MTG,20090923,14,14,13.4,13.5,101410
MTG,20090922,12.9,13.5,12.8,13.5,64120
MTG,20090921,12.6,13,12.6,12.9,30780
MTG,20090918,12.9,13.4,12.9,13,17110
MTG,20090917,13.2,13.5,13.2,13.3,36890
MTG,20090916,12.8,13.5,12.8,13.3,19830
MTG,20090915,12.8,13.3,12.8,12.9,42770
MTG,20090914,13.2,13.4,12.8,13,69890
MTG,20090911,13.8,13.8,13.4,13.4,24200
MTG,20090910,13.1,13.9,13.1,13.6,25630
MTG,20090909,14.3,14.3,13.5,13.5,39070
MTG,20090908,13.8,13.9,13.6,13.9,81430
MTG,20090907,13.3,13.7,13.3,13.3,56730
MTG,20090904,14.7,14.7,14,14,189430
MTG,20090903,14,14,13.8,14,193160
MTG,20090901,13.4,13.4,13.4,13.4,122270
MTG,20090831,12.8,12.8,12.8,12.8,79750
MTG,20090828,12.2,12.2,12.2,12.2,44420
MTG,20090827,11.4,11.7,11.2,11.7,95090
MTG,20090826,10.7,11.5,10.7,11.2,41230
MTG,20090825,11.2,11.2,10.9,11,13510
MTG,20090824,11,11.4,10.9,11.2,14450
MTG,20090821,11.5,11.5,11.2,11.3,88940
MTG,20090820,11,11,10.8,11,38020
MTG,20090819,10.5,10.7,10.5,10.7,20720
MTG,20090818,10.2,10.5,10.2,10.5,24970
MTG,20090817,10.8,10.8,10.3,10.5,10980
MTG,20090814,10.5,10.9,10.4,10.4,18120
MTG,20090813,10.6,11,10.6,10.8,17260
MTG,20090812,11,11,10.6,10.6,33430
MTG,20090811,11,11,10.8,10.8,81800
MTG,20090810,11.4,11.4,10.9,11.3,34290
MTG,20090807,11.2,11.2,10.7,11,84070
MTG,20090806,10.2,10.7,10.2,10.7,94690
MTG,20090805,10,10.4,10,10.2,6960
MTG,20090804,10.5,10.5,10.3,10.4,7270
MTG,20090803,10.5,10.5,10.4,10.5,11470
MTG,20090731,9.9,10.4,9.5,10.4,158390
MTG,20090730,9.6,10.1,9.3,10,16750
MTG,20090729,10,10.4,9.7,9.7,13020
MTG,20090728,10.3,10.5,10.2,10.2,7540
MTG,20090727,10.9,10.9,10.7,10.7,7330
MTG,20090724,10.7,10.7,10.6,10.7,45460
MTG,20090723,9.6,10.3,9.6,10.2,9260
MTG,20090722,10.2,10.2,10,10.1,180
MTG,20090721,9.4,10,9.4,10,2040
MTG,20090720,9.7,10.2,9.7,9.7,1700
MTG,20090717,10.7,10.7,10.1,10.2,3860
MTG,20090716,10.6,10.6,10.6,10.6,2180
MTG,20090715,10,10.1,10,10.1,8870
MTG,20090714,10.6,10.6,9.7,9.7,2550
MTG,20090713,10.5,10.5,10.2,10.2,8740
MTG,20090710,10.3,10.7,10.3,10.7,14760
MTG,20090709,10.5,10.5,10.3,10.3,3100
MTG,20090708,10.5,11,10.5,10.7,2630
MTG,20090707,11.2,11.2,10.9,10.9,8860
MTG,20090706,10.7,10.7,10.7,10.7,3220
MTG,20090703,10.1,10.2,10.1,10.2,5410
MTG,20090702,9.8,9.8,9.5,9.8,7390
MTG,20090701,9.4,9.9,9.4,9.4,7430
MTG,20090630,10.5,10.5,9.8,9.8,8670
MTG,20090629,10.3,11.2,10.3,10.3,6830
MTG,20090626,11.8,11.8,10.8,10.8,2270
MTG,20090625,12,12,11.3,11.3,5790
MTG,20090624,10.8,11.8,10.8,11.8,19280
MTG,20090623,11.3,11.3,11.3,11.3,4000
MTG,20090622,11.8,11.8,11.8,11.8,14200
MTG,20090619,11.8,12.4,11.8,12.4,39460
MTG,20090618,13.4,13.4,12.4,12.4,24060
MTG,20090617,12,13,12,13,27360
MTG,20090616,12.1,12.6,12.1,12.6,16880
MTG,20090615,12.7,13.3,12.7,12.7,44400
MTG,20090612,14.4,14.4,13.3,13.3,60990
MTG,20090611,12.7,13.9,12.7,13.9,57290
MTG,20090610,13.3,13.4,13.3,13.3,30350
MTG,20090609,14.4,14.4,13.9,13.9,15890
MTG,20090608,14.4,14.4,14.2,14.4,37590
MTG,20090605,13.8,13.8,13.7,13.8,66780
MTG,20090604,12.1,13.2,12.1,13.2,83530
MTG,20090603,12.7,13.2,12.6,12.6,28820
MTG,20090602,13.2,13.2,13.2,13.2,43050
MTG,20090601,12.6,12.6,12.6,12.6,22200
MTG,20090529,12,12,12,12,183190
MTG,20090528,11.5,11.5,11.5,11.5,28860
MTG,20090527,11,11,11,11,18360
MTG,20090526,10.5,10.5,10.5,10.5,32970
MTG,20090525,9.7,10,9.7,10,45620
MTG,20090522,9.6,9.6,9.4,9.6,29580
MTG,20090521,9.2,9.2,9.2,9.2,3590
MTG,20090520,8.8,8.8,8.8,8.8,42640
MTG,20090519,8.3,8.4,8.1,8.4,43390
MTG,20090518,8.2,8.3,7.9,8,18170
MTG,20090515,8.1,8.2,7.8,8.2,12330
MTG,20090514,8.2,8.2,7.9,7.9,3410
MTG,20090513,8.3,8.3,8.2,8.2,5010
MTG,20090512,7.8,8.1,7.5,8.1,12600
MTG,20090511,8,8.1,7.5,7.8,9870
MTG,20090508,7.7,8.1,7.7,7.8,10520
MTG,20090507,7.7,8.1,7.7,8.1,20290
MTG,20090506,8.1,8.5,8.1,8.1,8950
MTG,20090505,8.5,8.5,8.5,8.5,20150
MTG,20090504,7.8,8.1,7.8,8.1,19270
MTG,20090429,7.2,7.8,7.2,7.8,3010
MTG,20090428,7.5,7.5,7.5,7.5,4860
MTG,20090427,8,8,7.5,7.8,2420
MTG,20090424,7.8,8.5,7.8,7.8,3050
MTG,20090423,8.2,8.2,8.2,8.2,4690
MTG,20090422,8.5,8.8,8.4,8.6,5970
MTG,20090421,8.5,8.5,8.5,8.5,1040
MTG,20090420,8.9,9.7,8.9,8.9,18420
MTG,20090417,9.3,9.3,9,9.3,46560
MTG,20090416,8.9,8.9,8.9,8.9,2070
MTG,20090415,8.5,8.5,8.3,8.5,28850
MTG,20090414,8.1,8.1,8,8.1,23900
MTG,20090413,7.8,7.8,7.8,7.8,9780
MTG,20090410,7.4,7.5,7.4,7.5,23050
MTG,20090409,7.4,7.4,7.1,7.2,19370
MTG,20090408,7.5,7.6,7.2,7.2,22220
MTG,20090407,7.5,7.5,7.3,7.5,12980
MTG,20090403,7.4,7.5,7.3,7.5,24870
MTG,20090402,7.2,7.2,7,7.2,14460
MTG,20090401,7.1,7.3,7,7,12730
MTG,20090331,7.1,7.3,6.8,7.3,7970
MTG,20090330,6.5,7.1,6.5,7.1,14850
MTG,20090327,6.8,6.8,6.8,6.8,9370
MTG,20090326,6.9,6.9,6.8,6.8,42050
MTG,20090325,7.4,7.4,7.1,7.1,1210
MTG,20090324,7.4,7.4,7.4,7.4,4530
MTG,20090323,7.3,7.3,7.1,7.2,210
MTG,20090320,7.1,7.1,7.1,7.1,1030
MTG,20090319,7.7,7.7,7.1,7.4,3780
MTG,20090318,7.5,7.5,7.4,7.4,13330
MTG,20090317,7.1,7.3,7.1,7.2,11500
MTG,20090316,7.1,7.1,6.8,7.1,2060
MTG,20090313,7.2,7.4,7.1,7.1,1220
MTG,20090312,7.1,7.3,7.1,7.1,3510
MTG,20090311,7,7,6.7,7,10780
MTG,20090310,7.1,7.1,7,7,2490
MTG,20090309,6.9,7.2,6.9,7.1,3310
MTG,20090306,7.5,7.5,7.2,7.2,2210
MTG,20090305,7.5,7.5,7.5,7.5,400
MTG,20090304,7.8,7.8,7.8,7.8,170
MTG,20090303,8.2,8.2,8.2,8.2,60
MTG,20090302,8.6,8.6,8.6,8.6,100
MTG,20090227,9.1,9.1,9,9,70
MTG,20090226,9.2,9.2,9.2,9.2,20
MTG,20090225,9.2,9.6,9.2,9.6,1910
MTG,20090224,9.6,9.6,9.6,9.6,10
MTG,20090223,9.4,9.4,9.4,9.4,10
MTG,20090220,8.2,9,8.2,9,530
MTG,20090218,8.6,8.6,8.6,8.6,90
MTG,20090217,9,9,9,9,100
MTG,20090216,9.4,9.4,9.4,9.4,10
MTG,20090213,9.1,9.4,9,9.4,280
MTG,20090212,9.4,10,9.4,9.4,4780
MTG,20090211,9.5,10,9.5,9.8,1290
MTG,20090210,10.1,10.1,10,10,700
MTG,20090209,9.7,10.5,9.7,10.5,440
MTG,20090206,9.7,10.2,9.7,10.2,5070
MTG,20090205,9.4,10.2,9.4,10.2,2710
MTG,20090204,9.8,10.1,9.8,9.8,13600
MTG,20090203,10.4,10.4,10.3,10.3,1620
MTG,20090202,11.8,11.8,10.8,10.8,3000
MTG,20090123,10.4,11.3,10.4,11.3,1510
MTG,20090122,10.8,11.8,10.8,10.8,15650
MTG,20090121,11.3,11.3,11.3,11.3,5460
MTG,20090120,11.8,11.8,11.8,11.8,720
MTG,20090119,12.4,12.4,12.4,12.4,3010
MTG,20090116,13,13,13,13,520
MTG,20090115,13.6,13.6,13.6,13.6,1310
