<Ticker>,<DTYYYYMMDD>,<Open>,<High>,<Low>,<Close>,<Volume>
NKD,20100729,43,43.2,43,43,39850
NKD,20100728,43.5,43.9,43,43,33810
NKD,20100727,43.2,44.7,43.2,43.6,146450
NKD,20100726,43.1,43.8,43.1,43.1,28190
NKD,20100723,43.8,43.8,43.1,43.1,28510
NKD,20100722,44,44,43,43,28730
NKD,20100721,44,44,43.6,43.6,28830
NKD,20100720,43.2,44,43.2,44,15550
NKD,20100719,43,44,43,43.2,13250
NKD,20100716,44.9,44.9,42.9,44,2040
NKD,20100715,42.7,44.9,42.5,44.9,137830
NKD,20100714,43.2,43.3,43,43,53050
NKD,20100713,43,43.3,42.9,43.2,6810
NKD,20100712,41,43,41,43,15610
NKD,20100709,43,43,42.2,42.2,20150
NKD,20100708,41.6,42.9,41.6,42.2,12320
NKD,20100707,43.6,43.6,43,43,1410
NKD,20100706,43.5,43.5,43,43.2,4010
NKD,20100705,43.1,43.9,43,43.3,15490
NKD,20100702,44,44,43.1,43.1,5630
NKD,20100701,43.9,43.9,43,43.1,12210
NKD,20100630,42.6,43.5,42.6,42.6,7400
NKD,20100629,42.5,44.1,42.5,43.3,84070
NKD,20100628,43.9,43.9,42,42,36370
NKD,20100625,43.3,43.9,43,43.9,4960
NKD,20100624,44.5,44.8,44,44,5070
NKD,20100623,43.1,44.1,43,44.1,10750
NKD,20100622,44.5,44.8,44,44.1,51950
NKD,20100621,44.5,45,44.5,44.5,13950
NKD,20100618,45.5,45.5,44.2,45,48420
NKD,20100617,45,45,44.4,45,56000
NKD,20100616,44.3,45,44.3,44.4,69770
NKD,20100615,44.7,44.7,44,44.2,91560
NKD,20100614,44.5,44.9,44,44.2,17690
NKD,20100611,44.3,44.3,43.7,43.7,8090
NKD,20100610,44,44,43,44,13290
NKD,20100609,42.7,44,42.7,44,75570
NKD,20100608,42.5,43,42.5,42.7,33030
NKD,20100607,42.3,42.6,42,42.5,78590
NKD,20100604,44.5,44.7,44,44.1,55620
NKD,20100603,44.5,44.5,44,44,83700
NKD,20100602,45.5,45.5,43.8,44,20900
NKD,20100601,43.9,46,43.9,45.9,88410
NKD,20100531,46,46,44.1,45,61500
NKD,20100528,44,44.9,43,44.9,336740
NKD,20100527,41.5,43,40.1,42.8,78350
NKD,20100526,40.7,41.7,40.7,41.5,61460
NKD,20100525,41.8,41.8,40,41,102530
NKD,20100524,42.4,42.4,40.3,41.8,64450
NKD,20100521,41.1,41.5,40.8,40.8,211300
NKD,20100520,40,42.9,40,42.9,78980
NKD,20100519,43.2,43.2,40.5,41,51430
NKD,20100518,42.4,44.5,42,42,60510
NKD,20100517,44.1,44.6,42.4,42.4,49660
NKD,20100514,44.5,44.7,44,44.2,66580
NKD,20100513,44,44.5,43.5,44,65880
NKD,20100512,45,45,44,44,58950
NKD,20100511,46.8,46.9,45.2,45.8,67130
NKD,20100510,46.4,46.4,44.7,45.1,234920
NKD,20100507,47.4,47.4,45.7,46.4,100290
NKD,20100506,48.1,48.1,47,47.4,91340
NKD,20100505,48,48,46.9,48,156190
NKD,20100504,48,48.6,47.4,47.8,120300
NKD,20100429,47.8,48,47,47.3,108550
NKD,20100428,47,48,46.9,47.8,78660
NKD,20100427,48.6,48.6,47,47,281010
NKD,20100426,47,47.5,46.9,46.9,138850
NKD,20100422,48.3,48.7,46.9,46.9,119950
NKD,20100421,46.8,47.1,46.6,46.7,189670
NKD,20100420,47.9,47.9,46.4,47,99900
NKD,20100419,48,48.7,47.8,47.9,39470
NKD,20100416,48.5,49,48.3,48.5,218560
NKD,20100415,48.8,48.9,48.4,48.4,68470
NKD,20100414,48.4,49.3,47.5,48.3,599670
NKD,20100413,48.9,49,48,48,70550
NKD,20100412,49.5,49.5,48.2,48.9,99880
NKD,20100409,49,49,48.2,48.9,70030
NKD,20100408,50,51,48.9,49,62360
NKD,20100407,49,51.5,48.2,50,312590
NKD,20100406,47.4,49.4,47,49.4,648300
NKD,20100405,47,47.5,46.9,47.1,97060
NKD,20100402,46.6,46.6,46,46.5,49110
NKD,20100401,45.8,47,45.1,46.5,84570
NKD,20100331,45.6,46.7,45.1,45.1,60810
NKD,20100330,47.8,48,46,46.7,243600
NKD,20100329,44.5,46.7,44.5,46.7,160910
NKD,20100326,45.9,45.9,44,44.5,99070
NKD,20100325,46.5,46.5,44.5,44.6,128500
NKD,20100324,47,47,45.5,46.5,69030
NKD,20100323,47.5,47.5,45.5,46,145670
NKD,20100322,47,47.5,47,47.5,70810
NKD,20100319,47.9,49,47.5,47.5,171880
NKD,20100318,47,47.9,45.7,47.9,110730
NKD,20100317,48,48,45.7,45.7,139490
NKD,20100316,47.3,48.7,46.5,48,217210
NKD,20100315,49.5,49.6,48,48.7,119250
NKD,20100312,48.8,49.4,48,49,186760
NKD,20100311,49.9,49.9,48,48.8,244990
NKD,20100310,51,51,49.5,49.9,108560
NKD,20100309,51.5,52,50.5,51.5,176570
NKD,20100308,52.5,52.5,50,51.5,277710
NKD,20100305,48,50,48,50,365590
NKD,20100304,49,49.5,47.5,47.9,182460
NKD,20100303,47.3,48.5,47.3,47.9,222880
NKD,20100302,46.9,48,46.3,47.2,177710
NKD,20100301,45,46.7,45,46.7,165800
NKD,20100226,43,44.9,43,44.5,96830
NKD,20100225,43.8,43.9,42.9,43.9,62470
NKD,20100224,42.5,43.3,42,42.6,50690
NKD,20100223,44,44,42.7,42.8,93010
NKD,20100222,45,45.7,44.7,44.9,80050
NKD,20100212,43,45,43,45,167440
NKD,20100211,41.9,43,41.2,43,43210
NKD,20100210,40.1,41,40,41,50720
NKD,20100209,41,41,39.1,39.1,81920
NKD,20100208,41,41,40.5,41,71760
NKD,20100205,42,42.3,40.4,41,83140
NKD,20100204,41,42.7,41,42.5,72250
NKD,20100203,42,42,40.3,41,86780
NKD,20100202,41,41,39.7,40.3,71880
NKD,20100201,39.5,40.5,39.5,39.6,54500
NKD,20100129,39.7,40,39.2,39.5,70740
NKD,20100128,41.8,41.8,39.7,39.7,70660
NKD,20100127,43,43.5,41.2,41.6,83230
NKD,20100126,42.2,42.2,42.2,42.2,78560
NKD,20100125,39,40.2,38.2,40.2,83590
NKD,20100122,39.9,40.5,38.3,38.3,114700
NKD,20100121,40.5,41.1,39.9,39.9,124620
NKD,20100120,45.5,45.5,42,42,125560
NKD,20100119,44.5,46.4,44.1,44.1,110620
NKD,20100118,47,47,45.2,45.2,114910
NKD,20100115,47,47.5,46,47.5,61490
NKD,20100114,47.9,47.9,46,47,96920
NKD,20100113,43.7,46.9,43.7,46,43310
NKD,20100112,46,47.3,45,45,64680
NKD,20100111,48.5,48.5,46.4,47,165960
NKD,20100108,49,49,47,48.5,514200
NKD,20100107,46.7,46.7,46.7,46.7,11610
NKD,20100106,44.5,44.5,44.5,44.5,32430
NKD,20100105,42.4,42.4,42.4,42.4,85310
NKD,20100104,40.4,40.4,40.4,40.4,28030
NKD,20091231,40,41,38.5,38.5,114210
NKD,20091230,39.5,40.5,39.3,39.8,40010
NKD,20091229,39.9,40.9,38,39.8,104230
NKD,20091228,40,41,39.1,39.9,59120
NKD,20091225,39.9,39.9,39,39.9,73590
NKD,20091224,37.4,38,37,38,25650
NKD,20091223,36.4,37.5,36.4,37.4,18680
NKD,20091222,39,39,37.9,37.9,14020
NKD,20091221,37,37.9,37,37.9,96200
NKD,20091218,36,36.7,35.5,36.1,14890
NKD,20091217,34.1,35,34,35,40500
NKD,20091216,36,36.2,35.7,35.7,36620
NKD,20091215,36,37.6,36,37.5,22690
NKD,20091214,38.7,38.8,37.5,37.5,38330
NKD,20091211,39.2,39.2,37,37,26410
NKD,20091210,41.8,41.8,38.9,38.9,42010
NKD,20091209,41,42.5,40.9,40.9,34990
NKD,20091208,43.5,43.5,42,43,38020
NKD,20091207,42.2,43.5,42.2,43.1,28560
NKD,20091204,42.5,43.2,42,42.5,110150
NKD,20091203,40.2,42,40.1,41.2,16540
NKD,20091202,43.4,43.4,42,42,38380
NKD,20091201,43.2,44,43.2,43.4,164550
NKD,20091130,44.2,44.2,42.5,43.2,119150
NKD,20091127,39.8,43.8,39.8,43.8,231730
NKD,20091126,41.8,41.8,41.8,41.8,11440
NKD,20091125,44.7,44.8,44,44,61180
NKD,20091124,47,48.3,46.3,46.3,42280
NKD,20091123,51.5,51.5,47.5,47.5,87800
NKD,20091120,51.5,51.5,50,50,197590
NKD,20091119,49.2,50,48.8,50,161540
NKD,20091118,47.9,47.9,47.1,47.9,73000
NKD,20091117,47.5,47.9,47.1,47.9,54720
NKD,20091116,49.6,49.6,47.5,47.5,57650
NKD,20091113,48.3,49.2,47.5,49.2,154930
NKD,20091112,47.5,50,47.5,50,83890
NKD,20091111,47.1,48.3,45.8,48.3,60370
NKD,20091110,47.5,47.5,45,46.7,159660
NKD,20091109,48.3,49.2,47.1,47.1,162270
NKD,20091106,50.5,51,49.2,49.6,132480
NKD,20091105,45.4,48.8,45.4,48.8,129080
NKD,20091104,46.3,47.9,44.2,46.7,235140
NKD,20091103,47.1,47.1,46.3,46.3,253980
NKD,20091102,48.8,48.8,48.3,48.3,244330
NKD,20091030,48.3,52,48.3,51,232300
NKD,20091029,50,51.5,50,51,194850
NKD,20091028,53,53.5,51.5,52.5,123320
NKD,20091027,51.5,53,49.2,53,276820
NKD,20091026,54,56,51.5,51.5,159250
NKD,20091023,56.5,57,54,54,285780
NKD,20091022,58.5,59,56.5,56.5,321820
NKD,20091021,56.5,59,56.5,58,326000
NKD,20091020,56.5,57,54.5,57,350880
NKD,20091019,54.5,55.5,54,54.5,232080
NKD,20091016,58.5,58.5,55.5,55.5,251080
NKD,20091015,59,60.5,58.5,58.5,344880
NKD,20091014,57,57.5,55.5,57.5,188290
NKD,20091013,59,59,56.5,57,957850
NKD,20091012,56.5,56.5,56.5,56.5,163690
NKD,20091009,54,54,54,54,94470
NKD,20091008,51.5,51.5,51,51.5,339120
NKD,20091007,48.3,49.2,48.3,49.2,130430
NKD,20091006,47.9,47.9,46.7,47.1,80410
NKD,20091005,47.9,47.9,45.8,46.7,280900
NKD,20091002,46.7,47.5,46.7,46.7,243160
NKD,20091001,51.5,51.5,49.2,49.2,296390
NKD,20090930,54,54,51.5,51.5,272300
NKD,20090929,55,56,54,54,434550
NKD,20090928,54,54,53,53.5,409120
NKD,20090925,51,51.5,50.5,51.5,396300
NKD,20090924,51,51.5,49.2,49.2,275250
NKD,20090923,53.5,55,51.5,51.5,663230
NKD,20090922,54,54.5,51.5,52.5,281630
NKD,20090921,52.5,52.5,52,52.5,373880
NKD,20090918,48.8,50,48.3,50,480140
NKD,20090917,47.5,47.9,46.7,47.9,340460
NKD,20090916,48.8,48.8,46.3,47.1,241460
NKD,20090915,48.3,48.3,46.7,48.3,415640
NKD,20090914,48.3,48.8,46.3,47.1,438630
NKD,20090911,46.7,47.5,45.8,47.5,457870
NKD,20090910,47.5,47.5,45.4,46.7,619940
NKD,20090909,47.9,47.9,47.1,47.5,879410
NKD,20090908,45.8,45.8,45.8,45.8,221112
NKD,20090907,42.1,43.8,42.1,43.8,479500
NKD,20090904,43.8,44.6,41.5,41.5,641910
NKD,20090903,39.3,42.5,39.3,42.5,519940
NKD,20090901,38.4,40.5,38.3,40.1,561780
NKD,20090831,38,39.7,37.7,39.7,383760
NKD,20090828,38.3,38.4,37.6,37.9,172140
NKD,20090827,38,38.6,37.4,38.3,256560
NKD,20090826,36.5,37.5,36.5,37.5,439890
NKD,20090825,36.8,36.8,35.1,35.7,213380
NKD,20090824,37.3,38.2,36.8,36.8,281240
NKD,20090821,40.1,40.1,37.1,37.3,276250
NKD,20090820,38.8,39.4,38.2,39.1,233210
NKD,20090819,36.8,38,36.3,38,372390
NKD,20090818,36.1,36.9,35.9,36.2,231600
NKD,20090817,35.3,36.8,35.3,36.1,251500
NKD,20090814,33.5,35.3,32.7,35.3,391850
NKD,20090813,35.3,35.3,33.5,33.5,466450
NKD,20090812,36.8,36.8,34.9,35.3,1120220
NKD,20090811,34.9,34.9,34.9,34.9,69860
NKD,20090810,33.2,33.2,33.2,33.2,165660
NKD,20090807,30.4,31.5,30.4,31.5,399870
NKD,20090806,30.1,30.5,29.9,29.9,546170
NKD,20090805,27.6,29,27.6,29,417140
NKD,20090804,27.6,27.6,27.2,27.6,115350
NKD,20090803,26.8,27.4,26.3,26.8,58420
NKD,20090731,26.1,27.1,26.1,26.8,86190
NKD,20090730,26.1,26.1,25.3,26.1,71910
NKD,20090729,28,28,26.1,26.1,81940
NKD,20090728,27.6,29.3,26.8,26.8,74330
NKD,20090727,28.2,28.3,27.2,28.3,198410
NKD,20090724,26.8,26.8,26.8,26.8,60660
NKD,20090723,24,25.5,24,25.5,44500
NKD,20090722,24.7,24.7,24.3,24.3,49790
NKD,20090721,24.7,24.7,24.1,24.5,11940
NKD,20090720,25.1,25.1,24,24.1,39940
NKD,20090717,24,25.3,23.8,25.1,98190
NKD,20090716,24.2,24.2,23.3,24,154690
NKD,20090715,23.8,24,23.2,23.3,27620
NKD,20090714,23.5,23.8,23,23,62440
NKD,20090713,23.8,23.8,23.4,23.8,40600
NKD,20090710,25.3,25.3,24.3,24.3,67570
NKD,20090709,25.3,25.5,24.3,25.4,23480
NKD,20090708,25.1,25.3,24.1,25.3,65320
NKD,20090707,25.5,25.8,25.1,25.1,67630
NKD,20090706,25.9,26.3,23.8,26.3,187050
NKD,20090703,25.5,25.5,23.6,25,46420
NKD,20090702,23.8,24.5,23,24.5,153280
NKD,20090701,23.3,24.5,23.3,23.3,208540
NKD,20090630,25.8,25.8,24.5,24.5,72590
NKD,20090629,25.9,25.9,24.6,25.8,280230
NKD,20090626,26.2,27.3,25.9,25.9,120890
NKD,20090625,29.7,29.7,27.3,27.3,78550
NKD,20090624,27.3,29.1,27.2,28.8,112690
NKD,20090623,27.7,27.7,27.7,27.7,7760
NKD,20090622,29.3,29.4,29.2,29.2,23660
NKD,20090619,32.6,32.6,30.5,30.8,23230
NKD,20090618,31.7,31.8,29.7,31.5,82100
NKD,20090617,27.3,30.2,27.3,30.2,207010
NKD,20090616,28.8,29.7,28.7,28.7,102170
NKD,20090615,30.3,32.2,30.2,30.3,166310
NKD,20090612,33.8,33.8,31.1,31.8,272290
NKD,20090611,32.4,35.3,32.4,32.4,373070
NKD,20090610,34.2,34.2,34.2,34.2,47660
NKD,20090609,36.6,38,36,36,216800
NKD,20090608,37.5,38,37.2,38,284430
NKD,20090605,36.2,36.2,36,36.2,229830
NKD,20090604,33,34.5,33,34.4,324180
NKD,20090603,32,33.4,31.8,32.8,169500
NKD,20090602,32.2,32.8,31.3,32.8,334310
NKD,20090601,30.4,31.5,29.9,31.3,172290
NKD,20090529,31.3,31.3,28.2,29.9,405800
NKD,20090528,28,29.8,28,29.8,411799
NKD,20090527,26.4,28.3,25.5,28.3,340540
NKD,20090526,26.8,26.8,26.3,26.8,343470
NKD,20090525,25.5,25.5,25.3,25.5,119860
NKD,20090522,23,24.3,22.9,24.3,272250
NKD,20090521,22.6,23,22.2,23,236230
NKD,20090520,21.9,23,21.9,22.7,265600
NKD,20090519,23.8,23.8,22.8,22.8,196240
NKD,20090518,23.8,23.9,22.7,22.7,165680
NKD,20090515,23.9,23.9,22.8,23.9,222560
NKD,20090514,21.7,23.1,21.6,22.8,280080
NKD,20090513,22.8,22.8,22.2,22.8,417640
NKD,20090512,20.9,21.6,20.9,21.6,265620
NKD,20090511,20.5,20.5,20.3,20.5,184150
NKD,20090508,19.5,19.5,19.5,19.5,132670
NKD,20090507,18.5,18.5,18.5,18.5,23140
NKD,20090506,16.8,17.8,16.8,17.6,569680
NKD,20090505,16.8,16.8,16.8,16.8,80450
NKD,20090504,16,16,16,16,21980
NKD,20090429,14.9,15.2,14.7,15.2,145150
NKD,20090428,13.3,14.4,13.3,14.4,71730
NKD,20090427,15,15,13.7,13.7,103040
NKD,20090424,14.4,14.4,14.3,14.3,278030
NKD,20090423,16.3,16.3,15.2,15.2,191670
NKD,20090422,16,16,14.4,16,250530
NKD,20090421,15.2,15.2,15.2,15.2,154840
NKD,20090420,16,16,16,16,157260
NKD,20090417,16.9,16.9,16.1,16.9,809140
NKD,20090416,16.1,16.1,16.1,16.1,67972
NKD,20090415,15.3,15.3,15.3,15.3,140330
NKD,20090414,14.5,14.5,14.5,14.5,90840
NKD,20090413,13.8,13.8,13.8,13.8,636240
NKD,20090410,13,13,13,13,55440
NKD,20090409,12.8,12.8,12.3,12.3,262560
NKD,20090408,13.1,13.8,13.1,13.1,127800
NKD,20090407,13.6,13.8,13,13.8,124940
NKD,20090403,13.1,13.1,12.8,13.1,142870
NKD,20090402,12.3,12.4,11.8,12.4,156280
NKD,20090401,11.3,11.8,11.3,11.8,87750
NKD,20090331,11.3,11.4,11.1,11.2,86900
NKD,20090330,11.7,12,11.3,11.7,75200
NKD,20090327,11.7,11.7,11.1,11.7,174040
NKD,20090326,10.5,11.1,10.3,11.1,104610
NKD,20090325,10.2,10.9,10.2,10.5,70610
NKD,20090324,10.5,10.5,10.3,10.5,111390
NKD,20090323,10.4,10.4,9.9,9.9,50590
NKD,20090320,10.5,11.1,10.5,10.5,63810
NKD,20090319,11.7,11.7,11,11,103400
NKD,20090318,11.6,11.7,11.3,11.7,129840
NKD,20090317,10.9,11.1,10.9,11.1,87570
NKD,20090316,10.3,10.5,10.3,10.5,51430
NKD,20090313,10.8,10.8,10.3,10.3,85160
NKD,20090312,9.7,10.7,9.7,10.5,198510
NKD,20090311,10.1,10.1,10.1,10.1,8670
NKD,20090310,9.3,9.6,9.2,9.6,22600
NKD,20090309,8.9,9.2,8.9,9.1,64450
NKD,20090306,9,9.3,8.9,9.2,16960
NKD,20090305,9.3,9.3,9,9.2,47280
NKD,20090304,9,9.4,9,9.3,38410
NKD,20090303,8.9,9.3,8.9,9.3,67740
NKD,20090302,9.4,9.4,9.1,9.3,27110
NKD,20090227,8.8,9.3,8.8,9.3,92780
NKD,20090226,9.3,9.6,9.1,9.2,80420
NKD,20090225,9.7,9.9,9.4,9.7,66030
NKD,20090224,9.8,10.1,9.3,9.7,119040
NKD,20090223,9.8,9.8,9.8,9.8,96330
NKD,20090220,9.3,9.3,8.7,9.3,264590
NKD,20090219,8.9,9.7,8.8,8.8,313520
NKD,20090218,9.3,9.3,9.3,9.3,150
NKD,20090217,9.8,9.8,9.8,9.8,8810
NKD,20090216,10.4,10.4,10.4,10.4,20140
NKD,20090213,11,11,11,11,42380
NKD,20090212,11.7,11.8,11.7,11.7,169770
NKD,20090211,12.3,12.3,12.3,12.3,2250
NKD,20090210,13.1,13.1,13.1,13.1,45350
NKD,20090209,13.9,13.9,13.8,13.8,14240
NKD,20090206,14.6,14.6,14.6,14.6,73940
NKD,20090205,15.4,15.4,15.4,15.4,27380
NKD,20090204,16.3,17.1,16.3,16.3,10820
NKD,20090203,17.3,17.3,17.3,17.3,31950
NKD,20090202,17.6,18.3,17.6,18.3,230
NKD,20090123,17.4,18.3,17.4,17.6,23660
NKD,20090122,19.3,19.3,17.4,17.4,12660
NKD,20090121,18.8,20.3,18.4,18.4,2480
NKD,20090120,19.7,19.7,19.3,19.3,7970
NKD,20090119,20.1,20.1,20.1,20.1,10000
NKD,20090116,20.3,20.4,20.3,20.4,260
NKD,20090115,20.5,20.5,19.7,20.4,6160
NKD,20090114,20.7,20.7,20.1,20.5,510
NKD,20090113,19.3,19.7,19.3,19.7,4600
NKD,20090112,19.7,19.7,19.7,19.7,2370
NKD,20090109,20.5,20.5,20.1,20.1,340
NKD,20090108,20.1,20.1,19.9,20.1,2110
NKD,20090107,20.8,21,20.8,20.9,12250
NKD,20090106,20.1,20.3,19.9,20.3,4440
NKD,20090105,18.5,20.1,18.5,20.1,270
NKD,20090102,19.7,19.7,19.3,19.5,3460
NKD,20081231,19.7,19.7,19.3,19.3,3820
NKD,20081230,18.8,19.7,18.4,19.7,12970
NKD,20081229,18.3,18.8,18.3,18.8,350
NKD,20081226,19.2,19.2,18.7,18.8,990
NKD,20081225,18.4,19.4,18.4,19.4,1440
NKD,20081224,19.3,19.4,18.4,18.4,2390
NKD,20081223,18.8,18.8,18.5,18.5,1200
NKD,20081222,18.7,19.5,18.7,19.5,1110
NKD,20081219,18,18.8,18,18.6,2970
NKD,20081217,18,18.8,18,18.8,2370
NKD,20081216,19.3,19.3,18.3,18.3,4610
NKD,20081215,19.8,19.8,18.8,19.3,4040
NKD,20081212,18.8,18.8,18.8,18.8,16500
NKD,20081211,17.8,17.8,17.8,17.8,1470
NKD,20081210,18.8,18.8,18.6,18.7,5280
NKD,20081209,19.3,19.6,19.3,19.6,2400
NKD,20081208,19.9,19.9,19.3,19.3,3320
NKD,20081205,20.9,20.9,19.4,20.3,3060
NKD,20081204,21.3,21.3,20.3,20.3,740
NKD,20081203,20.3,21.3,20.2,21.3,3280
NKD,20081202,21.2,21.3,21.2,21.2,2640
NKD,20081201,22.3,22.4,22.3,22.3,1950
NKD,20081128,21.3,23,21.3,21.3,31950
NKD,20081127,22.6,24,22.6,22.6,2160
NKD,20081126,23.8,23.8,21.6,23.8,1910
NKD,20081125,22.8,22.8,21.7,22.8,2370
NKD,20081124,21.7,22.3,20.5,21.7,940
NKD,20081124,21.7,22.3,20.5,21.7,940
NKD,20081121,21.7,23.2,21.7,21.7,620
NKD,20081120,21.8,22.8,21.8,22.7,10210
NKD,20081119,23.1,24,23.1,23.1,6230
NKD,20081118,23.4,23.4,22.3,23.4,4930
NKD,20081117,22.3,22.3,21.9,22.3,1250
NKD,20081114,23.2,24.3,23.1,23.2,3330
NKD,20081113,23.2,23.2,21.1,23.2,4260
NKD,20081112,22.3,22.8,21.6,22.3,3740
NKD,20081111,22.8,25.3,22.8,22.8,8780
NKD,20081110,24.2,26.8,24.2,24.2,2480
NKD,20081107,25.5,25.5,25.5,25.5,1870
NKD,20081106,27,27,24.2,27,20680
NKD,20081105,25.6,25.6,25.1,25.6,33980
NKD,20081104,24.3,24.3,22.7,24.3,5170
NKD,20081103,24,24,22,24,5610
NKD,20081031,23.3,24.4,23.2,23.3,2950
NKD,20081030,24.3,24.3,24.2,24.3,3500
NKD,20081029,24.3,24.3,24,24.3,25340
NKD,20081028,23,23.2,21.8,23,14470
NKD,20081027,23.1,23.1,20.6,23.1,26960
NKD,20081024,21.8,22,21.8,21.8,23830
NKD,20081023,23.1,23.1,23.1,23.1,59650
NKD,20081022,24.4,24.5,23.1,24.4,44220
NKD,20081021,24.4,24.4,23.6,24.4,85730
NKD,20081020,25,25,25,25,2120
NKD,20081017,26.4,26.4,26.4,26.4,36450
NKD,20081016,27.9,27.9,27.9,27.9,52030
NKD,20081015,29.5,29.5,29.5,29.5,27760
NKD,20081014,31.2,31.2,31.2,31.2,18480
NKD,20081013,29.6,29.7,29.6,29.6,11090
NKD,20081010,31.3,31.3,31.3,31.3,50240
NKD,20081009,33,33,33,33,63190
NKD,20081008,34.9,35,34.9,34.9,5630
NKD,20081007,36.9,36.9,36.9,36.9,12730
NKD,20081006,39,39,39,39,10560
NKD,20081003,38.2,41.1,38.2,41.1,2320
NKD,20081002,41.1,43.3,39,39,8180
NKD,20081001,42.5,42.5,40.1,41.1,1720
NKD,20080930,40.1,40.1,40.1,40.1,6180
NKD,20080929,45.4,45.4,42.5,42.5,2790
NKD,20080926,44.6,44.6,43.3,44.6,11200
NKD,20080925,42.5,45.4,42.5,42.5,16060
NKD,20080924,45,45,42.5,44.2,3400
NKD,20080923,42.9,45.8,42.9,43.8,14300
NKD,20080922,45,45,45,45,1240
NKD,20080919,39,42.9,39,42.9,3540
NKD,20080918,40.5,40.5,40.5,40.5,1060
NKD,20080917,42.9,44.2,42.9,42.9,7510
NKD,20080916,46.3,46.3,45,45,24170
NKD,20080915,40.5,44.2,40.5,44.2,23250
NKD,20080912,42.1,42.5,42.1,42.1,7070
NKD,20080911,44.2,45,44.2,44.2,12420
NKD,20080910,48.8,48.8,46.3,46.3,9660
NKD,20080909,48.8,49.6,48.8,48.8,8510
NKD,20080908,51.5,51.5,51.5,51.5,2080
NKD,20080905,56.5,57.5,54,54,31050
NKD,20080904,54,58,54,56.5,35100
NKD,20080903,51.5,56.5,51.5,56.5,50370
NKD,20080829,54,54,51.5,54,54390
NKD,20080828,52.5,53.5,51.5,51.5,81300
NKD,20080827,60,60,54,54,86350
NKD,20080826,57,57,57,57,4440
NKD,20080825,54.5,54.5,54.5,54.5,67230
NKD,20080822,52,52,51.5,52,105510
NKD,20080821,49.6,49.6,46.7,49.6,63660
NKD,20080820,47.1,49.6,47.1,47.1,31250
NKD,20080819,50.5,50.5,47.9,49.6,74150
NKD,20080818,47.5,47.9,46.7,47.9,53720
NKD,20080815,45.8,45.8,45.8,45.8,580
NKD,20080814,44.6,44.6,44.6,44.6,12710
NKD,20080813,43.3,43.3,43.3,43.3,98830
NKD,20080812,42.1,42.1,42.1,42.1,68840
NKD,20080811,40.5,40.5,40.5,40.5,29960
NKD,20080808,39.4,39.4,39.4,39.4,68980
NKD,20080807,38.2,38.2,37.8,38.2,17920
NKD,20080806,37.3,38.6,37.3,37.3,12220
NKD,20080805,38.6,38.6,38.6,38.6,2250
NKD,20080804,39.7,39.7,39.7,39.7,2820
NKD,20080801,41.1,41.1,41.1,41.1,15580
NKD,20080731,42.5,42.5,42.5,42.5,3560
NKD,20080730,43.8,43.8,43.8,43.8,8680
NKD,20080729,46.7,47.5,45,45,30120
NKD,20080728,46.3,46.3,46.3,46.3,4260
NKD,20080725,47.5,47.5,47.5,47.5,980
NKD,20080724,48.8,48.8,48.8,48.8,2130
NKD,20080723,50,50,50,50,310
NKD,20080722,51.5,51.5,51.5,51.5,370
NKD,20080721,53,53,53,53,2560
NKD,20080718,54.5,54.5,54.5,54.5,2760
NKD,20080717,56.5,58,56.5,56.5,9620
NKD,20080716,59,59,58,58,7550
NKD,20080715,58.5,58.5,58,58.5,101160
NKD,20080714,56.5,56.5,55.5,56.5,11460
NKD,20080711,56.5,56.5,55,55,25070
NKD,20080710,56,57.5,56,56.5,8510
NKD,20080709,57.5,57.5,57.5,57.5,10330
NKD,20080708,59,59,59,59,1210
NKD,20080707,64,64,61,61,10210
NKD,20080704,62.5,62.5,61.5,62.5,33450
NKD,20080703,58.5,61.5,58.5,61,22540
NKD,20080702,58.5,60,58.5,60,5920
NKD,20080701,58.5,58.5,57.5,58.5,14680
NKD,20080630,56,57.5,56,56.5,2570
NKD,20080627,56,56,54,56,4480
NKD,20080626,54,54,54,54,3020
NKD,20080625,53.5,53.5,52.5,52.5,510
NKD,20080624,50,52,50,52,4900
NKD,20080623,49.6,51,49.6,51,410
NKD,20080620,49.6,49.6,49.6,49.6,1410
NKD,20080619,51,51,51,51,410
NKD,20080618,54,54,52.5,52.5,6120
NKD,20080617,53.5,53.5,53.5,53.5,40
NKD,20080616,52.5,52.5,52.5,52.5,2430
NKD,20080613,51,51.5,51,51.5,1570
NKD,20080612,49.6,51,49.6,51,1770
NKD,20080611,48.8,49.6,48.8,49.6,110
NKD,20080610,47.1,48.8,47.1,48.8,700
NKD,20080609,49.2,49.2,47.9,47.9,5120
NKD,20080606,49.2,49.2,49.2,49.2,3610
NKD,20080605,48.8,50,48.8,50,6840
NKD,20080604,49.6,49.6,49.6,49.6,3770
NKD,20080603,48.8,51,48.8,51,1660
NKD,20080602,49.6,49.6,49.6,49.6,2850
NKD,20080530,51,51,51,51,13630
NKD,20080526,51.5,51.5,51.5,51.5,11030
NKD,20080522,54,54,54,54,60680
NKD,20080521,54.5,55,54.5,55,19710
NKD,20080520,55.5,55.5,55,55.5,2310
NKD,20080519,56.5,56.5,56,56,1630
NKD,20080516,56.5,58,56.5,56.5,43800
NKD,20080515,58,59.5,58,58,22240
NKD,20080514,59,59,59,59,19670
NKD,20080513,60,60,60,60,31030
NKD,20080512,61,61,61,61,20020
NKD,20080509,62,62,62,62,18240
NKD,20080508,63,63,63,63,10510
NKD,20080507,63,64,62,64,13260
NKD,20080506,64,64,63,63,20890
NKD,20080505,63.5,63.5,62.5,62.5,14310
NKD,20080429,62,62.5,62,62.5,24580
NKD,20080428,59.5,61.5,59.5,61.5,4080
NKD,20080425,59,60.5,59,60.5,570
NKD,20080424,60,60,59.5,59.5,3270
NKD,20080423,60.5,60.5,60.5,60.5,1100
NKD,20080422,61.5,61.5,61.5,61.5,2940
NKD,20080421,61.5,62.5,61.5,61.5,2890
NKD,20080418,64,64,62,62.5,5080
NKD,20080417,61,63,61,63,8060
NKD,20080416,62,62,62,62,1440
NKD,20080411,64,64,63,63,1310
NKD,20080410,66,66,64,64,12150
NKD,20080409,66,66,66,66,17060
NKD,20080408,64,64,64,64,19180
NKD,20080407,63,63.5,63,63.5,40
NKD,20080404,62.5,62.5,62.5,62.5,10
NKD,20080403,61.5,62,61.5,62,120
NKD,20080402,61.5,61.5,61.5,61.5,2010
NKD,20080401,61.5,61.5,61.5,61.5,950
NKD,20080331,61,61,61,61,100
NKD,20080328,60.5,60.5,60.5,60.5,4960
NKD,20080327,60.5,60.5,60.5,60.5,3300
NKD,20080326,56.5,63,56.5,60,14650
NKD,20080325,60,60,60,60,20
NKD,20080324,63,63,63,63,1090
NKD,20080321,69,69,66.5,66.5,3330
NKD,20080320,70,76,70,70,1580
NKD,20080319,75.5,78,72.5,72.5,4340
NKD,20080318,75.5,76,75.5,75.5,24820
NKD,20080317,81.5,81.5,79,79.5,6870
NKD,20080314,82.5,82.5,82.5,82.5,3930
NKD,20080313,83.5,83.5,81,82.5,15900
NKD,20080312,79,81,79,79.5,4060
NKD,20080311,86,86,78,78,31120
NKD,20080310,82.5,82.5,82.5,82.5,5090
NKD,20080307,78,78,78,78,750
NKD,20080306,74.5,74.5,74.5,74.5,29490
NKD,20080305,64,71.5,64,71.5,49660
NKD,20080304,68,68,68,68,10
NKD,20080303,72.5,72.5,71.5,71.5,1680
NKD,20080229,74.5,75.5,74.5,74.5,29070
NKD,20080228,78,82.5,78,79,7150
NKD,20080227,79.5,82.5,79.5,81.5,4750
NKD,20080226,90,90,82.5,82.5,12810
NKD,20080225,86,86,85,86,4920
NKD,20080222,81.5,81.5,81.5,81.5,15080
NKD,20080221,86,86,86,86,12650
NKD,20080220,92.5,93.5,90,90,9540
NKD,20080219,90,94,90,94,3670
NKD,20080218,94,95,94,94,7460
NKD,20080215,98.5,99,97.5,99,2610
NKD,20080214,101,101,98.5,98.5,7860
NKD,20080213,98.5,102,97.5,98.5,11180
NKD,20080212,105,105,103,103,13750
NKD,20080201,105,108,105,108,4680
NKD,20080131,103,103,98.5,103,15120
NKD,20080130,103,103,101,103,19660
NKD,20080129,98.5,98.5,96.5,98.5,11090
NKD,20080128,96.5,96.5,95,95,6140
NKD,20080125,96.5,96.5,95,95,9500
NKD,20080124,98.5,98.5,96,96,4430
NKD,20080123,97.5,98.5,97.5,97.5,9310
NKD,20080122,102,103,102,102,5150
NKD,20080121,101,105,101,105,1970
NKD,20080118,105,105,105,105,5840
NKD,20080117,105,107,104,105,25570
NKD,20080116,100,105,100,105,12490
NKD,20080115,101,101,100,100,5880
NKD,20080114,108,108,105,105,13290
NKD,20080111,109,111,109,109,19600
NKD,20080110,111,113,111,111,30840
NKD,20080109,115,117,115,117,27650
NKD,20080108,115,118,115,118,5160
NKD,20080107,117,117,117,117,23800
NKD,20080104,117,117,117,117,4970
NKD,20080103,113,117,113,117,8440
NKD,20080102,117,118,117,117,1230
NKD,20071228,118,118,117,117,2180
NKD,20071227,118,118,117,117,13730
NKD,20071226,114,117,114,117,1450
NKD,20071225,120,120,117,117,2310
NKD,20071224,120,120,119,120,6120
NKD,20071221,119,120,119,120,2890
NKD,20071220,119,119,116,118,16810
NKD,20071219,118,118,118,118,5310
NKD,20071218,115,115,113,113,9360
NKD,20071217,117,117,115,115,2400
NKD,20071214,115,115,113,115,6560
NKD,20071213,118,118,117,117,3120
NKD,20071212,117,120,117,119,1950
NKD,20071211,120,120,118,118,7290
NKD,20071210,122,123,122,122,10870
NKD,20071207,123,124,123,123,3130
NKD,20071206,124,125,124,124,7640
NKD,20071205,124,124,124,124,7270
NKD,20071204,125,125,124,125,9870
NKD,20071203,123,124,123,124,5710
NKD,20071130,123,124,123,123,9280
NKD,20071129,123,124,123,124,3420
NKD,20071128,125,125,123,123,9260
NKD,20071127,126,126,123,124,9860
NKD,20071126,126,126,124,124,8330
NKD,20071123,125,125,124,124,4510
NKD,20071122,126,126,125,125,7190
NKD,20071121,122,124,122,124,7860
NKD,20071120,126,126,124,126,9600
NKD,20071119,128,128,126,126,15040
NKD,20071116,129,129,126,128,77280
NKD,20071115,123,125,123,125,25610
NKD,20071114,123,123,121,123,23940
NKD,20071113,121,121,117,117,20160
NKD,20071112,123,123,121,121,15920
NKD,20071109,120,126,120,126,40910
NKD,20071108,124,124,123,123,27110
NKD,20071107,119,121,119,119,30840
NKD,20071106,120,125,119,119,53730
NKD,20071105,125,128,125,125,35260
NKD,20071102,134,134,132,132,24540
NKD,20071101,128,132,128,132,29900
NKD,20071031,130,130,127,128,31810
NKD,20071030,124,126,124,124,103410
NKD,20071029,128,135,128,128,174720
NKD,20071026,139,139,135,135,76660
NKD,20071025,142,142,139,139,58310
NKD,20071024,138,143,138,142,37690
NKD,20071023,138,142,138,142,31280
NKD,20071022,141,143,139,141,21070
NKD,20071019,144,144,139,143,12750
NKD,20071018,143,145,139,139,25220
NKD,20071017,139,143,139,139,232980
NKD,20071016,145,147,143,143,104320
NKD,20071015,149,150,148,148,7280
NKD,20071012,150,150,148,150,9050
NKD,20071011,153,153,150,150,7780
NKD,20071010,149,150,148,150,5930
NKD,20071009,150,151,150,150,9630
NKD,20071008,150,153,150,151,5750
NKD,20071005,143,153,143,153,5220
NKD,20071004,154,154,151,151,8450
NKD,20071003,153,153,150,150,7390
NKD,20071002,152,157,147,157,32820
NKD,20071001,151,153,151,153,24240
NKD,20070928,150,154,149,154,42980
NKD,20070927,147,150,147,147,7820
NKD,20070926,150,151,150,150,18390
NKD,20070925,146,149,146,148,10160
NKD,20070924,148,148,143,143,64710
NKD,20070921,147,148,147,148,7830
NKD,20070920,151,151,148,148,8260
NKD,20070919,148,153,148,148,6030
NKD,20070918,149,151,148,148,11870
NKD,20070917,148,150,148,149,7700
NKD,20070914,148,155,148,151,6700
NKD,20070913,148,148,147,148,4670
NKD,20070912,148,149,148,148,5900
NKD,20070911,152,152,149,149,9400
NKD,20070910,153,153,152,152,3370
NKD,20070907,153,153,153,153,5410
NKD,20070906,153,153,153,153,15210
NKD,20070905,154,154,153,154,15360
NKD,20070904,156,157,153,157,31400
NKD,20070831,153,154,151,154,25990
NKD,20070830,153,156,152,153,14480
NKD,20070829,156,156,153,153,8920
NKD,20070828,153,156,146,156,53050
NKD,20070827,153,154,151,153,37550
NKD,20070824,153,153,146,153,65070
NKD,20070823,148,148,147,147,5260
NKD,20070822,148,148,147,148,10250
NKD,20070821,151,151,145,145,42240
NKD,20070820,139,148,139,148,30670
NKD,20070817,143,143,138,141,22210
NKD,20070816,153,153,145,145,27880
NKD,20070815,153,153,151,153,13390
NKD,20070814,143,150,143,150,53920
NKD,20070813,140,146,140,143,5390
NKD,20070810,147,148,143,147,65450
NKD,20070809,143,144,142,144,61150
NKD,20070808,136,138,136,138,36260
NKD,20070807,136,136,129,136,21010
NKD,20070806,135,135,126,133,62430
NKD,20070803,133,133,133,133,29020
NKD,20070802,133,136,127,136,42180
NKD,20070801,132,132,132,132,23940
NKD,20070731,119,125,119,125,34600
NKD,20070730,119,119,119,119,18950
NKD,20070727,125,125,125,125,17390
NKD,20070726,135,135,133,133,23950
NKD,20070725,133,139,133,139,52100
NKD,20070724,133,133,133,133,63050
NKD,20070723,122,128,122,128,54600
NKD,20070720,118,121,118,121,25720
NKD,20070719,118,118,118,118,18870
NKD,20070718,120,121,120,121,94990
NKD,20070717,118,121,118,121,34760
NKD,20070716,121,121,118,118,24970
NKD,20070713,118,121,118,121,20310
NKD,20070712,118,118,118,118,19180
NKD,20070711,118,118,118,118,30600
NKD,20070710,112,115,112,114,32300
NKD,20070709,112,112,112,112,52080
NKD,20070706,110,112,110,112,44650
NKD,20070705,109,110,109,110,21750
NKD,20070704,110,110,110,110,20690
NKD,20070703,107,109,107,108,24360
NKD,20070702,112,112,108,108,28280
NKD,20070629,108,112,108,112,51150
NKD,20070628,107,108,107,107,28840
NKD,20070627,111,111,106,106,49050
NKD,20070626,111,111,111,111,44090
NKD,20070625,113,113,109,111,47080
NKD,20070622,107,108,107,107,28430
NKD,20070621,110,110,108,108,12130
NKD,20070620,109,111,109,110,106790
NKD,20070619,108,108,108,108,39180
NKD,20070618,108,108,108,108,50850
NKD,20070615,107,107,107,107,84320
NKD,20070614,105,105,104,104,40130
NKD,20070613,102,103,102,103,28540
NKD,20070612,101,102,101,102,5520
NKD,20070611,103,103,101,101,10040
NKD,20070608,105,105,105,105,21130
NKD,20070607,106,106,105,105,60980
NKD,20070606,103,105,103,105,17940
NKD,20070605,106,106,105,105,72610
NKD,20070604,105,107,105,105,23170
NKD,20070601,106,106,105,105,75070
NKD,20070531,109,109,103,103,45540
NKD,20070530,103,105,103,105,33210
NKD,20070529,106,108,106,108,11390
NKD,20070528,108,110,108,108,45840
NKD,20070525,99,107,99,107,88290
NKD,20070524,110,110,103,103,31380
NKD,20070523,108,108,108,108,68560
NKD,20070522,103,103,103,103,49660
NKD,20070521,94,99,94,99,70860
NKD,20070518,92.5,94,92.5,94,38330
NKD,20070517,91.5,93.5,91.5,92.5,8880
NKD,20070516,94,94,91.5,91.5,17130
NKD,20070515,95,95,94,94,83830
NKD,20070514,91.5,91.5,91,91,19140
NKD,20070511,88.5,91.5,88.5,91.5,15570
NKD,20070510,90,90,88.5,88.5,22130
NKD,20070509,91.5,91.5,87.5,90,20260
NKD,20070508,92.5,92.5,91.5,91.5,50090
NKD,20070507,91.5,91.5,90,90,35870
NKD,20070504,86.5,87.5,86.5,87.5,22510
NKD,20070503,83.5,84,83.5,84,12970
NKD,20070502,81,83.5,80,83.5,23930
NKD,20070425,77.5,79,77.5,79,70120
NKD,20070424,84,84,80,80,54560
NKD,20070423,87.5,87.5,84,84,17460
NKD,20070420,88.5,88.5,86.5,86.5,10300
NKD,20070419,91,91.5,90,90,37020
NKD,20070418,87.5,87.5,87.5,87.5,11500
NKD,20070417,84,84,84,84,37990
NKD,20070416,84,84,84,84,61660
NKD,20070413,86,87.5,85,87.5,33500
NKD,20070412,91.5,91.5,89,89,14010
NKD,20070411,94,94,93.5,93.5,15380
NKD,20070410,97.5,97.5,94,94,19900
NKD,20070409,98.5,98.5,98.5,98.5,62660
NKD,20070406,77.5,77.5,77.5,77.5,64308
NKD,20070405,77.5,78,77.5,77.5,58020
NKD,20070404,75.5,76.5,75.5,76.5,28668
NKD,20070403,75.5,75.5,74,74,19668
NKD,20070402,76.5,76.5,75.5,75.5,59952
NKD,20070330,78,78,75.5,75.5,75540
NKD,20070329,71.5,75.5,71.5,75.5,111372
NKD,20070328,68,71.5,68,71.5,32664
NKD,20070327,75.5,75.5,71.5,71.5,48432
NKD,20070326,76,76,74,75.5,93108
NKD,20070323,74.5,74.5,74,74,98232
NKD,20070322,75.5,75.5,74.5,74.5,19572
NKD,20070321,79,79,78,78,51180
NKD,20070320,76.5,76.5,76,76,55092
NKD,20070319,76.5,76.5,76.5,76.5,78216
NKD,20070316,70,76.5,70,76.5,132252
NKD,20070315,70,72.5,70,72.5,42972
NKD,20070314,75.5,75.5,72.5,72.5,35268
NKD,20070314,75.5,75.5,72.5,72.5,35268
NKD,20070313,77.5,77.5,76,76,66972
NKD,20070312,81,81,76,76,38328
NKD,20070309,81,81,79.5,79.5,100716
NKD,20070308,77.5,78,77.5,78,110244
NKD,20070307,71.5,77.5,71.5,77.5,124392
NKD,20070306,79.5,79.5,76,76,48672
NKD,20070305,81,81,79.5,79.5,51936
NKD,20070302,79.5,79.5,78,78,80076
NKD,20070301,81,81,79.5,79.5,28416
