<Ticker>,<DTYYYYMMDD>,<Open>,<High>,<Low>,<Close>,<Volume>
PLC,20100729,45.2,47.8,45.2,47.8,25700
PLC,20100728,48.7,48.7,45,45.7,22200
PLC,20100727,49,49,47,47.6,10200
PLC,20100726,48.2,48.2,47.2,47.4,12500
PLC,20100723,48.5,48.5,48,48.2,24000
PLC,20100722,50,50,47.6,48.3,14200
PLC,20100721,49.5,49.5,48.2,48.5,41500
PLC,20100720,49,49,48.5,48.7,11500
PLC,20100719,48.5,49.3,48.5,49,25800
PLC,20100716,49,49.5,47.5,49,31800
PLC,20100715,48.5,49.5,48.5,49,21700
PLC,20100714,51,51,49,49.5,13800
PLC,20100713,50.1,50.2,49.8,50,25400
PLC,20100712,49.5,49.5,48,48.9,22600
PLC,20100709,49,49.4,48.1,48.9,11000
PLC,20100708,51.2,51.2,48.6,49.2,43600
PLC,20100707,50,50,48.7,49,70200
PLC,20100706,51.5,51.5,48.8,49.5,42100
PLC,20100705,51.1,52,51,51.2,18900
PLC,20100702,52,52.4,51,51.5,31900
PLC,20100701,52.7,52.7,51.2,51.5,47800
PLC,20100630,53.2,53.2,51.2,52.2,172500
PLC,20100629,49.6,50.4,49.6,49.8,95400
PLC,20100628,49.6,51.1,48.8,49.7,73600
PLC,20100625,50.4,50.8,50,50.2,68300
PLC,20100624,53.5,53.5,50.8,51.6,43000
PLC,20100623,52,52.8,51.8,52.2,59300
PLC,20100622,49.2,51.8,49.2,51.8,132800
PLC,20100621,49.1,51,46.7,48.5,120700
PLC,20100618,51,51.2,49.8,50.2,61000
PLC,20100617,50.4,50.4,49.6,50.1,13800
PLC,20100616,50.8,51.2,50.3,50.6,38700
PLC,20100615,49.6,51,49.6,50.3,31500
PLC,20100614,50.4,51.4,49.8,50.6,18000
PLC,20100611,51.2,51.2,49.6,49.8,16300
PLC,20100610,48.4,49.7,48.4,49.5,25800
PLC,20100609,49.5,49.5,48.2,48.4,21700
PLC,20100608,44.6,49.5,44.6,48.2,21000
PLC,20100607,48.7,48.7,47.6,47.8,68600
PLC,20100604,51,51.3,50,50.2,24800
PLC,20100603,52,52,51.2,51.5,80200
PLC,20100602,51.2,52,50.2,51.3,50100
PLC,20100601,50.5,51.8,50,51.2,24500
PLC,20100531,55.1,55.1,50.8,51.4,42600
PLC,20100528,52.8,53.2,51,52.5,121200
PLC,20100527,49.6,50.8,48,49.8,88300
PLC,20100526,49.4,51.2,49,50.1,101400
PLC,20100525,48,50,48,48.9,107800
PLC,20100524,49.5,49.6,47.1,48.6,153700
PLC,20100521,47.2,47.3,45,46.6,269800
PLC,20100520,46.8,50.4,46.7,48.3,146700
PLC,20100519,50.3,50.3,47.1,48.2,207100
PLC,20100518,46.8,50.6,46.8,50.2,261800
PLC,20100517,48.8,48.8,46,47.3,118900
PLC,20100514,48.1,48.5,47.9,48.1,52000
PLC,20100513,47.2,48.5,47.2,48.2,113700
PLC,20100512,51.3,51.3,47.8,48.3,285200
PLC,20100511,52,53.4,50.3,51.3,162900
PLC,20100510,49.7,53.4,49.3,50.8,195600
PLC,20100507,54.4,54.4,51.9,52.6,226900
PLC,20100506,55.8,56.8,54.2,55.1,273300
PLC,20100505,54.8,55.6,54.4,54.9,113900
PLC,20100504,57.5,57.5,55.2,55.8,140400
PLC,20100429,59.2,59.8,55.8,56.4,361500
PLC,20100428,57.2,60.5,54.4,59,210900
PLC,20100427,54.8,58.4,54.8,57.4,256600
PLC,20100426,56,56.8,53.8,54.8,174400
PLC,20100422,60,60,56,57.8,353000
PLC,20100421,59,61.4,58.3,59.9,288800
PLC,20100420,59,60,56.4,57.4,278400
PLC,20100419,57.2,61.6,57.2,59.8,231800
PLC,20100416,58.6,58.8,56.2,57.6,180500
PLC,20100415,56,58.7,56,58.7,387900
PLC,20100414,52.8,55.1,52,54.9,509800
PLC,20100413,51,52.8,50.4,51.5,216500
PLC,20100412,53.1,53.1,50.4,51.2,124100
PLC,20100409,51.2,54,51.2,53,330900
PLC,20100408,51.3,51.6,49.6,50.5,118400
PLC,20100407,52,53.2,50.4,51.5,158300
PLC,20100406,50.2,50.2,49.2,50.2,173700
PLC,20100405,45.4,48.6,45.3,46.9,195900
PLC,20100402,46.3,46.3,44.9,45.4,70500
PLC,20100401,46,46.4,44,45.5,93000
PLC,20100331,47.8,47.9,45.4,46,134700
PLC,20100330,48.8,48.8,47,47.8,98400
PLC,20100329,46.6,49.6,46.6,48.3,129700
PLC,20100326,46.8,48.4,46.1,46.8,128100
PLC,20100325,48.4,48.4,45.6,46.6,177800
PLC,20100324,48,49.6,47.3,48.4,149300
PLC,20100323,48,49.2,46.4,47.5,105500
PLC,20100322,48.8,50,48,48.6,143000
PLC,20100319,50.4,51.5,49.7,50.6,113300
PLC,20100318,51.2,51.2,48,50.5,115200
PLC,20100317,48.8,52.6,48,50.6,259500
PLC,20100316,52.6,52.6,49,49.5,324600
PLC,20100315,54,54,51.6,52.6,206000
PLC,20100312,53.8,55.2,53.4,54.4,137800
PLC,20100311,52,55.2,52,53.5,193600
PLC,20100310,51.2,54,50.9,52.3,228500
PLC,20100309,53.1,53.1,51.2,53,396300
PLC,20100308,49.7,49.7,48.8,49.7,43900
PLC,20100305,43.6,46.8,43.6,46.5,299200
PLC,20100304,44,45,42,43.8,313900
PLC,20100303,45.4,45.4,42.6,44,434700
PLC,20100302,42.4,42.4,42.4,42.4,141700
PLC,20100301,39.2,39.9,38.4,39.7,120000
PLC,20100226,37,37.8,36.5,37.4,215300
PLC,20100225,36.2,37.8,36.2,37.2,218200
PLC,20100224,35.1,37.2,35,36.1,131900
PLC,20100223,37,37.2,35,35.4,136500
PLC,20100222,36.5,37.2,36.5,36.8,207300
PLC,20100212,36.8,37.1,36,36.5,78800
PLC,20100211,34.5,36.2,34.3,35.2,103500
PLC,20100210,35.1,35.1,33.6,33.9,177300
PLC,20100209,33.8,35.2,33.3,33.6,228400
PLC,20100208,36.8,36.8,35.2,35.8,94100
PLC,20100205,39.8,39.8,35.6,37.2,159300
PLC,20100204,35.2,37.5,35.2,37.3,423800
PLC,20100203,36.5,36.5,34.6,35.1,167100
PLC,20100202,38,38.5,36,37.2,240100
PLC,20100201,35.5,36,35,36,169700
PLC,20100129,36,36,33.4,33.7,221300
PLC,20100128,36.9,36.9,33.7,35.9,558300
PLC,20100127,34.5,34.5,34.5,34.5,98200
PLC,20100126,30.8,32.9,30.8,32.2,277900
PLC,20100125,31.1,31.2,30.3,30.8,79200
PLC,20100122,31.4,31.4,30,30.6,112300
PLC,20100121,31.9,32.4,29,30.7,143600
PLC,20100120,30.5,32.3,30.4,31.1,188600
PLC,20100119,30.4,30.8,29.4,30.2,193500
PLC,20100118,29.3,29.9,28.9,29.4,82600
PLC,20100115,33.1,33.1,30,31,77600
PLC,20100114,31,31,31,31,48800
PLC,20100113,28.2,30.5,28,29,166900
PLC,20100112,28,29.8,27.8,28.6,359500
PLC,20100111,30.4,30.4,29.8,29.9,139800
PLC,20100108,32.4,33.6,29.4,32.1,143800
PLC,20100107,31.7,31.7,31.2,31.6,262100
PLC,20100106,29.7,29.7,29.6,29.7,375100
PLC,20100105,27.8,27.8,27.8,27.8,53800
PLC,20100104,25.4,26,25.4,26,51900
PLC,20091231,24.4,24.4,24,24.4,142400
PLC,20091230,21.5,23,21.5,22.8,110500
PLC,20091229,21.1,22.2,21.1,21.6,59600
PLC,20091228,22.5,22.5,20.4,21.5,27900
PLC,20091225,20.4,21.2,20.4,21,55200
PLC,20091224,18.6,20.8,18.3,19.8,23300
PLC,20091223,20.2,20.2,19.2,19.6,23000
PLC,20091222,19.3,19.4,18.3,19.1,37800
PLC,20091221,17.8,18.2,17.8,18.2,14100
PLC,20091218,16,17.2,16,17.1,12300
PLC,20091217,16,16.7,15.9,16.1,11400
PLC,20091216,16.8,18.2,16.6,16.9,36000
PLC,20091215,17.8,18,17.6,17.8,16200
PLC,20091214,17.2,18.3,17.2,17.8,24400
PLC,20091211,18.2,18.2,16.9,17.2,42400
PLC,20091210,18.6,18.6,17.6,18.1,14500
PLC,20091209,19.3,19.3,18.5,18.6,39100
PLC,20091208,20.7,20.7,19.6,19.8,10000
PLC,20091207,21,21,20.4,20.5,11700
PLC,20091204,19.5,21.4,19.5,20.7,5200
PLC,20091203,20.7,21.1,20,20.4,43700
PLC,20091202,22.7,22.7,21.1,21.4,36700
PLC,20091201,21.4,22.8,21.4,22.6,22000
PLC,20091130,21,21.5,21,21.4,16400
PLC,20091127,19.6,21.8,19,20.2,53500
PLC,20091126,20.4,20.4,20.4,20.4,44200
PLC,20091125,23.3,23.3,21,21.9,120100
PLC,20091124,21.9,22.8,21.9,22.5,20800
PLC,20091123,22.6,24.3,22.6,23,19000
PLC,20091120,23.3,24.2,23.3,24.1,83300
PLC,20091119,23,23,22.3,22.6,51300
PLC,20091118,21.8,23.3,21.7,22.2,45600
PLC,20091117,22.2,22.2,21.8,21.9,50100
PLC,20091116,22,23.4,22,22.5,14500
PLC,20091113,23.7,23.7,22.9,23.4,22900
PLC,20091112,23.5,23.7,21.8,23.4,25200
PLC,20091111,21.8,22.7,21.4,22.2,11200
PLC,20091110,21.8,22.2,21,21.4,41000
PLC,20091109,23.3,23.3,22.2,22.5,22100
PLC,20091106,25.2,25.2,23.3,23.8,60200
PLC,20091105,23.3,24.4,22.8,23.8,38100
PLC,20091104,21.6,23.8,21.6,22.8,33900
PLC,20091103,23.3,24,23,23.2,44700
PLC,20091102,26.2,26.2,24.7,24.7,16100
PLC,20091030,26.5,27.3,25.9,26.6,18700
PLC,20091029,26.6,26.6,25.8,25.9,70200
PLC,20091028,27.7,28.4,25.6,27.7,58300
PLC,20091027,27.6,28.9,26.9,27.5,167400
PLC,20091026,27.6,27.8,26,27.2,44300
PLC,20091023,29,29,26.6,27.7,101200
PLC,20091022,27.6,29.8,26.2,27.2,126300
PLC,20091021,28.7,29,27.8,28.2,131000
PLC,20091020,30.9,31.3,28.4,29.8,102200
PLC,20091019,28.7,30.5,28.7,29.3,151300
PLC,20091016,31.3,31.3,29,30.5,92600
PLC,20091015,31,31,29.8,30.9,241800
PLC,20091014,28.1,29.6,25.9,29,167200
PLC,20091013,29.1,29.1,27.4,27.7,338200
PLC,20091012,26.9,27.4,26.5,27.4,74400
PLC,20091009,25.8,25.8,24.3,25.7,262700
PLC,20091008,22.2,24.7,22,24.2,232000
PLC,20091007,23.5,23.5,22.6,23.1,66400
PLC,20091006,22,22,22,22,46500
PLC,20091005,19.6,21,19.6,20.6,31200
PLC,20091002,20.4,20.4,19.5,19.6,57200
PLC,20091001,21.2,21.2,20.9,21,9000
PLC,20090930,21.9,21.9,21.4,21.5,20900
PLC,20090929,22.6,22.6,21.8,22,53500
PLC,20090928,22.2,22.2,21.9,22.1,24100
PLC,20090925,22.3,22.3,21.6,21.9,47900
PLC,20090924,23.6,24.2,22,22.3,53200
PLC,20090923,22.9,23.4,22.6,23,47800
PLC,20090922,23.6,23.6,23,23.1,30900
PLC,20090921,23.8,23.8,23.4,23.6,39800
PLC,20090918,21.1,24.2,21.1,23.2,37200
PLC,20090917,23.2,23.2,22.6,22.6,85800
PLC,20090916,23.3,23.3,22.6,22.8,87800
PLC,20090915,23.6,23.8,22.4,23.4,60700
PLC,20090914,23.6,23.6,23.1,23.3,108800
PLC,20090911,23.3,23.6,22.8,23.1,100000
PLC,20090910,22.7,23.4,22.7,22.8,96700
PLC,20090909,25,25,23.3,23.4,72700
PLC,20090908,26.2,26.2,24.4,25,73800
PLC,20090907,25.1,25.2,23.5,24.6,275700
PLC,20090904,24.2,24.2,22.1,23.5,78700
PLC,20090903,23.6,24.2,22.4,23.6,163700
PLC,20090901,22.7,24.2,22.7,23.2,162200
PLC,20090831,22.5,23.1,22.4,22.6,159700
PLC,20090828,22.1,22.7,21.8,22.2,120200
PLC,20090827,22.5,22.5,21.4,21.8,50700
PLC,20090826,21.2,22.6,21.2,22.2,155900
PLC,20090825,21.2,21.5,19.6,21.1,128700
PLC,20090824,21.4,21.8,20.8,21.1,118800
PLC,20090821,21.4,21.5,21.1,21.4,79100
PLC,20090820,20.2,20.2,19.8,20.2,80700
PLC,20090819,18.6,19.4,18.3,19,44000
PLC,20090818,17.7,18.3,17.6,18.1,39100
PLC,20090817,17.8,17.8,17.4,17.6,13800
PLC,20090814,17.7,18,17.4,17.8,12400
PLC,20090813,17.8,18.2,16.6,17.6,26100
PLC,20090812,18,18.2,17.6,17.8,15300
PLC,20090811,17.4,18,17.3,17.6,31500
PLC,20090810,17.4,17.8,17.2,17.4,20700
PLC,20090807,17.4,17.5,16.9,17.2,14000
PLC,20090806,18,18,17.2,17.4,12400
PLC,20090805,17.2,17.7,17.2,17.3,7400
PLC,20090804,16.9,17.3,16.9,17,12300
PLC,20090803,17,17,16.3,16.7,10100
PLC,20090731,17,17.3,17,17.3,10900
PLC,20090730,16.7,16.7,16.2,16.4,8500
PLC,20090729,17.6,17.6,16.9,17.1,12500
PLC,20090728,18.8,18.8,17.4,17.9,29800
PLC,20090727,17.9,18.1,17.6,18,73000
PLC,20090724,16.4,17,16.4,17,44500
PLC,20090723,15.3,16.4,15.3,15.8,9400
PLC,20090722,15.6,15.6,15.5,15.6,1400
PLC,20090721,15.3,15.6,15.3,15.5,3600
PLC,20090720,16.6,16.6,15,15.3,1200
PLC,20090717,15.6,15.8,15.6,15.7,2600
PLC,20090716,16.2,16.2,15.5,15.8,5400
PLC,20090715,16.2,16.2,15.3,15.4,6500
PLC,20090714,15.6,15.6,15.3,15.3,8800
PLC,20090713,15.4,15.4,15.4,15.4,1300
PLC,20090710,15.6,16.4,15.6,16.2,400
PLC,20090709,16.3,16.4,15.8,16.2,7900
PLC,20090708,16.2,16.4,16.2,16.3,4900
PLC,20090707,16.7,16.7,16.2,16.4,15200
PLC,20090706,15.8,16.2,15.6,16.2,6000
PLC,20090703,14.1,15.6,14.1,15.2,5800
PLC,20090702,15.3,15.3,15,15.2,7200
PLC,20090701,14.8,14.8,14.7,14.7,35600
PLC,20090630,15.8,16.2,15.4,15.8,17800
PLC,20090629,16.2,16.2,16.2,16.2,11100
PLC,20090626,16.2,17.3,16.2,17,4200
PLC,20090625,17.9,18.2,16.7,17.4,11900
PLC,20090624,16.7,17.9,16.7,17.2,21900
PLC,20090623,16.7,17.3,16.6,16.7,40000
PLC,20090622,20.2,20.2,17.7,17.9,34000
PLC,20090619,18.5,19.4,17.6,19,29200
PLC,20090618,17.9,18.1,17.9,18.1,35400
PLC,20090617,16.9,19.4,16.9,17,87600
PLC,20090616,18.2,18.2,18.1,18.1,20500
PLC,20090615,20.2,21.7,19.3,19.4,55600
PLC,20090612,21.6,21.6,20.1,20.7,37300
PLC,20090611,20.8,22,20.8,21.6,35700
PLC,20090610,22.1,22.1,21,21.1,45900
PLC,20090609,23.6,23.7,21.1,22.6,89300
PLC,20090608,22.2,22.2,21.4,22.2,108200
PLC,20090605,20.8,20.8,20.8,20.8,19600
PLC,20090604,19.5,19.5,19.5,19.5,27400
PLC,20090603,17.6,18.6,17.3,18.2,102800
PLC,20090602,17.6,17.6,17.2,17.4,92800
PLC,20090601,16.1,16.7,16.1,16.4,34300
PLC,20090529,15.9,16,15.6,15.8,43700
PLC,20090528,16.2,16.4,15.3,15.6,22000
PLC,20090527,16.7,16.7,16.1,16.4,32200
PLC,20090526,17.6,17.6,16.4,16.6,35200
PLC,20090525,16.3,16.7,16.2,16.5,47900
PLC,20090522,16.7,17.9,15.6,15.6,93100
PLC,20090521,17.9,18.2,16.2,16.7,84800
PLC,20090520,17.3,17.4,16.3,17,59000
PLC,20090519,16.2,16.6,16.2,16.5,67700
PLC,20090518,15.8,15.8,14.9,15.6,134100
PLC,20090515,14.8,14.8,14.7,14.8,128700
PLC,20090514,13.9,13.9,13.9,13.9,24800
PLC,20090513,13,13,13,13,4200
PLC,20090512,12.2,12.2,12.2,12.2,10500
PLC,20090511,11.5,11.5,11.2,11.5,77000
PLC,20090508,11.9,12.1,11.2,11.5,71100
PLC,20090507,12.1,12.4,11.8,12.1,38500
PLC,20090506,11.6,11.6,10.9,11.6,93700
PLC,20090505,10.9,10.9,10.9,10.9,81600
PLC,20090504,10.2,10.2,10.2,10.2,66800
PLC,20090429,9.4,10,9.4,9.5,47000
PLC,20090428,10,10,9.4,9.4,27600
PLC,20090427,10,10,9.8,9.8,4000
PLC,20090424,9.4,9.5,9.3,9.4,12200
PLC,20090423,9.9,9.9,9.8,9.8,2200
PLC,20090422,9.4,9.8,9.2,9.4,32100
PLC,20090421,9.1,9.4,9,9.2,6800
PLC,20090420,9.5,9.8,9.4,9.5,20900
PLC,20090417,10.3,10.8,9.8,10.1,26300
PLC,20090416,10.6,10.6,10,10.3,32300
PLC,20090415,11.5,11.6,10.7,10.8,15200
PLC,20090414,11.8,11.8,11.2,11.5,26100
PLC,20090413,10.9,11.1,10.9,11,12700
PLC,20090410,10,10.5,10,10.4,25500
PLC,20090409,10.6,10.6,9.6,9.8,3500
PLC,20090408,10,10.3,10,10,14400
PLC,20090407,10.8,10.8,10.2,10.6,16100
PLC,20090403,10.1,10.8,10.1,10.6,12300
PLC,20090402,9.5,10,9.5,10,3100
PLC,20090401,9.4,10.1,9.4,10,1800
PLC,20090331,9.7,10,9.7,9.9,1700
PLC,20090330,10.6,10.6,9.3,9.5,1100
PLC,20090327,10.3,10.3,9.8,10,16300
PLC,20090326,10,10.1,10,10,7000
PLC,20090324,10.1,10.1,10,10,2400
PLC,20090323,10.3,10.3,9.4,9.4,3100
PLC,20090320,9.5,9.8,9.4,9.7,8800
PLC,20090319,10,10.3,10,10.1,3900
PLC,20090318,10.7,10.8,10.6,10.7,3100
PLC,20090317,10.3,10.3,10.3,10.3,100
PLC,20090316,9.9,9.9,9.9,9.9,500
PLC,20090312,10,10,9.8,9.9,5100
PLC,20090311,10,10,10,10,400
PLC,20090310,9.9,9.9,9.7,9.8,4700
PLC,20090309,9.9,9.9,9.2,9.6,5400
PLC,20090306,9.4,9.4,9.2,9.2,600
PLC,20090305,8.6,9,8.6,8.9,2000
PLC,20090304,8.1,9.1,8.1,8.6,1100
PLC,20090303,8.6,8.9,8.6,8.6,2300
PLC,20090302,9.4,9.4,9,9.2,1300
PLC,20090226,9.8,9.8,8.6,9.4,3700
PLC,20090225,9.2,9.2,9.2,9.2,100
PLC,20090223,8.6,8.6,8.6,8.6,1100
PLC,20090220,9,9.2,9,9.2,6000
PLC,20090219,9.2,9.2,9.2,9.2,500
PLC,20090218,9.8,9.8,9.2,9.2,5700
PLC,20090217,9.2,9.3,9.2,9.2,7300
PLC,20090216,9.8,9.8,9.6,9.8,3200
PLC,20090213,10.3,10.3,10.3,10.3,1000
PLC,20090212,10.5,10.5,10.5,10.5,300
PLC,20090211,10.7,10.7,10.4,10.5,15400
PLC,20090210,11.4,11.4,11.1,11.2,3600
PLC,20090209,11.2,11.8,11.2,11.3,1900
PLC,20090206,11.4,11.4,11.4,11.4,300
PLC,20090205,12.4,12.4,11.3,11.4,2500
PLC,20090204,11.5,11.5,11.5,11.5,1000
PLC,20090203,12,12,12,12,100
PLC,20090202,11.8,11.8,11.8,11.8,100
PLC,20090123,11.4,12.2,11.4,11.8,200
PLC,20090122,12.2,12.2,12.2,12.2,100
PLC,20090121,11.5,11.6,11.2,11.5,6200
PLC,20090120,12.1,12.1,11.8,12,300
PLC,20090119,11.5,11.5,11.5,11.5,1000
PLC,20090116,11.8,12.1,11.8,12.1,1200
PLC,20090114,11.8,11.8,11.8,11.8,500
PLC,20090113,11.8,11.8,11.8,11.8,500
PLC,20090112,12.1,12.1,12.1,12.1,600
PLC,20090109,11.5,11.8,11.5,11.6,700
PLC,20090108,12.4,12.4,12.2,12.2,1800
PLC,20090107,12.6,12.6,12.1,12.2,1300
PLC,20090106,12.1,12.2,12.1,12.2,700
PLC,20090105,12.1,12.1,12.1,12.1,2300
PLC,20081231,12.1,12.1,12.1,12.1,800
PLC,20081230,12.4,12.4,12.1,12.2,1500
PLC,20081229,12.4,12.4,11.9,12.2,300
PLC,20081226,12.1,12.1,12.1,12.1,3200
PLC,20081225,12.1,12.2,12.1,12.1,2100
PLC,20081224,12.1,12.4,12.1,12.4,6500
PLC,20081223,12.2,12.2,12.1,12.1,1200
PLC,20081222,12.1,12.1,11.9,12.1,2400
PLC,20081219,11.8,12,11.8,11.8,4200
PLC,20081218,11.8,13,11.8,12,900
PLC,20081217,12.6,12.6,12.6,12.6,100
PLC,20081216,12.1,12.1,11.8,12.1,900
PLC,20081215,13,13,12.5,12.7,16600
PLC,20081212,12.5,12.5,12.4,12.5,3100
PLC,20081211,12.5,12.5,12.5,12.5,100
PLC,20081210,12.4,12.4,11.5,11.9,2100
PLC,20081209,12.1,12.4,11.5,12.1,4500
PLC,20081208,12.6,12.6,11.4,11.5,1400
PLC,20081205,11.8,11.8,11.7,11.8,5700
PLC,20081204,12.6,12.6,12.6,12.6,600
PLC,20081203,12.5,12.5,12.2,12.4,1100
PLC,20081202,11.8,12.6,11.8,12.2,200
PLC,20081201,12.6,12.6,12,12.6,6500
PLC,20081128,11.7,12.6,11.7,12.6,14400
PLC,20081127,12,12,11.1,11.7,1900
PLC,20081126,11.5,11.5,11.2,11.3,10200
PLC,20081125,11.5,12,11.5,11.6,2200
PLC,20081124,12.6,12.6,11.5,11.8,3300
PLC,20081124,12.6,12.6,11.5,11.8,3300
PLC,20081121,12,12.2,12,12.2,2600
PLC,20081120,12.6,12.6,12.1,12.2,18200
PLC,20081119,13.2,13.2,12.6,13,700
PLC,20081118,13.8,13.8,12.8,13.3,2000
PLC,20081117,12.6,13.5,12.6,13.2,3600
PLC,20081114,13.5,13.5,13.2,13.5,16300
PLC,20081113,12.4,12.6,12.2,12.6,13100
PLC,20081112,11.7,12.6,11.2,11.8,6200
PLC,20081111,12.6,12.6,12,12.1,7900
PLC,20081110,13.5,13.5,12.4,12.6,14400
PLC,20081107,13.4,14.3,13.3,13.4,10400
PLC,20081106,14,15.4,13.9,14.4,10500
PLC,20081105,14.9,15.1,14.6,15,44900
PLC,20081104,13.2,14.3,13.2,14.1,18800
PLC,20081103,13.2,14,13.2,13.3,4700
PLC,20081031,14.3,14.3,13.8,14.1,8600
PLC,20081030,13.7,13.8,13.2,13.8,17500
PLC,20081029,13,13,12.9,13,15100
PLC,20081028,11.4,12.3,11,12.1,10100
PLC,20081027,11.4,13.1,11.4,11.5,14700
PLC,20081024,12.6,12.6,12.1,12.2,19900
PLC,20081023,13.2,13.2,13,13,17400
PLC,20081022,13.4,14.1,13.4,13.9,4500
PLC,20081021,14.2,14.2,13.8,14.1,5600
PLC,20081020,13.8,13.8,13.4,13.5,3500
PLC,20081017,14.7,14.7,13.4,14,16100
PLC,20081016,14,14.3,13.8,14,12300
PLC,20081015,14.7,14.8,13.2,14.4,21000
PLC,20081014,13.8,13.8,13.8,13.8,600
PLC,20081013,14,14.1,12.6,13,16900
PLC,20081010,13.8,14.2,13.2,13.2,18600
PLC,20081009,13.4,14.8,13.4,14.2,5700
PLC,20081008,13.8,14.6,13.4,13.8,9800
PLC,20081007,14.6,14.6,14.5,14.5,21600
PLC,20081006,14.9,16.2,14.9,15.6,59700
PLC,20081003,15.8,16.4,15.8,16.1,35500
PLC,20081002,15.4,15.6,14.6,15.5,26400
PLC,20081001,14.6,14.9,14,14.6,9000
PLC,20080930,14.7,14.7,14.7,14.7,600
PLC,20080929,16.3,16.4,14.9,15.8,13000
PLC,20080926,14.4,15.5,14.4,15.4,28600
PLC,20080925,14.3,15.5,13.8,14.4,46800
PLC,20080924,15,15,14.7,14.7,3400
PLC,20080923,16.1,16.2,15.1,15.6,18100
PLC,20080922,15.1,15.1,15.1,15.1,400
PLC,20080919,12.8,14.8,12.8,14.1,8500
PLC,20080918,13.8,13.8,13.8,13.8,100
PLC,20080917,14.9,14.9,14.7,14.8,7400
PLC,20080916,16.6,16.6,15.4,15.8,11400
PLC,20080915,15.1,17.4,15.1,16.6,18600
PLC,20080912,16.4,16.6,16.3,16.3,10300
PLC,20080911,17.9,18.1,17.5,17.6,18900
PLC,20080910,18.2,19.4,17.6,18.8,11500
PLC,20080909,17.6,19.6,17.6,18.2,29600
PLC,20080908,18.9,18.9,18.9,18.9,7700
PLC,20080905,20.7,20.7,20.3,20.4,11300
PLC,20080904,21.9,23.6,21.2,21.9,13300
PLC,20080903,22.5,22.6,22.5,22.6,36800
PLC,20080829,21.1,21.1,21.1,21.1,17000
PLC,20080828,22.8,22.8,22.8,22.8,2500
PLC,20080827,25.3,25.3,23,24.5,48200
PLC,20080826,24,24,22.5,23.6,72400
PLC,20080825,21.9,22.6,21.9,22.4,19300
PLC,20080822,21.9,21.9,19.9,21,10600
PLC,20080821,19.6,21.4,19,20.5,45100
PLC,20080820,20.7,21.3,19.3,20,22400
PLC,20080819,20.9,20.9,19.6,20.7,50300
PLC,20080818,19.5,19.5,19.5,19.5,22900
PLC,20080815,18.2,18.2,18.2,18.2,3400
PLC,20080814,17.5,17.5,17.4,17.5,15900
PLC,20080813,16.9,16.9,16.4,16.8,52900
PLC,20080812,16.2,16.2,16.2,16.2,21200
PLC,20080811,15.6,15.6,15.6,15.6,7700
PLC,20080808,15.3,15.3,14.6,15,44600
PLC,20080807,14.4,14.7,14.4,14.7,46800
PLC,20080806,13.2,14.4,13.2,14.1,36900
PLC,20080805,14.4,14.4,13.2,13.8,40800
PLC,20080804,13.8,13.8,13.8,13.8,26400
PLC,20080801,13.3,13.3,13.3,13.3,7300
PLC,20080731,12.8,12.8,12.8,12.8,8600
PLC,20080730,12.3,12.3,12.3,12.3,24100
PLC,20080729,11.8,11.8,11.8,11.8,1100
PLC,20080728,10.9,11.8,10.9,11.4,13400
PLC,20080725,11.4,11.4,11.4,11.4,200
PLC,20080724,11.8,11.9,11.8,11.8,12600
PLC,20080723,12.4,12.4,12.4,12.4,1000
PLC,20080722,13,13,13,13,100
PLC,20080721,13.4,13.4,13.4,13.4,3200
PLC,20080718,14.6,14.6,13.4,14,11600
PLC,20080717,14,14,14,14,900
PLC,20080716,13.4,13.4,13.2,13.4,32000
PLC,20080715,13,13,13,13,3900
PLC,20080714,12.4,12.4,12.2,12.4,8700
PLC,20080711,12,12,12,12,3200
PLC,20080710,11.5,11.5,11.5,11.5,11200
PLC,20080709,10.9,11.1,10.8,11,18100
PLC,20080708,10.7,11,10.7,10.7,18400
PLC,20080707,11.5,11.5,10.6,11.2,28400
PLC,20080704,11,11,11,11,9200
PLC,20080703,10.6,10.6,10.6,10.6,9900
PLC,20080702,10.2,10.2,10.2,10.2,13800
PLC,20080701,9.7,9.8,9.7,9.8,2500
PLC,20080630,9.2,9.4,9.2,9.4,10500
PLC,20080627,9,9.2,8.8,9.2,3600
PLC,20080626,9.4,9.4,9,9.2,5300
PLC,20080625,9.2,9.4,9.2,9.2,7600
PLC,20080624,9.2,9.2,9.1,9.2,4200
PLC,20080623,8.4,9.1,8.4,8.9,3900
PLC,20080620,8.7,8.7,8.7,8.7,700
PLC,20080619,9.1,9.1,9.1,9.1,100
PLC,20080618,9.7,9.7,9.1,9.4,5900
PLC,20080617,9.4,9.4,9.4,9.4,100
PLC,20080616,9.1,9.1,9.1,9.1,8800
PLC,20080613,8.9,8.9,8.9,8.9,600
PLC,20080612,8.6,8.6,8.6,8.6,1400
PLC,20080611,8.4,8.4,8.4,8.4,2500
PLC,20080610,8.2,8.2,8.2,8.2,1500
PLC,20080609,7.8,8,7.8,7.9,6200
PLC,20080606,8,8.1,8,8,8300
PLC,20080605,8.3,8.3,8.3,8.3,3400
PLC,20080604,8.5,8.8,8.5,8.5,4400
PLC,20080603,8.7,8.9,8.7,8.8,5600
PLC,20080602,8.9,9.2,8.9,9,3400
PLC,20080530,9.2,9.2,9.1,9.2,7700
PLC,20080529,8.6,9.2,8.6,9.2,3800
PLC,20080528,8.9,8.9,8.9,8.9,2800
PLC,20080527,9.2,9.2,9.2,9.2,2300
PLC,20080526,9.4,9.4,9.4,9.4,1000
PLC,20080522,10,10,10,10,1300
PLC,20080521,10.3,10.3,10.3,10.3,900
PLC,20080520,10.7,10.8,10.7,10.7,13100
PLC,20080519,11,11,11,11,2800
PLC,20080516,11.3,12,11.3,11.4,10200
PLC,20080515,11.6,11.6,11.6,11.6,2400
PLC,20080514,12,12,12,12,1100
PLC,20080513,12.4,12.4,12.4,12.4,100
PLC,20080512,12.7,12.7,12.7,12.7,1500
PLC,20080509,13.2,13.2,13.2,13.2,6900
PLC,20080508,13.5,13.5,13.5,13.5,2900
PLC,20080507,14,14,14,14,900
PLC,20080506,14.4,14.4,14.4,14.4,700
PLC,20080505,14.8,14.8,14.8,14.8,400
PLC,20080429,15.2,15.3,15.2,15.3,2700
PLC,20080428,14.6,15,14.5,14.8,2400
PLC,20080425,14.6,14.6,14.3,14.6,1900
PLC,20080424,13.8,14.6,13.8,14.2,5400
PLC,20080423,14.1,14.2,14.1,14.1,9900
PLC,20080422,14.6,14.6,14.6,14.6,3000
PLC,20080421,14.6,14.8,14.6,14.8,1100
PLC,20080418,14.9,15,14.7,14.9,3300
PLC,20080417,14.9,15.8,14.9,15.1,15200
PLC,20080416,15.4,15.4,15.4,15.4,2300
PLC,20080411,15.8,15.8,15.8,15.8,2600
PLC,20080410,16.4,16.4,16.4,16.4,300
PLC,20080409,17,17,16.8,16.9,2800
PLC,20080408,17.4,17.4,16.4,17.3,31000
PLC,20080407,16.9,16.9,16.9,16.9,200
PLC,20080404,16.4,16.4,16.4,16.4,100
PLC,20080403,16.1,16.1,16.1,16.1,1600
PLC,20080402,15.8,15.8,15.8,15.8,700
PLC,20080401,15.5,15.5,15.5,15.5,300
PLC,20080331,15.2,15.2,15.2,15.2,700
PLC,20080328,14.9,14.9,14.9,14.9,100
PLC,20080327,14.6,14.6,14.6,14.6,100
PLC,20080326,14.7,14.7,13.4,14.3,8600
PLC,20080325,14.2,14.2,13.2,13.3,8000
PLC,20080324,17,17,14.6,14.8,15800
PLC,20080321,17,17,16.1,16.2,5500
PLC,20080320,17.5,17.6,16.4,17.1,5300
PLC,20080319,17,17.2,16.4,17,13500
PLC,20080318,18.6,18.6,16.6,16.7,19200
PLC,20080317,19.8,19.8,17.5,18.5,8800
PLC,20080314,19.6,19.8,19,19.4,6000
PLC,20080313,19.6,19.8,19,19.4,6500
PLC,20080312,18.4,21,18.2,19.7,9200
PLC,20080311,22,22,20,20.2,6900
PLC,20080310,22.4,22.4,22.1,22.3,21200
PLC,20080307,20.3,20.3,20.3,20.3,35600
PLC,20080306,18.4,18.4,18.4,18.4,10300
PLC,20080305,16.9,18.1,16.5,16.6,13200
PLC,20080304,19.4,19.4,18.2,18.5,3700
PLC,20080303,21,21,19.6,20.4,4500
PLC,20080229,21.4,22.5,21.3,21.4,3100
PLC,20080228,21.9,21.9,21,21.4,6100
PLC,20080227,22.2,22.5,20.3,21.2,18100
PLC,20080226,23.4,23.4,22.2,22.6,6800
PLC,20080225,23.1,23.2,21.7,22.8,5100
PLC,20080222,21,22.2,20.4,21,10800
PLC,20080221,23.4,23.4,21.7,21.9,43200
PLC,20080220,25.1,25.1,23.9,24.2,18700
PLC,20080219,25.1,25.1,25.1,25.1,2000
PLC,20080218,26,26,24.8,25.4,5400
PLC,20080215,27.4,27.4,26.2,26.3,4800
PLC,20080214,26.8,26.8,26.8,26.8,400
PLC,20080213,28.3,28.3,27.4,27.7,2900
PLC,20080212,30.6,30.6,28,28.5,3800
PLC,20080201,28.6,28.6,28,28.2,8700
PLC,20080131,28,28.3,26.3,27.8,7700
PLC,20080130,27.4,27.9,27.4,27.7,2000
PLC,20080129,25.1,25.8,25.1,25.3,2500
PLC,20080128,24.5,25.1,24.5,25,2200
PLC,20080125,24.6,25.1,24.6,24.9,2500
PLC,20080124,24.5,26.2,24.5,25.4,1300
PLC,20080123,25.2,25.2,24.2,24.6,3900
PLC,20080122,26.2,26.2,25.7,26,1300
PLC,20080121,28,28,26.8,27.3,800
PLC,20080118,26.9,27.2,26.9,27,1300
PLC,20080117,27.7,28.3,24.6,27,6500
PLC,20080116,23.9,26.4,23.9,25.8,6700
PLC,20080115,25.7,25.7,22.9,23.9,6400
PLC,20080114,26.6,26.6,25.1,25.5,7700
PLC,20080110,28,28,26,27,1700
PLC,20080109,29.8,29.8,28.6,29,300
PLC,20080108,28.3,28.6,25.3,28.3,7500
PLC,20080107,28,28.6,28,28.2,2500
PLC,20080104,28,28,28,28,100
PLC,20080103,28.3,29.8,27.8,28.3,9800
PLC,20080102,28.6,30.3,27.4,29.9,1700
PLC,20071228,29.2,30,28.6,29.5,5700
PLC,20071227,30.3,30.3,29.4,30.1,7100
PLC,20071226,31.5,31.5,30.9,31,900
PLC,20071225,31.5,31.5,31.5,31.5,400
PLC,20071224,30.9,32.1,30.9,31.5,1900
PLC,20071221,31.5,31.5,30.9,31.4,2400
PLC,20071220,31.8,31.8,31,31.4,1800
PLC,20071219,32.4,32.4,31.3,32.1,2000
PLC,20071218,30.9,31.5,30.9,31,1000
PLC,20071217,30.1,30.3,30.1,30.2,300
PLC,20071214,31.5,32.1,31.5,31.6,1400
PLC,20071213,31.6,32.6,31.4,32.2,1900
PLC,20071212,32.6,33,30,31.6,11900
PLC,20071211,33.4,33.4,33,33.2,2600
PLC,20071210,34.4,34.4,33.5,33.9,3700
PLC,20071207,34.4,35.6,33.4,34.2,10200
PLC,20071206,32.6,35.1,32.6,33,18800
PLC,20071205,33,33,32.4,32.6,2100
PLC,20071204,33.2,33.2,32.6,33,11500
PLC,20071203,33.5,33.5,33,33.1,2200
PLC,20071130,32.4,33.2,32.4,33,4800
PLC,20071129,33.5,33.5,32.1,32.4,17000
PLC,20071128,33.3,33.5,33,33.3,5600
PLC,20071127,33.2,33.6,33,33.4,17400
PLC,20071126,33.2,33.2,33,33.2,6200
PLC,20071123,33.2,33.2,32.6,32.8,7700
PLC,20071122,33.2,33.8,33,33.2,5600
PLC,20071121,33.2,33.2,32.4,32.6,14300
PLC,20071120,33,33.5,32.6,33,10200
PLC,20071119,32.6,33.8,32.6,33,8700
PLC,20071116,32.6,33.2,32.1,32.7,9400
PLC,20071115,31.5,35.6,31.5,33.7,11300
PLC,20071114,32.1,35,30.9,33.3,19100
PLC,20071113,32.6,32.6,30.9,31.7,10500
PLC,20071112,34.4,35.6,33.2,33.9,10100
PLC,20071109,39.2,39.2,34.2,34.6,12100
PLC,20071108,36.2,36.2,35.3,35.6,6200
PLC,20071107,34.7,36.2,34.7,35.9,5400
PLC,20071106,34.7,35,34.1,34.6,10700
PLC,20071105,37.9,37.9,35.6,35.8,10700
PLC,20071102,37.9,37.9,36.7,37.4,16800
PLC,20071101,38.5,38.5,36.2,37.4,18000
PLC,20071031,38.5,38.6,37,37.9,4700
PLC,20071030,39.6,39.6,37.3,38.6,8100
PLC,20071029,39.4,40.8,39,39.6,20900
PLC,20071026,41.6,41.6,38.5,39.4,32800
PLC,20071025,37.3,37.9,37.1,37.8,28100
PLC,20071024,36.4,37.9,36.2,36.9,15000
PLC,20071023,39.6,41.7,36.2,37.8,17100
PLC,20071022,36.7,38.5,36.7,37.9,9000
PLC,20071019,35.6,39.4,35.6,38.4,10500
PLC,20071018,38.5,39.6,37.4,38.1,8400
PLC,20071017,42,42.6,38.5,40.6,27500
PLC,20071016,39.6,42,39.6,41,43600
PLC,20071015,39.6,40.2,38.5,39.1,23500
PLC,20071012,37.3,38.5,36.7,37.8,33100
PLC,20071011,37.3,37.3,35.8,36.5,16200
PLC,20071010,36.4,36.7,35,35.8,7800
PLC,20071009,36.7,38.5,36.2,36.6,12700
PLC,20071008,38.5,39.6,36.9,37.9,16600
PLC,20071005,40.9,40.9,35.8,37.6,22700
PLC,20071004,38.5,38.8,34.4,37.1,24000
PLC,20071003,40.8,40.8,37.3,38.2,11800
PLC,20071002,42.1,42.1,38.5,40.2,19800
PLC,20071001,38.2,38.2,38.2,38.2,16600
PLC,20070928,32.6,35.5,32.6,34.7,19100
PLC,20070927,32.1,32.4,32.1,32,8100
PLC,20070926,31.6,32.6,31.6,32,19200
PLC,20070925,30.9,31.3,30.3,30.8,9700
PLC,20070924,30.9,31.2,30.8,30.9,2600
PLC,20070921,31.8,31.8,30.9,31,600
PLC,20070920,31.5,31.5,30.3,31,6300
PLC,20070919,30,30.6,29.8,30.2,2800
PLC,20070918,29.8,30,29.8,30,2300
PLC,20070917,30.1,30.1,29.8,30,1600
PLC,20070914,30.7,30.9,30.7,30.8,3300
PLC,20070913,30,30.9,30,30.3,2400
PLC,20070912,30.1,30.1,29.4,29.8,13500
PLC,20070911,30,30,29.8,30,7100
PLC,20070910,30.9,30.9,30.3,30.6,2500
PLC,20070907,32.6,32.6,31.3,31.8,900
PLC,20070906,30,31.2,30,30.5,3200
PLC,20070905,30.3,30.3,30.3,30.3,100
PLC,20070904,31.5,31.5,30.9,31,1400
PLC,20070830,31.5,31.5,31.5,31.5,1000
PLC,20070829,30.3,30.3,30.3,30.3,900
PLC,20070828,31.2,31.2,30.3,31,3400
PLC,20070827,31,31.5,31,31.3,800
PLC,20070824,31,31,31,31,100
PLC,20070823,31.8,31.8,31.8,31.8,1000
PLC,20070821,32.1,32.1,32.1,32.1,5000
PLC,20070820,31.5,32.1,31.5,31.6,700
PLC,20070817,32.1,32.1,32.1,32.1,100
PLC,20070816,32.4,32.4,32.2,32.2,700
PLC,20070815,31.5,33.8,31.5,32.6,400
PLC,20070814,31.5,31.5,31.5,31.5,1500
PLC,20070813,32.1,32.1,32.1,32.1,300
PLC,20070810,36.2,36.2,33.2,33.9,3100
PLC,20070809,31.5,33.8,31.5,33.7,28700
PLC,20070808,31.5,31.5,31.5,31.5,500
PLC,20070807,31.3,31.3,31.3,31.3,200
PLC,20070806,30.3,32.6,30.3,31.3,1000
PLC,20070803,33,33,32.6,32.8,500
PLC,20070802,32.6,33,32.5,32.6,10200
PLC,20070801,31.8,33.8,31.8,32.4,7800
PLC,20070731,32.1,32.1,31.5,32,13200
PLC,20070730,29.8,32.2,29.8,31.4,3500
PLC,20070727,33,33,31.5,32.2,800
PLC,20070726,32.6,32.6,31,31.8,2400
PLC,20070725,32.6,32.6,32.6,32.6,300
PLC,20070724,33.2,33.8,33.2,33.6,300
PLC,20070723,33.5,33.5,33.5,33.5,100
PLC,20070720,32.6,32.6,32.6,32.6,500
PLC,20070719,33.2,33.2,32.1,32.4,5300
PLC,20070718,33.5,33.5,32.6,33.1,2200
PLC,20070717,31.5,33.8,31.5,32,3300
PLC,20070716,32.6,32.6,29.4,32.1,2300
PLC,20070713,31.8,33.2,31.8,32.7,3600
PLC,20070712,34.1,34.4,33.3,33.7,4100
PLC,20070711,34.7,35,34.5,34.7,2900
PLC,20070710,35.6,36.2,34.1,35,5400
PLC,20070709,35.6,35.9,34.4,35,4800
PLC,20070706,35.8,35.8,34.4,34.6,8200
PLC,20070705,36.5,36.5,33.8,34.5,1800
PLC,20070704,34.5,35.8,34.4,34.8,2200
PLC,20070703,33.8,33.8,30.9,33.6,2500
PLC,20070702,33.8,34.1,33.4,33.9,2800
PLC,20070629,35,35,35,35,100
PLC,20070628,33.8,34.7,33.8,34.8,2300
PLC,20070627,35.3,35.3,34.1,34.2,11000
PLC,20070626,35,35.6,34.7,34.9,5600
PLC,20070625,35,35,34.7,34.8,6500
PLC,20070622,34.9,35,34.9,35,1800
PLC,20070621,35.1,35.3,35,35.1,1500
PLC,20070620,34.7,35.3,34.4,34.8,2600
PLC,20070619,35,36.7,35,35.8,200
PLC,20070618,37.4,37.4,36.8,37,4800
PLC,20070615,37.9,37.9,37.7,37.9,3000
PLC,20070614,37,37.9,37,37.7,1100
PLC,20070613,38.2,38.6,38.2,38.2,3400
PLC,20070612,39,39,39,39.4,500
PLC,20070611,38.8,38.8,38.8,39,500
PLC,20070608,39.4,39.4,38.8,39.4,3400
PLC,20070607,39.4,39.4,39.4,39.6,3000
PLC,20070606,39.4,39.4,38.6,39.6,2400
PLC,20070605,38.2,39.9,38.2,39.7,13100
PLC,20070604,39,40.8,38.6,40.2,13400
PLC,20070601,39.6,39.9,39.4,39.9,2400
PLC,20070531,39.6,39.9,39.4,40,7300
PLC,20070530,41.7,41.7,39.4,40.2,22600
PLC,20070529,40,41.7,39.7,40.9,14300
PLC,20070528,40.5,40.8,40.2,40.8,28400
PLC,20070525,39.1,40.5,39.1,40,18500
PLC,20070524,42.2,42.2,39.4,40.3,3900
PLC,20070523,41.7,42.8,40.8,42.1,12500
PLC,20070522,39,39.4,38.8,39.5,19600
PLC,20070521,38.8,39,38.2,39.1,3000
PLC,20070518,38.8,39.3,35.3,39.4,8600
PLC,20070517,39.6,39.6,38.8,39.6,14300
PLC,20070516,38.2,41.1,37.6,39.6,34500
PLC,20070515,41.6,41.7,39.4,39.9,2800
PLC,20070514,38,42.2,38,39.5,14600
PLC,20070511,38.8,39.4,38.8,39.2,8300
PLC,20070510,35.8,38.8,34.5,37.2,2300
PLC,20070509,39.9,39.9,38.2,38.7,5100
PLC,20070508,39.4,39.4,35.8,38,3400
PLC,20070507,40.5,40.5,39.4,40.1,900
PLC,20070504,39.4,39.4,39.4,39.6,1200
PLC,20070503,40.4,40.4,39.9,40.5,1800
PLC,20070502,40.2,40.5,39.9,40.4,6200
PLC,20070425,39.9,39.9,39.9,40.2,800
PLC,20070424,40,40,39.9,40.2,800
PLC,20070423,39.9,40.2,39.9,40.3,2600
PLC,20070420,40.4,40.4,40.4,40.7,1100
PLC,20070419,43.9,43.9,38.8,42.8,3600
PLC,20070418,44.4,44.7,41.1,43.5,5600
PLC,20070417,39.4,42.2,39.4,40.9,13600
PLC,20070416,43.4,43.4,41.1,42.8,4600
PLC,20070413,45.1,45.1,42.2,44.6,3900
PLC,20070412,45.1,46.2,45.1,45.7,2800
PLC,20070411,47.4,47.4,46.2,47,9800
PLC,20070410,45.4,48,45.1,47.9,10900
PLC,20070409,46.8,47.4,46.8,47.3,2700
PLC,20070406,46.2,46.8,45.1,46.7,4000
PLC,20070405,45.1,46.2,45.1,45.9,10300
PLC,20070404,48,48.5,44.5,46.2,11200
PLC,20070403,48.9,49.2,45.4,46.8,1800
PLC,20070402,51.1,51.1,49.8,50.8,1400
PLC,20070330,53.4,53.4,49.8,51.7,8000
PLC,20070329,47.9,49.8,46.6,49.3,8000
PLC,20070328,43,48,42.9,45.4,7800
PLC,20070327,49.8,49.8,45.9,48.2,3500
PLC,20070326,52,52,49.2,51.5,5200
PLC,20070323,56.6,56.6,51.6,52.4,15800
PLC,20070322,58.3,59.5,56.6,58,4200
PLC,20070321,59.5,60.1,58.4,60.3,13600
PLC,20070320,59.5,65.3,56.6,60.6,6500
PLC,20070319,60.6,61,57.2,61,26400
PLC,20070319,60.6,61,57.2,61,26400
PLC,20070316,56.1,56.1,50,55.8,14900
PLC,20070315,55.6,55.6,55.6,56,2300
PLC,20070314,59.5,63.6,59.5,62.4,16600
PLC,20070313,59.5,63.4,59,61.3,12500
PLC,20070312,62.8,62.8,52.6,59.9,22900
PLC,20070309,54.9,59.4,53.8,57.4,28900
PLC,20070308,53.2,56.1,52.9,54.2,41300
PLC,20070307,53.8,53.8,50.9,53.3,18500
PLC,20070306,53.2,53.8,47.7,52.9,17000
