<Ticker>,<DTYYYYMMDD>,<Open>,<High>,<Low>,<Close>,<Volume>
POT,20100729,23.5,24.6,23.5,24.4,111900
POT,20100728,25,25.1,23.8,24,487100
POT,20100727,25.6,26.1,25.1,25.5,105900
POT,20100726,25.5,26.2,24.9,25.4,123900
POT,20100723,26.1,26.4,25.5,25.8,102400
POT,20100722,26,26.4,25.6,25.9,194900
POT,20100721,27,27.5,26.3,27,232000
POT,20100720,26.3,27.8,26,26.7,327100
POT,20100719,26.1,26.4,25.5,26.1,131600
POT,20100716,25.6,26.4,25.6,26.1,173500
POT,20100715,27,27,25.8,26.1,203300
POT,20100714,28.1,28.2,26,27.5,343100
POT,20100713,26.2,26.8,25.8,26.4,321100
POT,20100712,25.1,25.5,24.6,25.1,152300
POT,20100709,24.5,25.6,24.5,25,146800
POT,20100708,25.5,26.2,24,24.7,218800
POT,20100707,25.6,26,24.6,25.1,230800
POT,20100706,26.5,26.5,24.9,25.2,141000
POT,20100705,27,27.3,26.2,26.6,116700
POT,20100702,25.5,26.3,25,25.9,208100
POT,20100701,24.5,26.2,24.5,25.2,292600
POT,20100630,25.6,26,25.2,25.5,279100
POT,20100629,27,27.7,26.5,27,221900
POT,20100628,27.8,28,27.1,27.5,107700
POT,20100625,26,28.8,25.6,27.8,343800
POT,20100624,27.1,28.1,26.6,27.1,553800
POT,20100623,26.6,28.2,26.4,27.3,307400
POT,20100622,31,31,27.9,28.2,530200
POT,20100621,28.4,30.3,28.4,30,431100
POT,20100618,29.1,29.6,27.5,28.4,237100
POT,20100617,27.2,29.1,26.6,28.9,1258100
POT,20100616,28,28.2,26,27.2,614400
POT,20100615,28,28.2,26.4,27.7,488800
POT,20100614,26.3,26.6,25,26.4,303300
POT,20100611,24,25,24,24.9,614300
POT,20100610,24,24,22.9,23.4,88800
POT,20100609,23.4,23.7,23,23.7,422100
POT,20100608,21,23.4,20.8,22.2,221700
POT,20100607,22.7,22.9,22.2,22.3,308600
POT,20100604,24,24.8,23.5,23.8,284200
POT,20100603,26.1,26.3,24.7,25.2,192700
POT,20100602,25,25.9,23.8,24.7,146900
POT,20100601,26,26.5,23.8,24.5,397800
POT,20100531,25.6,25.6,24.5,25.5,1151900
POT,20100528,24,24,24,24,58200
POT,20100527,22.5,22.5,22.5,22.5,60800
POT,20100526,20.5,21.2,20,21.1,100900
POT,20100525,17.6,20.1,17.5,19.9,538800
POT,20100524,18.6,20,18.6,18.8,514400
POT,20100521,20,20,20,20,55700
POT,20100520,21.2,23.4,21.2,21.5,339000
POT,20100519,22.6,24,22.6,22.7,127000
POT,20100518,27,27,24,24.2,233900
POT,20100517,25.5,26,24.5,25.7,571400
POT,20100514,24,26,24,24.3,1045300
POT,20100513,25.7,25.7,25.7,25.7,94300
POT,20100512,27.6,27.6,27.6,27.6,876900
POT,20100511,32,32,29.1,29.6,203200
POT,20100510,35.7,35.7,31.1,31.2,1002200
POT,20100507,33.5,33.5,31.4,33.4,919400
POT,20100506,30.5,31.5,30.5,31.4,228200
POT,20100505,29.7,29.7,27,29.5,1289700
POT,20100504,27.8,27.8,27.8,27.8,93500
POT,20100429,26,26,26,26,210400
POT,20100428,24.3,24.3,23.9,24.3,211100
POT,20100427,22.8,22.8,22,22.8,214000
POT,20100426,21.4,21.4,21,21.4,783600
POT,20100422,20.7,20.7,18.1,20,665800
POT,20100421,18.8,19.6,18.8,19.4,137800
POT,20100420,19.2,19.2,17.8,18.4,394500
POT,20100419,18.1,19.4,18,18.9,338000
POT,20100416,18.1,18.2,17.6,18.2,439000
POT,20100415,16.4,17.2,16.4,17.1,504900
POT,20100414,15.1,16.5,15.1,16.1,234800
POT,20100413,16.4,16.4,15.3,15.7,195300
POT,20100412,17.3,17.3,15.3,16.3,363400
POT,20100409,16.2,16.2,16.2,16.2,204400
POT,20100408,14.5,15.4,14.5,15.2,222100
POT,20100407,14.6,14.6,14,14.4,105200
POT,20100406,14.4,15,14.1,14.6,76400
POT,20100405,15.3,15.3,14.1,14.4,56900
POT,20100402,13.8,14.3,13.8,14.3,298800
POT,20100401,13.5,13.9,13.1,13.4,96400
POT,20100331,13.8,14,13.5,13.7,81100
POT,20100330,14.2,14.2,13.4,13.8,85800
POT,20100329,14.1,14.9,14,14.4,65700
POT,20100326,14.1,14.3,13.8,14,21700
POT,20100325,14.6,14.6,14,14.3,59600
POT,20100324,15,15.3,14.7,15,52500
POT,20100323,16.2,16.2,15,15.6,71900
POT,20100322,14.5,15.4,14.5,15.4,458600
POT,20100319,14.6,14.7,14.2,14.4,111600
POT,20100318,14.3,14.3,13.7,14.1,26900
POT,20100317,14.1,14.1,13.5,13.7,15900
POT,20100316,14.8,14.8,13.7,14.3,64200
POT,20100315,14.1,14.6,14.1,14.6,134100
POT,20100312,13.4,13.8,13.3,13.6,29600
POT,20100311,13.7,13.8,13.3,13.6,17900
POT,20100310,14,14.1,13.5,13.8,6400
POT,20100309,14.1,14.2,13.8,14.1,37200
POT,20100308,13.5,14.1,13.5,13.8,20500
POT,20100305,13.3,13.6,13.1,13.4,22400
POT,20100304,13.5,13.8,13.1,13.5,27900
POT,20100303,13.3,13.8,12.9,13.1,31200
POT,20100302,12.6,13.3,12.5,12.9,155700
POT,20100301,13.3,13.3,13.3,13.3,8600
POT,20100226,13.3,13.3,13.1,13.3,13300
POT,20100225,13.3,13.3,12.8,13,3800
POT,20100224,13,13.1,13,13,2200
POT,20100223,12.8,13,12.4,12.6,16100
POT,20100222,14.4,14.4,13.1,13.3,2100
POT,20100212,13.6,14.1,13.6,14,5000
POT,20100211,13.2,13.3,13.2,13.2,6100
POT,20100210,12.8,12.8,12.7,12.8,10900
POT,20100209,13.3,13.3,12.5,12.7,18400
POT,20100208,12.8,12.9,12.6,12.8,6400
POT,20100205,12.8,13,12.7,12.8,21500
POT,20100204,12.9,13.7,12.9,13.6,21600
POT,20100203,13.3,13.3,12.8,13,7900
POT,20100202,13.7,13.7,12.6,13,10900
POT,20100201,13.6,13.6,13.3,13.5,5600
POT,20100129,13.1,13.3,13.1,13.2,4800
POT,20100128,12.8,13.5,12.8,13.2,2300
POT,20100127,13.8,13.8,13.3,13.3,6100
POT,20100126,14.2,14.3,14.1,14.3,50700
POT,20100125,13.5,13.5,12.9,13.4,6200
POT,20100122,13.5,13.5,12.7,12.8,12900
POT,20100121,13.3,13.3,12.6,12.9,37200
POT,20100120,13.6,13.6,13,13.3,26400
POT,20100119,14.1,14.1,13.2,13.5,26100
POT,20100118,14.8,14.8,13.7,13.8,27100
POT,20100115,15.3,15.3,13.9,14.3,22700
POT,20100114,14.8,14.8,14.3,14.7,65300
POT,20100113,14.2,15.2,13.3,13.8,91200
POT,20100112,14.9,14.9,14.2,14.3,58900
POT,20100111,16.5,16.5,15.3,15.3,59100
POT,20100108,17.6,17.8,15.6,16.4,94000
POT,20100107,16.7,16.7,16.2,16.7,166300
POT,20100106,15.3,15.8,14.3,15.6,183600
POT,20100105,14.8,14.8,14.3,14.8,192200
POT,20100104,13.2,14,13.2,13.8,35300
POT,20091231,13.2,13.3,12.8,13.1,32800
POT,20091230,12.7,13.2,12.1,12.6,14500
POT,20091229,12.6,12.8,12.2,12.3,30100
POT,20091228,14.6,14.6,12.6,13.1,30000
POT,20091225,13.3,13.6,13.3,13.6,27500
POT,20091224,12.1,12.9,11.8,12.7,54100
POT,20091223,12,12.7,11.8,12.1,9000
POT,20091222,13.3,13.4,12.1,12.7,6000
POT,20091221,12,12.6,12,12.5,12000
POT,20091218,11.3,11.8,11.3,11.8,24300
POT,20091217,10.7,11.4,10.7,11,11400
POT,20091216,12.2,12.2,11.3,11.4,22000
POT,20091215,12.1,12.2,11.8,12.1,10500
POT,20091214,11.8,12.1,11.8,12.1,52600
POT,20091211,12,12,11.2,11.3,51400
POT,20091210,12.4,12.4,11.8,12,69200
POT,20091209,12,12.2,12,12.1,31400
POT,20091208,13.2,13.2,12.5,12.9,27900
POT,20091207,13,13.8,13,13.4,3700
POT,20091204,13.6,13.6,13.2,13.4,10300
POT,20091203,13.6,13.6,13,13.4,44200
POT,20091202,14.7,14.7,12.8,13.7,38300
POT,20091201,13.7,13.7,13.7,13.7,11800
POT,20091130,12.2,12.9,12.1,12.8,15700
POT,20091127,12,13.6,11.9,12.1,93600
POT,20091126,12.8,12.8,12.8,12.8,20000
POT,20091125,14.4,14.4,13.7,13.8,78400
POT,20091124,15.8,15.8,14.5,14.7,61200
POT,20091123,16.3,16.3,15.4,15.6,41600
POT,20091120,16.3,16.8,16.3,16.6,39400
POT,20091119,16.4,16.8,16.4,16.7,25500
POT,20091118,16.8,17,16.1,16.6,12600
POT,20091117,18.5,18.8,16.6,17,41600
POT,20091116,17.8,17.9,16.8,17.9,213400
POT,20091113,16.8,16.8,15.8,16.7,89800
POT,20091112,15.7,15.7,15.5,15.7,36300
POT,20091111,14.2,15.3,14.2,14.7,17900
POT,20091110,17.1,17.1,15.2,15.3,52500
POT,20091109,16.3,16.3,16.3,16.3,14400
POT,20091106,18.1,18.1,16.3,17.5,49000
POT,20091105,16.8,17.3,16.3,16.9,113700
POT,20091104,16.1,16.4,15.4,16.2,96500
POT,20091103,16.1,17.2,15.3,16.1,151200
POT,20091102,17.8,17.8,15.8,16.1,118700
POT,20091030,16.2,18.1,16.2,17,370600
POT,20091029,17.4,17.4,17.4,17.4,9800
POT,20091028,18.7,18.7,18.7,18.7,31400
POT,20091027,20.1,20.1,20.1,20.1,25800
POT,20091026,21.6,21.6,21.6,21.6,7700
POT,20091023,24.7,25.3,23,23.2,38000
POT,20091022,25.6,25.8,23.2,24.7,214800
POT,20091021,24.3,24.3,21.1,24.1,670400
POT,20091020,22.7,22.7,22.7,22.7,46400
POT,20091019,21.2,21.2,21.2,21.2,142500
POT,20091016,19.8,19.8,19.8,19.8,115400
POT,20091015,18.5,18.5,18.5,18.5,7000
POT,20091014,17.3,17.3,17.3,17.3,264200
POT,20091013,16.2,16.2,16.2,16.2,110500
POT,20091012,15.1,15.1,14.1,15.1,177700
POT,20091009,14.4,14.4,13.6,14.1,325400
POT,20091008,13.3,13.8,13,13.5,111800
POT,20091007,13.3,13.3,12.8,13.1,72200
POT,20091006,13,13,12.6,12.8,31200
POT,20091005,12.3,13.1,12.3,12.5,54500
POT,20091002,12,12.6,12,12.3,65100
POT,20091001,13.1,13.1,12.6,12.8,57400
POT,20090930,13.3,13.3,13,13.1,17300
POT,20090929,14.2,14.3,13.3,13.8,30700
POT,20090928,13.6,14.6,13.6,14.2,89300
POT,20090925,12.4,13.6,12.4,13.6,182500
POT,20090924,12.6,13.1,12.5,12.7,41700
POT,20090923,13.4,13.5,13,13.2,70900
POT,20090922,13.1,13.2,12.8,13.1,71300
POT,20090921,13.3,13.3,12.8,13,71500
POT,20090918,13.2,13.3,12.8,13,59200
POT,20090917,13.3,13.3,12.9,13.1,28900
POT,20090916,12.6,13.3,12.5,12.7,28300
POT,20090915,12.1,13,12.1,12.8,29100
POT,20090914,12.9,13.3,12.8,13,30200
POT,20090911,13.3,13.5,13.1,13.4,59500
POT,20090910,13.3,14,13.1,13.7,30600
POT,20090909,14.3,14.3,13.7,14,173900
POT,20090908,13.1,13.9,12.9,13.7,299100
POT,20090907,12.8,13.9,12.2,13.2,119800
POT,20090904,13.8,13.8,12.8,13.1,108700
POT,20090903,13.3,14.1,13,13.7,118400
POT,20090901,13.7,14.2,12.9,13.9,698100
POT,20090831,13.3,13.3,13.3,13.3,122300
POT,20090828,12.4,12.4,12.4,12.4,102600
POT,20090827,11.1,11.7,11,11.6,136700
POT,20090826,10.6,11.2,10.6,10.9,127600
POT,20090825,10.8,10.8,10.6,10.8,57500
POT,20090824,10.8,11,10.7,10.9,53200
POT,20090821,10.8,11,10.8,10.8,101300
POT,20090820,11.1,11.2,10.5,10.8,42500
POT,20090819,10.7,10.9,10.7,10.8,41800
POT,20090818,10.6,10.8,10.6,10.7,87900
POT,20090817,10.8,10.8,10.5,10.6,7800
POT,20090814,10.8,10.9,10.5,10.7,17500
POT,20090813,10.6,10.8,10.6,10.6,29100
POT,20090812,10.8,10.9,10.6,10.8,41300
POT,20090811,10.8,10.8,10.3,10.5,20300
POT,20090810,11.2,11.3,10.7,10.9,10100
POT,20090807,10.8,10.8,10.6,10.8,14900
POT,20090806,11.2,11.2,10.6,10.8,23000
POT,20090805,10.6,10.8,10.6,10.7,56900
POT,20090804,10.7,10.8,10.5,10.7,9000
POT,20090803,11.2,11.3,10.3,10.9,12400
POT,20090731,10.9,10.9,10.6,10.8,12400
POT,20090730,10.4,10.4,10.3,10.3,14100
POT,20090729,10.8,11.1,10.7,11,20100
POT,20090728,11.2,11.3,10.5,11.1,60900
POT,20090727,11.2,11.4,11.1,11.3,46300
POT,20090724,11.1,11.2,11.1,11.2,57100
POT,20090723,10.3,10.7,10.1,10.5,24900
POT,20090722,10.2,10.6,10.1,10.4,17600
POT,20090721,10.2,10.5,10,10.3,14800
POT,20090720,10.1,10.1,9.9,10,24100
POT,20090717,10.3,10.7,10.1,10.6,34800
POT,20090716,10.6,10.6,10.3,10.5,45900
POT,20090715,10.7,10.7,10.1,10.5,17900
POT,20090714,10.1,10.6,10.1,10.4,32100
POT,20090713,10.4,10.6,10.1,10.3,20200
POT,20090710,10.6,10.8,10.5,10.6,20000
POT,20090709,10.7,10.8,10.5,10.6,27300
POT,20090708,10.2,10.7,10.2,10.5,25100
POT,20090707,10.8,11.3,10.7,11,61500
POT,20090706,10.3,10.9,10.3,10.8,43900
POT,20090703,9.8,10.5,9.7,10.2,19900
POT,20090702,10.3,10.3,9.6,10.1,34300
POT,20090701,9.7,9.8,9.5,9.6,47400
POT,20090630,10.4,10.5,9.9,10.2,62000
POT,20090629,10.6,10.6,10.3,10.4,17700
POT,20090626,11.2,11.2,10.1,10.6,44500
POT,20090625,11.8,11.8,10.4,10.9,30900
POT,20090624,10,11.3,9.9,11.2,42800
POT,20090623,10.6,10.7,10.6,10.6,234500
POT,20090622,11.8,12.1,11.3,11.4,32900
POT,20090619,12.7,12.7,11.8,12.2,47900
POT,20090618,11.9,11.9,11.9,11.9,27100
POT,20090617,11,12.1,11,11.1,124500
POT,20090616,11.8,12.3,11.8,11.8,73700
POT,20090615,13.5,13.7,12.6,12.7,107100
POT,20090612,13.3,14,13,13.5,154100
POT,20090611,12.1,13.7,12.1,13.3,160100
POT,20090610,14.6,14.6,12.8,12.9,122700
POT,20090609,14.3,14.3,13.3,13.8,279900
POT,20090608,13.4,13.4,13.4,13.4,80600
POT,20090605,12.1,12.6,12,12.5,338900
POT,20090604,10.8,12,10.8,11.8,143800
POT,20090603,11.5,11.5,11.1,11.2,156700
POT,20090602,12.1,12.1,11.3,11.9,166500
POT,20090601,10.8,11.3,10.8,11.3,125100
POT,20090529,10.5,11.3,10.5,10.6,150300
POT,20090528,11.3,11.3,11.3,11.3,33100
POT,20090527,12.3,12.7,11.6,12.1,107000
POT,20090526,12,12,11.7,11.9,254100
POT,20090525,11.1,11.3,11,11.2,164100
POT,20090522,10.7,10.7,9.8,10.6,321100
POT,20090521,10,10,9.5,10,111500
POT,20090520,9,9.5,8.9,9.3,195700
POT,20090519,8.9,9.1,8.7,8.9,74900
POT,20090518,9.1,9.1,8.6,8.9,56500
POT,20090515,8.6,8.9,8.6,8.8,122100
POT,20090514,8.8,9,8.2,8.6,90400
POT,20090513,8.2,8.5,8.2,8.4,130100
POT,20090512,7.7,8.1,7.5,7.9,49600
POT,20090511,8.1,8.2,7.9,8,27500
POT,20090508,8.2,8.2,7.9,8.1,52200
POT,20090507,8.3,8.6,8.1,8.3,60000
POT,20090506,8.3,8.3,8.1,8.1,26900
POT,20090505,8.7,8.7,8.1,8.7,113800
POT,20090504,7.8,8.1,7.8,8.1,30200
POT,20090429,7.6,7.7,7.4,7.6,9700
POT,20090428,7.3,7.5,7.2,7.4,17000
POT,20090427,7.3,7.5,7.3,7.4,33900
POT,20090424,7.6,7.7,7.3,7.5,42900
POT,20090423,8,8,7.6,7.7,24200
POT,20090422,7.7,7.8,7.7,7.8,35200
POT,20090421,7.3,7.7,7.3,7.3,40800
POT,20090420,7.8,7.8,7.8,7.8,22100
POT,20090417,8.9,8.9,8.3,8.4,82400
POT,20090416,9.4,9.4,8.7,8.9,70200
POT,20090415,9.6,9.6,8.5,8.8,88200
POT,20090414,9.2,9.2,8.8,9.1,147400
POT,20090413,8.3,8.6,8.3,8.6,56000
POT,20090410,8,8.2,7.7,8,89800
POT,20090409,7.9,7.9,7.6,7.7,33700
POT,20090408,7.8,8.3,7.6,7.9,59400
POT,20090407,7.4,8,7.3,7.8,100100
POT,20090403,7.5,7.7,7.3,7.5,98000
POT,20090402,7.3,7.3,7.1,7.2,56000
POT,20090401,6.8,7,6.6,6.8,46900
POT,20090331,6.3,6.6,6.3,6.5,14200
POT,20090330,6.8,6.8,6.3,6.5,16100
POT,20090327,6.9,6.9,6.7,6.7,23500
POT,20090326,6.9,7.1,6.8,6.9,15200
POT,20090325,6.9,7.1,6.8,7,26000
POT,20090324,6.7,7,6.7,6.9,23600
POT,20090323,6.5,6.6,6.3,6.5,16400
POT,20090320,7,7,6.7,6.8,10200
POT,20090319,7.3,7.3,6.6,7,24600
POT,20090318,6.9,7.3,6.5,7.1,30600
POT,20090317,6.7,6.9,6.6,6.8,50500
POT,20090316,6.6,6.7,6.5,6.6,9600
POT,20090313,6.6,6.6,6.5,6.6,9200
POT,20090312,6.7,6.8,6.5,6.6,32000
POT,20090311,7,7.3,6.7,7,48800
POT,20090310,7.2,7.2,6.5,7,43700
POT,20090309,6.6,6.7,6.5,6.7,22500
POT,20090306,5.7,6.5,5.7,6.2,27300
POT,20090305,5.7,6,5.7,6,22200
POT,20090304,5.6,5.6,5.5,5.6,7800
POT,20090303,5.6,5.6,5.5,5.6,400
POT,20090302,5.3,5.6,5.3,5.5,3000
POT,20090227,5.6,5.7,5.5,5.6,2500
POT,20090226,5.9,5.9,5.6,5.7,13000
POT,20090225,5.7,5.8,5.5,5.7,12600
POT,20090224,5.6,5.6,5.3,5.5,18400
POT,20090223,5.9,6,5.6,5.7,18700
POT,20090220,6,6.2,5.9,6.1,7000
POT,20090219,6.2,6.2,6,6.2,4900
POT,20090218,6.2,6.3,6,6.1,12900
POT,20090217,6.4,6.4,6.4,6.4,6100
POT,20090216,6.7,6.7,6.6,6.6,3800
POT,20090213,6.8,6.8,6.7,6.8,3000
POT,20090212,6,6.7,6,6.6,8300
POT,20090211,6.6,6.6,6.5,6.5,3300
POT,20090210,6.6,6.7,6.5,6.6,8800
POT,20090209,6.8,7,6.7,6.9,2800
POT,20090206,6.7,7,6.7,6.8,17200
POT,20090205,6.7,6.7,6.5,6.6,23800
POT,20090204,6.7,6.9,6.6,6.7,12700
POT,20090203,6.5,6.9,6.5,6.7,26800
POT,20090202,6.7,6.8,6.7,6.7,4300
POT,20090123,6.6,6.9,6.6,6.8,1600
POT,20090122,6.7,6.9,6.7,6.8,3200
POT,20090121,6.7,6.8,6.6,6.7,10200
POT,20090120,6.7,6.7,6.6,6.7,13300
POT,20090119,6.7,6.9,6.7,6.7,3500
POT,20090116,6.9,6.9,6.7,6.8,7700
POT,20090115,6.9,6.9,6.7,6.8,15200
POT,20090114,7,7,6.8,6.9,21400
POT,20090113,7,7,6.9,7,5500
POT,20090112,7,7.1,7,7,12200
POT,20090109,6.9,7.1,6.9,7.1,10800
POT,20090108,7.2,7.2,7,7,21900
POT,20090107,7.4,7.4,7,7.2,34800
POT,20090106,7.3,7.4,7.2,7.3,16500
POT,20090105,7.3,7.5,7.2,7.3,5100
POT,20090102,8.1,8.1,7.5,7.8,27600
POT,20081231,7.2,7.6,7.2,7.5,142700
POT,20081230,6.8,7.2,6.8,7.1,18300
POT,20081229,6.9,7.2,6.7,6.8,9400
POT,20081226,7,7.2,6.9,7,10500
POT,20081225,7.1,7.3,6.9,7.2,22100
POT,20081224,6.9,7.3,6.7,7.1,36800
POT,20081223,7.7,7.7,6.8,7.1,33700
POT,20081222,7.4,7.4,7,7.3,23600
POT,20081219,6.5,7.2,6.5,7,10300
POT,20081218,7.2,7.2,6.9,6.9,13000
POT,20081217,7.4,7.4,6.7,6.9,16800
POT,20081216,7.1,7.1,7,7,15500
POT,20081215,7.7,7.7,7.3,7.6,1000
POT,20081212,7.3,7.7,7.3,7.6,25200
POT,20081211,7.2,7.3,7.1,7.3,11100
POT,20081210,7,7.5,6.9,7.2,21200
POT,20081209,6.8,7.3,6.8,7.1,20500
POT,20081208,7.2,7.2,6.7,6.8,25900
POT,20081205,7.4,7.4,7.1,7.2,14100
POT,20081204,7.4,7.9,7.4,7.7,9500
POT,20081203,8,8,7.6,7.8,10000
POT,20081202,7.9,7.9,7.9,7.9,9300
POT,20081201,8.8,8.8,7.6,8.5,12000
POT,20081128,8.1,8.2,8.1,8.2,52400
POT,20081127,7.7,7.7,7.3,7.6,51800
POT,20081126,7.4,7.4,7.1,7.2,12300
POT,20081125,7.5,7.5,7.2,7.4,19100
POT,20081124,7.9,7.9,6.7,7.1,7900
POT,20081124,7.9,7.9,6.7,7.1,7900
POT,20081121,7.1,7.6,7.1,7.3,19400
POT,20081120,7.7,7.8,7.6,7.7,3600
POT,20081119,7.8,7.9,7.7,7.9,14300
POT,20081118,7.7,7.9,7.7,7.7,12200
POT,20081117,8.2,8.2,7.7,7.9,12700
POT,20081114,8.2,8.3,8.1,8.2,17400
POT,20081113,7.9,8,7.8,7.9,11900
POT,20081112,7.5,8.1,7.5,7.8,13300
POT,20081111,8.7,8.7,7.8,8,18400
POT,20081110,8.2,8.8,8.2,8.4,9100
POT,20081107,8.2,8.7,8.2,8.3,41900
POT,20081106,9.4,9.4,8.6,8.9,36400
POT,20081105,9.2,9.2,9.2,9.2,43400
POT,20081104,8.7,8.8,8.1,8.6,56600
POT,20081103,9.1,9.1,8.2,8.2,4400
POT,20081031,8.6,8.9,8.6,8.8,31900
POT,20081030,8.7,8.8,8,8.6,34700
POT,20081029,8.3,8.3,8.1,8.3,60500
POT,20081028,7.6,8.1,7.6,7.7,40500
POT,20081027,8.3,8.6,8.1,8.2,30000
POT,20081024,8.9,9,8.7,8.8,49400
POT,20081023,9.2,9.2,8.8,8.9,30500
POT,20081022,9.8,9.8,9.4,9.5,21500
POT,20081021,9.8,10.1,9.2,9.8,37400
POT,20081020,10,10,9.4,9.8,27500
POT,20081017,10,10.4,9.7,9.9,22600
POT,20081016,10.1,10.1,9.6,9.8,38900
POT,20081015,11,11,10,10.4,42700
POT,20081014,10.2,10.2,10.2,10.2,2900
POT,20081013,9.1,9.7,9.1,9.5,31800
POT,20081010,10.2,10.2,9.4,9.7,42100
POT,20081009,9.5,10.4,9.5,10.2,42200
POT,20081008,9.3,10.2,9.3,9.7,32200
POT,20081007,9.9,9.9,9.6,9.7,50500
POT,20081006,10.7,10.7,10.2,10.4,28400
POT,20081003,11.6,11.6,10.7,11,28000
POT,20081002,10.7,11.4,10.7,11.1,36000
POT,20081001,10.5,11,10.2,10.6,47600
POT,20080930,10.4,10.4,10.4,10.4,15400
POT,20080929,12.5,12.5,11,11.2,59900
POT,20080926,11.1,11.9,11.1,11.6,39300
POT,20080925,10.7,11.5,10.7,11.1,64900
POT,20080924,10.2,11.1,10.2,10.7,37400
POT,20080923,11.1,11.3,10,10.8,98000
POT,20080922,10.8,10.8,10.8,10.8,200
POT,20080919,9.9,10.6,9.4,10.1,20000
POT,20080918,9.9,10.6,9.9,9.9,98800
POT,20080917,10.6,11.3,10.6,10.7,98000
POT,20080916,11.7,12.1,11.3,11.4,137800
POT,20080915,11.5,13.3,11.5,12.2,88600
POT,20080912,12.4,12.5,12.4,12.4,81700
POT,20080911,13.7,13.7,13.3,13.4,45100
POT,20080910,14.7,14.7,13.2,14.3,160600
POT,20080909,13.2,13.8,12.7,13.7,306500
POT,20080908,13.2,13.6,12.3,12.9,194600
POT,20080905,13.3,13.3,12.2,12.7,126800
POT,20080904,13.8,14,12.2,13.1,146500
POT,20080903,12.7,13,12.7,13,40600
POT,20080829,11.8,13,11.8,12.1,141000
POT,20080828,13.5,13.7,12.6,12.7,69700
POT,20080827,13.7,13.7,12.8,13.6,361500
POT,20080826,12.8,12.8,12.7,12.8,67100
POT,20080825,11.3,12,11.3,11.9,115600
POT,20080822,11.6,11.6,10.9,11.2,47600
POT,20080821,10.3,11.1,9.7,10.9,50800
POT,20080820,10.2,10.7,10.1,10.3,69000
POT,20080819,11.7,11.8,10.7,10.9,71800
POT,20080818,12.3,12.7,11.2,11.6,87100
POT,20080815,11.8,11.8,11.8,11.8,51900
POT,20080814,11.3,11.4,10.7,11.3,94300
POT,20080813,11.2,11.3,10.5,11,60600
POT,20080812,10.9,10.9,10.5,10.8,76300
POT,20080811,10.5,10.5,9.7,10.5,65600
POT,20080808,10,10.3,9.7,10.1,27800
POT,20080807,9.9,9.9,9.6,9.9,72500
POT,20080806,8.8,9.6,8.8,9.5,75500
POT,20080805,9.2,9.2,9.2,9.2,31300
POT,20080804,9.6,9.6,9.6,9.6,67400
POT,20080801,10,10.2,10,10,39500
POT,20080731,10.4,10.7,10.4,10.4,66000
POT,20080730,11.3,11.3,10.8,10.8,22900
POT,20080729,11.1,12.1,11.1,11.3,282100
POT,20080728,11.6,11.6,11.6,11.6,25600
POT,20080725,12.1,12.1,12.1,12.1,900
POT,20080724,12.6,12.6,12.6,12.6,17300
POT,20080723,13.1,13.1,13.1,13.1,1300
POT,20080722,13.6,13.6,13.6,13.6,800
POT,20080721,14.2,14.2,14.2,14.2,1000
POT,20080718,15.7,15.8,14.7,14.8,78300
POT,20080717,15.3,15.3,15.1,15.3,97700
POT,20080716,15,15,13.8,14.7,216300
POT,20080715,14.4,14.4,14.2,14.4,82500
POT,20080714,13.8,13.8,13.7,13.8,97500
POT,20080711,13.3,13.3,12.7,13.3,161500
POT,20080710,12.8,12.8,12.7,12.8,72000
POT,20080709,12.2,12.3,11.8,12.3,99200
POT,20080708,11.6,12.5,11.6,11.8,75700
POT,20080707,12.4,12.4,11.4,12.1,180900
POT,20080704,11.9,11.9,11.9,11.9,33700
POT,20080703,11.2,11.4,11.2,11.4,70800
POT,20080702,11.1,11.1,10.4,11,116800
POT,20080701,10.4,10.8,10.4,10.7,42700
POT,20080630,10.4,10.6,10.1,10.4,40300
POT,20080627,10.2,10.7,10.1,10.4,35900
POT,20080626,10.8,10.8,10.1,10.5,54600
POT,20080625,10.5,10.5,10.1,10.4,64900
POT,20080624,10.1,10.1,9.9,10.1,43800
POT,20080623,9.3,10.1,9.3,9.7,54200
POT,20080620,9.7,9.7,9.7,9.7,13100
POT,20080619,10.1,10.1,10.1,10.1,1700
POT,20080618,10.8,10.8,10.2,10.5,75100
POT,20080617,10.5,10.5,10.5,10.5,100
POT,20080616,10.2,10.2,10.2,10.2,16200
POT,20080613,9.9,9.9,9.9,9.9,1100
POT,20080612,9.6,9.6,9.6,9.6,5000
POT,20080611,8.7,9.3,8.7,9.3,44000
POT,20080610,8.6,9.2,8.6,9,17200
POT,20080609,8.9,9,8.9,8.9,37000
POT,20080606,9.2,9.2,9.2,9.2,9400
POT,20080605,9.5,9.5,9.5,9.5,9500
POT,20080604,9.8,9.8,9.8,9.8,8600
POT,20080603,10.1,10.4,10.1,10.1,17200
POT,20080602,10.5,10.5,10.3,10.4,17400
POT,20080530,10.8,10.8,10.2,10.4,52400
POT,20080529,10.5,10.5,10.2,10.5,74700
POT,20080528,10,10.6,10,10.2,36600
POT,20080527,10.3,10.3,10.3,10.3,3700
POT,20080526,10.6,10.6,10.6,10.6,5000
POT,20080522,11.2,11.2,11.2,11.2,6000
POT,20080521,11.5,11.5,11.5,11.5,4600
POT,20080520,12,12.2,11.7,11.8,37900
POT,20080519,12.1,12.1,11.7,12,62300
POT,20080516,11.7,11.8,11.5,11.8,28700
POT,20080515,11.4,12,11.4,11.5,35700
POT,20080514,11.7,12.5,11.7,11.7,25800
POT,20080513,12.1,12.1,12.1,12.1,3400
POT,20080512,12.5,12.5,12.5,12.5,14100
POT,20080509,12.9,12.9,12.9,12.9,21600
POT,20080508,13.2,13.2,13.2,13.2,16800
POT,20080507,13.6,13.6,13.6,13.6,8700
POT,20080506,14.1,14.1,14,14,37000
POT,20080505,14.6,14.6,14.4,14.4,24700
POT,20080429,15.5,15.6,14.7,14.9,34900
POT,20080428,14.4,15.4,14.4,15.2,27300
POT,20080425,14.4,15,14.4,14.9,15900
POT,20080424,14.3,14.9,14.3,14.5,17100
POT,20080423,14.7,14.8,14.7,14.7,30400
POT,20080422,15.4,15.4,15.1,15.2,31500
POT,20080421,16,16,15.6,15.6,31600
POT,20080418,16.8,16.8,15.8,16,26100
POT,20080417,16.1,17,16.1,16.3,51100
POT,20080416,16.6,16.6,16.6,16.6,9200
POT,20080411,17,17,17,17,9000
POT,20080410,17.6,17.6,17.6,17.6,1800
POT,20080409,18.1,18.6,18.1,18.1,13200
POT,20080408,18.9,18.9,17.8,18.6,103000
POT,20080407,18.3,18.3,18.3,18.3,3700
POT,20080404,17.8,17.8,17.8,17.8,1100
POT,20080403,17.4,17.4,17.4,17.4,100
POT,20080402,17.1,17.1,17.1,17.1,100
POT,20080401,16.8,16.8,16.8,16.8,3900
POT,20080331,16.6,16.6,16.6,16.6,3900
POT,20080328,16.3,16.3,16.3,16.3,3000
POT,20080327,16,16,16,16,5000
POT,20080326,14.6,16.3,14,15.7,47300
POT,20080325,15.4,15.4,14.7,14.8,72100
POT,20080324,16.8,17.5,16.4,16.5,45100
POT,20080321,19.5,19.5,18.1,18.3,47500
POT,20080320,19.5,19.5,18.7,19.3,21400
POT,20080319,18.6,20.7,17.2,19.4,37600
POT,20080318,18.6,19.5,18.6,18.8,49100
POT,20080317,21.6,21.7,20.3,20.7,23200
POT,20080314,23.2,23.2,22.3,22.6,16600
POT,20080313,23.2,23.7,22.3,23.1,21800
POT,20080312,21.6,23.7,21.6,23.1,42500
POT,20080311,25.7,25.7,22,22.4,49500
POT,20080310,24.8,24.8,22.5,24.5,123700
POT,20080307,22.5,22.5,22.5,22.5,49800
POT,20080306,20.4,20.4,18.6,20.4,12000
POT,20080305,19.2,19.2,18.3,18.4,87500
POT,20080304,20.9,21.8,20.4,20.5,39800
POT,20080303,24.6,24.6,22,22.8,39400
POT,20080229,24.8,24.9,24.4,24.6,20300
POT,20080228,25.6,26,24.9,25.4,14300
POT,20080227,25.6,26,25.5,25.6,48500
POT,20080226,29.4,30,24.4,25.9,32300
POT,20080225,27.4,27.6,25.3,27.2,76800
POT,20080222,25.6,27.9,23.8,25.1,42500
POT,20080221,26.6,26.6,26.6,26.6,22500
POT,20080220,30.2,30.2,28.8,29.6,26200
POT,20080219,29.7,31.1,29.3,30.3,16100
POT,20080218,31.1,31.2,29.7,30.1,20100
POT,20080215,33,33,32,32.4,14300
POT,20080214,33,33.7,32,33.1,18000
POT,20080213,33.4,33.4,32.3,33,12200
POT,20080212,34.8,34.8,33.2,33.7,19500
POT,20080201,33,36.7,33,34.7,31900
POT,20080131,35.7,37.3,33,34.3,12600
POT,20080130,34.3,34.3,34.3,34.3,23000
POT,20080129,31,32.2,30.2,31.1,42400
POT,20080128,32.3,32.3,30.7,31,31100
POT,20080125,32.1,32.6,32,32.4,17500
POT,20080124,33.4,33.4,32,33.1,11400
POT,20080123,33,33.1,32,32.5,27800
POT,20080122,33,34.4,33,33.7,15100
POT,20080121,34.8,35.3,34.4,34.7,13000
POT,20080118,35.7,37.4,33.9,35.6,23300
POT,20080117,38.1,38.1,32,35.9,22900
POT,20080116,33,34.6,33,34.5,20900
POT,20080115,34.5,34.5,31.1,31.4,34900
POT,20080114,36.7,36.7,34.3,34.6,15200
POT,20080111,36.6,37.1,35.7,36.2,20300
POT,20080110,35.7,36.7,34.8,35.6,14100
POT,20080109,38.5,39.4,36.2,37.7,8600
POT,20080108,36.7,40.4,34.8,37.5,9000
POT,20080107,39,39,36.7,37.8,17700
POT,20080104,39.6,40.4,39.3,39.7,10600
POT,20080103,39.4,40.4,39,39.6,11600
POT,20080102,40.8,40.8,39.4,39.9,8200
POT,20071228,40.5,40.8,40.4,40.6,11100
POT,20071227,40.8,40.9,40.4,40.6,11600
POT,20071226,39.6,40.8,39.6,40.5,10600
POT,20071225,39.4,40.4,39.4,40.2,11700
POT,20071224,40.5,41.1,40.1,40.4,22600
POT,20071221,41.2,41.3,40.4,41.3,17200
POT,20071220,41.8,42.2,40.1,41.3,8800
POT,20071219,39.9,42.7,39.9,42.1,25100
POT,20071218,39.4,40.5,39,39.6,14600
POT,20071217,40.6,40.8,40.2,40.6,20800
POT,20071214,40.8,41.3,40.4,40.8,15700
POT,20071213,41.3,41.5,40.8,41.2,24800
POT,20071212,40.5,42.2,40.4,41.7,29600
POT,20071211,42.2,42.2,40.4,41,35100
POT,20071210,42.4,42.6,42.3,42.4,10800
POT,20071207,43.1,43.3,42.3,42.9,34800
POT,20071206,43.6,43.6,42.2,42.7,29000
POT,20071205,45,46.1,42.2,43.6,27600
POT,20071204,42.7,45,42.7,44.3,90500
POT,20071203,42.4,42.9,41.3,42.4,23900
POT,20071130,42.2,43.1,40.8,42.1,20100
POT,20071129,41.8,43.1,41.5,42,17200
POT,20071128,41.8,42.7,41.3,41.5,14100
POT,20071127,42.1,42.8,41.3,41.9,41800
POT,20071126,42.2,42.2,40.4,41.5,20400
POT,20071123,41.3,42.2,41.3,41.7,20700
POT,20071122,41.3,41.8,40.6,41.4,17700
POT,20071121,42.5,42.5,38.6,40.6,13700
POT,20071120,42.2,42.7,42.2,42.4,15900
POT,20071119,42.4,42.9,41.8,42.5,16400
POT,20071116,42.2,43.1,41.8,42.5,23200
POT,20071115,45.6,47.3,42.2,43.5,32100
POT,20071114,40,44,39.4,43.3,48300
POT,20071113,43.1,43.1,38.1,39.9,37400
POT,20071112,43.1,43.1,41.3,42.4,28500
POT,20071109,45,45.5,43.1,43.9,37500
POT,20071108,46.9,46.9,45,45.6,38700
POT,20071107,48.7,48.7,45.9,47.3,27400
POT,20071106,45.9,46.8,45.5,46.2,39200
POT,20071105,49.6,49.6,46.8,48.3,24000
POT,20071102,50.6,51.5,48.9,49.6,45700
POT,20071101,50.6,50.6,49.8,50.3,36900
POT,20071031,51.5,52.4,49.7,50.4,50100
POT,20071030,50.1,51.5,49.4,50.4,34600
POT,20071029,49.6,51,49.6,50,67500
POT,20071026,54.3,54.3,50.6,51.3,110400
POT,20071025,54.3,55.2,52.9,53.9,89100
POT,20071024,53.3,54.7,53.3,54.3,83200
POT,20071023,54.3,54.3,53.1,53.4,92300
POT,20071022,58.8,58.8,53.8,54.7,71800
POT,20071019,52.4,58.9,51.7,55.2,96900
POT,20071018,54.3,55.2,53.3,53.5,108600
POT,20071017,63.4,63.4,53.3,59.3,102600
POT,20071016,57.8,57.8,54.5,57.6,215100
POT,20071015,51.4,56.2,50.6,52.4,163400
POT,20071012,51.5,51.5,50.6,51,57200
POT,20071011,51.9,51.9,50.6,51.1,58600
POT,20071010,49.6,51,49.6,50.6,61100
POT,20071009,51.3,51.5,48.7,49.6,55400
POT,20071008,52.8,54.3,49.7,51.9,65100
POT,20071005,52.4,54.3,52.3,53.3,137300
POT,20071004,50.6,53.3,50.6,51.9,119800
POT,20071003,51.5,52.4,47.8,49.2,88300
POT,20071002,52.4,52.9,48.2,49.5,179700
POT,20071001,46.8,48.1,45.2,48,127200
POT,20070928,42.7,44.9,42.6,43.6,94300
POT,20070927,44.1,44.1,42.5,44.4,25900
POT,20070926,48.6,48.6,43.1,44.4,67500
POT,20070925,41.9,44.5,40.8,44.1,91900
POT,20070924,39.2,41.8,38.5,40.4,94300
POT,20070921,39.3,39.3,38.5,38.9,13000
POT,20070920,39.9,40.4,39.2,39.9,46600
POT,20070919,38.3,39.4,38.3,39.3,36900
POT,20070918,37.7,38.5,37.7,38.3,26100
POT,20070917,38.2,38.5,38.1,38.3,16400
POT,20070914,38.5,38.5,38.1,38.4,18400
POT,20070913,38.1,38.9,38.1,38.7,27100
POT,20070912,42.2,42.2,39.9,40.6,25500
POT,20070911,39,40.8,38.6,40.2,83800
POT,20070910,37.1,39,37.1,38,29900
POT,20070907,35.7,37.4,35.7,36.8,25000
POT,20070906,36.2,36.3,35.9,36.2,10800
POT,20070905,36.7,37.4,36.2,36.7,17300
POT,20070904,34.8,36.7,34.8,36.3,19200
POT,20070831,35.3,35.3,34.8,35.2,13100
POT,20070830,34.8,34.8,34.4,34.7,10500
POT,20070829,34.4,34.8,34.3,34.4,12000
POT,20070828,35.3,35.3,34.4,34.7,6200
POT,20070827,34.9,35.7,34.8,35.2,10500
POT,20070824,34.3,35.5,34.3,34.9,20200
POT,20070823,35.7,35.7,34.1,34.3,7000
POT,20070822,35.9,36.5,33.9,35.5,13400
POT,20070821,36.3,36.3,36,36.1,15900
POT,20070820,36.7,36.7,36.2,36.5,10400
POT,20070817,38.1,38.1,37.4,37.6,6700
POT,20070816,37.9,38.1,37.6,37.9,2700
POT,20070815,38.5,38.5,38,38.1,3000
POT,20070814,38.2,38.3,37.9,38.1,10300
POT,20070813,38.5,38.5,38.1,38.3,7700
POT,20070810,40.8,40.8,36.7,38.7,12700
POT,20070809,38.1,40.4,38.1,39.3,26500
POT,20070808,38.5,39,37.1,38.1,19200
POT,20070807,33.7,34.1,33,36,22516
POT,20070806,34.1,34.1,33.3,36.2,15513
POT,20070803,34.8,35.2,33.2,36.7,19176
POT,20070802,37.4,37.4,35.6,38.5,11635
POT,20070801,35.5,36.6,35.5,38.8,27902
POT,20070731,35.5,36.2,35.1,38.1,25747
POT,20070730,36.2,36.2,34.8,38.1,25209
POT,20070727,37.7,37.7,36.2,39.3,15298
POT,20070726,38.2,38.3,37.1,40.2,18206
POT,20070725,34.6,38.1,34.6,40.6,12066
POT,20070724,38.3,38.7,37.8,40.9,7002
POT,20070723,39.8,39.8,36.2,41.3,10881
POT,20070720,38.7,40.6,38.7,42.4,24239
POT,20070719,38.4,38.6,38.1,41.1,21546
POT,20070718,38.7,38.7,38.3,41.4,8942
POT,20070717,38.3,39,38.3,41.5,12820
POT,20070716,38.5,39.1,38.1,41.3,14436
POT,20070713,38.3,39.5,38.3,41.7,25317
POT,20070712,40.9,40.9,38.3,41.8,18960
POT,20070711,40.6,41.5,40.2,43.7,31565
POT,20070710,37.3,39.8,37.3,42,43738
POT,20070709,36.4,37.6,36.1,39.8,24778
POT,20070706,36.6,36.9,36.1,39,29087
POT,20070705,34.8,39.7,34.8,39.3,19930
POT,20070704,35.5,38.1,35.5,40.2,28979
POT,20070703,34.8,35.6,34.3,37.4,28010
POT,20070702,39.1,39.1,35.8,40.2,20684
POT,20070629,39.1,39.7,38.7,41.8,23054
POT,20070628,40.6,40.6,39.1,45.2,23647
POT,20070627,41.2,41.9,39.6,43.9,33181
POT,20070626,41.9,41.9,41.2,44.8,18745
POT,20070625,41.6,42.5,41.6,45.2,19499
POT,20070622,42.3,42.7,42.3,45.6,29087
POT,20070621,41.9,42.7,41.9,45.3,35012
POT,20070620,41.9,42.7,41.9,45.2,36520
POT,20070619,43.1,43.7,40.4,46.1,26717
POT,20070618,44.3,44.3,43.4,47,10234
POT,20070615,44.3,44.4,44,47.2,17775
POT,20070614,44.8,44.8,44,47.3,15729
POT,20070613,44.5,44.8,44.3,47.8,15405
POT,20070612,44.8,44.8,44.1,47.7,14113
POT,20070611,46.3,46.3,44.1,47.8,6464
POT,20070608,45.6,45.9,45.3,48.7,12497
POT,20070607,45.9,46.3,45.6,49,31026
POT,20070606,47.1,47.1,44.8,48.9,37813
POT,20070605,45.9,45.9,44.8,48.3,48371
POT,20070604,46.3,46.8,46.3,49.8,10019
POT,20070601,46.9,46.9,46.3,50.1,23377
POT,20070531,46.3,47.3,46.3,50,45031
POT,20070530,48,48,44.8,49.3,61837
POT,20070529,48.4,48.8,47.5,51.4,28118
POT,20070528,48.1,49.1,47.7,51.8,77673
POT,20070525,47.3,48.8,46.7,50.8,130030
POT,20070524,49.8,49.8,47.4,51.8,27687
POT,20070523,49.1,52.3,48.8,53.2,141234
POT,20070522,48.1,48.1,47.5,51.3,114733
POT,20070521,47.5,48.1,47.4,51.2,25747
POT,20070518,48.4,48.4,47.3,51.3,23808
POT,20070517,47.9,48.2,47.3,51.5,56558
POT,20070516,48.4,49.1,48.1,51.9,29949
POT,20070515,48.4,49.8,48.4,52.6,53650
POT,20070514,48.4,49.1,48.1,52.5,43738
POT,20070511,47.3,48.1,47.3,51.3,26609
POT,20070510,48.1,48.4,46.9,50.7,10881
POT,20070509,49.1,49.4,48.1,52.7,41692
POT,20070508,49.1,49.4,46.9,52.2,53003
POT,20070507,46.3,49.6,45.6,50.3,47186
POT,20070504,45.6,45.8,45.2,48.7,27363
POT,20070503,46.3,46.3,44.8,48.8,36197
POT,20070502,46.3,46.6,41.9,48.5,20038
POT,20070425,44.7,45.9,44.1,48.4,28118
POT,20070424,41.9,44.8,41.9,47.2,32211
POT,20070423,45,45,43.4,47.6,22516
POT,20070420,47.3,47.3,45.6,49.4,16806
POT,20070419,50.6,50.6,46.3,50.9,69917
POT,20070418,44.8,46.6,42.7,49.7,30272
POT,20070417,42.7,43.4,42,45.7,30272
POT,20070416,49.1,49.1,45.9,49.8,27579
POT,20070413,52.3,52.3,50.2,54.4,18314
POT,20070412,52.7,52.7,51.7,55.9,14436
POT,20070411,51.4,53.4,51.4,56.8,15082
POT,20070410,55.6,55.6,52.5,56.9,12497
POT,20070409,52.7,54.2,49.1,56.4,13466
POT,20070406,52.3,52.7,51.9,56.5,16806
POT,20070405,54.8,54.8,51.3,57,31565
POT,20070404,51.3,55.5,51.3,58.2,34258
POT,20070403,51.7,51.9,49.1,54.5,15190
POT,20070402,56.3,56.7,51.3,56.4,25424
POT,20070330,57.3,58.1,54.2,60.8,56774
POT,20070329,54.2,54.2,49.4,56.9,156855
POT,20070328,49.1,55.2,45.7,53.1,35982
POT,20070327,52.7,52.7,50.3,54.2,15729
POT,20070326,59.8,59.8,53.4,59.6,18314
POT,20070323,59.2,59.3,57,62.7,42769
POT,20070322,59.8,61.3,57.7,63.8,26825
POT,20070321,64.2,64.2,60.6,67.3,21654
POT,20070320,62.7,67,62,68,36413
POT,20070319,67.4,68.4,56.6,67.6,123135
POT,20070319,67.4,68.4,56.6,67.6,123135
POT,20070316,62.4,63.8,58.2,67.1,71748
POT,20070315,59.8,59.8,57,62.6,29195
POT,20070314,64.5,64.5,59.8,67,46863
POT,20070313,64.2,64.2,63,68.3,74980
POT,20070312,63.3,67,63.3,68.4,93510
POT,20070309,63.4,63.4,62.7,68,86723
POT,20070308,60.2,64.9,60.2,68,58821
POT,20070307,66.3,66.3,59.8,68.1,57528
POT,20070306,64.2,67.2,62.7,69.3,113978
