<Ticker>,<DTYYYYMMDD>,<Open>,<High>,<Low>,<Close>,<Volume>
PVI,20100729,23.8,24,23.4,23.9,73600
PVI,20100728,24.6,24.6,23.5,23.8,124200
PVI,20100727,24.5,25,24,24.3,76600
PVI,20100726,24.8,24.8,24.2,24.5,86300
PVI,20100723,24.2,25,24.2,24.6,141000
PVI,20100722,25.1,25.1,24.1,24.5,198650
PVI,20100721,25.2,25.3,24.9,25,299600
PVI,20100720,25.5,25.5,25.1,25.3,32700
PVI,20100719,25.1,25.5,25.1,25.4,71800
PVI,20100716,26,26,25.1,25.6,25200
PVI,20100715,26,26,25.5,25.7,43200
PVI,20100714,26.2,26.3,25.7,26,73200
PVI,20100713,26,26.2,25.6,26.1,74200
PVI,20100712,25.3,25.8,25.3,25.6,28400
PVI,20100709,25.4,25.5,25,25.3,74100
PVI,20100708,25.5,25.5,25.1,25.2,47700
PVI,20100707,25.6,25.6,25,25.2,78300
PVI,20100706,26,26.3,25.4,25.6,75200
PVI,20100705,25.9,26.2,25.7,25.9,77100
PVI,20100702,26.3,26.4,25.7,25.9,87700
PVI,20100701,26.3,26.8,25.8,26.2,130500
PVI,20100630,26,28.2,25,26.9,360500
PVI,20100629,26,26.7,25.7,26.4,468400
PVI,20100628,25.2,26,25.1,25.4,130400
PVI,20100625,25.6,25.6,24.8,25.1,265600
PVI,20100624,26.2,26.3,25.5,25.7,108100
PVI,20100623,25.9,26.5,25.5,26,175600
PVI,20100622,27,27.4,26,26.3,117700
PVI,20100621,27.1,28,26.5,27,426300
PVI,20100618,26,26.7,25.6,26.2,690500
PVI,20100617,25.8,25.8,24.9,25,112800
PVI,20100616,26,26,25.4,25.7,106200
PVI,20100615,25,26.2,25,25.7,127200
PVI,20100614,26.5,26.7,25.4,25.6,87400
PVI,20100611,25.8,25.8,25,25.4,252400
PVI,20100610,24.4,25.2,24.4,25,64700
PVI,20100609,24.5,25.3,24.5,24.9,111600
PVI,20100608,24,24.9,24,24.4,94400
PVI,20100607,24.7,25,23.9,24.3,366900
PVI,20100604,25,26,25,25.4,85300
PVI,20100603,25.5,26.5,25,25.5,118600
PVI,20100602,25,25.2,24.7,25,160200
PVI,20100601,25,25.1,24.5,24.9,88700
PVI,20100531,26.3,26.3,24.9,25.2,69100
PVI,20100528,25.9,26.7,25.8,26.1,227600
PVI,20100527,25.2,25.3,24.7,25.1,103200
PVI,20100526,25,25.8,24.6,25.3,205000
PVI,20100525,24.5,25.5,24.5,25,106100
PVI,20100524,25,25.5,24.5,25,117700
PVI,20100521,24.3,25,23.5,24.2,330800
PVI,20100520,23.8,25.8,23.3,24.3,378000
PVI,20100519,25.5,25.5,24,24.5,375600
PVI,20100518,26.5,26.5,25.1,25.5,177400
PVI,20100517,26.8,27.7,26.2,26.7,244000
PVI,20100514,27.6,27.6,26.8,27,233900
PVI,20100513,27.5,28.4,27,27.6,218600
PVI,20100512,30.3,30.3,28.1,28.4,248700
PVI,20100511,29,30.4,29,30.2,707100
PVI,20100510,29.3,29.3,27.7,28.5,539400
PVI,20100507,28.1,28.4,26.9,27.4,406200
PVI,20100506,26.9,28.2,26.9,27.6,641200
PVI,20100505,27.5,28,26.4,26.7,224500
PVI,20100504,27.1,27.6,26.8,27.2,374600
PVI,20100429,26.8,26.8,26.2,26.5,400300
PVI,20100428,27.1,27.4,26.1,26.4,359100
PVI,20100427,26.7,26.9,26.4,26.6,325700
PVI,20100426,27.1,27.1,25.6,26.5,341100
PVI,20100422,24.9,27.1,24.9,26.9,278800
PVI,20100421,27.7,27.7,26.2,26.9,927100
PVI,20100420,28.8,28.8,27.1,27.7,1001100
PVI,20100419,26.8,26.8,26.6,26.8,868400
PVI,20100416,25,25,25,25,51400
PVI,20100415,22.9,23.9,21.4,23.3,1057000
PVI,20100414,22.8,23.3,22.6,23,491900
PVI,20100413,22.2,22.9,21.4,22.5,403800
PVI,20100412,23.1,23.1,21.8,22.2,392900
PVI,20100409,23.2,23.3,22.2,22.6,233400
PVI,20100408,23,23.4,22.9,23.1,410700
PVI,20100407,22.8,23.3,22.4,23,325400
PVI,20100406,22.9,23.3,22.5,22.8,506900
PVI,20100405,23.7,24.8,22.5,23.1,304300
PVI,20100402,23.9,23.9,22.7,23.6,1116300
PVI,20100401,21.4,22.4,21.4,22.4,945600
PVI,20100331,20.1,21.3,20.1,21,408200
PVI,20100330,19.9,20,19.9,20,43700
PVI,20100329,20.3,20.4,20,20.1,53500
PVI,20100326,20.6,20.7,19.9,20.1,51300
PVI,20100325,20.2,20.3,19.6,19.9,83900
PVI,20100324,20.7,20.8,20.3,20.5,41600
PVI,20100323,20.8,20.8,20,20.3,57600
PVI,20100322,20.7,21.2,20.5,20.8,25900
PVI,20100319,20.8,21.1,20.7,20.8,51600
PVI,20100318,20.7,21.3,20.1,20.6,91100
PVI,20100317,20.7,21.1,20,20.4,101600
PVI,20100316,21.4,21.7,20.5,21,95800
PVI,20100315,22.2,22.2,21.7,22,154100
PVI,20100312,21.6,22.5,21.6,22,201300
PVI,20100311,21.8,22.1,21.3,21.6,74700
PVI,20100310,22.2,22.2,21.3,21.7,156400
PVI,20100309,20.8,22.4,20.7,21.7,530100
PVI,20100308,21.1,21.2,20.8,21,92600
PVI,20100305,21.1,21.1,20.6,20.8,85800
PVI,20100304,21,21.5,21,21.2,99400
PVI,20100303,20.3,21,20.2,20.7,195200
PVI,20100302,20.1,20.4,20,20.2,109200
PVI,20100301,19.2,20.5,19.2,20.2,188900
PVI,20100226,19.6,19.6,19.2,19.4,31300
PVI,20100225,19.6,19.6,19.3,19.4,20700
PVI,20100224,19.1,19.4,19.1,19.3,16300
PVI,20100223,19.4,19.5,19.2,19.3,28000
PVI,20100222,20.7,20.7,20,20.1,27200
PVI,20100212,19.6,20.3,19.5,20,73300
PVI,20100211,19.4,19.5,19.2,19.4,31500
PVI,20100210,19.3,19.5,19.1,19.3,15500
PVI,20100209,19.5,19.9,19.1,19.2,72900
PVI,20100208,18.3,20,17.9,19.4,102800
PVI,20100205,18.8,19.2,18.8,19.1,49600
PVI,20100204,19.2,19.4,19.1,19.2,56200
PVI,20100203,19.1,19.2,18.9,19.1,32900
PVI,20100202,20,20,19.1,19.1,58700
PVI,20100201,19.2,19.4,19.2,19.2,25800
PVI,20100129,19.2,19.2,19.1,19.2,41200
PVI,20100128,19.2,19.2,19.1,19.1,35400
PVI,20100127,20.2,20.6,19.2,19.7,50900
PVI,20100126,19.6,20.2,19.2,19.8,117500
PVI,20100125,19.2,19.5,18.8,19,88500
PVI,20100122,19.2,19.6,18.8,19.2,53300
PVI,20100121,19.3,20,18.9,19.1,96800
PVI,20100120,20.6,20.6,19.6,20,29200
PVI,20100119,19.9,20.4,19.9,20,33500
PVI,20100118,20.3,20.3,19.8,20,113700
PVI,20100115,21.3,21.3,20.7,20.8,46400
PVI,20100114,21.1,21.8,21.1,21.3,67100
PVI,20100113,20.3,21.4,20,20.6,106000
PVI,20100112,22.2,22.2,20.2,20.8,161600
PVI,20100111,22.2,22.2,21.2,21.7,115600
PVI,20100108,22.2,22.5,21.1,21.9,197700
PVI,20100107,21.8,22.2,21.7,22,223100
PVI,20100106,22.5,22.9,21.8,22.3,227000
PVI,20100105,22.9,23.5,22.8,23.4,459900
PVI,20100104,20.8,22.3,20.7,22,352400
PVI,20091231,21.7,21.8,20.2,20.9,296000
PVI,20091230,20.7,22.8,20.7,21.7,512900
PVI,20091229,21.4,22.2,20.5,21.5,536800
PVI,20091228,22.8,22.9,20.7,21.6,342200
PVI,20091225,22.3,22.8,21.6,22.2,358600
PVI,20091224,22,22,21.1,21.8,1118100
PVI,20091223,19.1,20.8,19.1,20.6,521200
PVI,20091222,20.7,20.7,19.3,19.6,188700
PVI,20091221,19.4,19.7,19.1,19.6,152500
PVI,20091218,18.1,18.5,18.1,18.5,98800
PVI,20091217,16.7,17.8,16.6,17.4,104400
PVI,20091216,18.5,18.5,17.4,17.8,161600
PVI,20091215,18.6,19.1,18.2,18.6,114600
PVI,20091214,17.4,19,17.4,18.4,190000
PVI,20091211,18.5,18.5,17.4,17.8,244000
PVI,20091210,19,19.2,18.1,18.5,87000
PVI,20091209,18.8,18.9,18.3,18.6,260000
PVI,20091208,20.3,20.3,19.4,19.5,149600
PVI,20091207,20,20.6,19.6,20,122000
PVI,20091204,19.2,19.8,18.8,19.4,149800
PVI,20091203,19.7,19.8,19.2,19.4,148000
PVI,20091202,20.8,20.8,19.5,19.9,287700
PVI,20091201,20,20.8,20,20.8,224100
PVI,20091130,19.4,20.2,18.9,19.6,235600
PVI,20091127,18.2,20,18.2,18.9,518400
PVI,20091126,19.5,20,19.5,19.5,236500
PVI,20091125,22.2,22.2,20.8,20.9,232400
PVI,20091124,23.5,23.5,22,22.2,247200
PVI,20091123,24.4,24.4,22.7,23.1,120100
PVI,20091120,23.4,24.8,23.4,24,220800
PVI,20091119,22.9,24,22.1,23.5,132800
PVI,20091118,23.7,24,23.3,23.7,155200
PVI,20091117,24,24,23.1,23.5,298100
PVI,20091116,23.4,23.4,22.8,23,81400
PVI,20091113,23.5,23.8,22.8,23.4,207800
PVI,20091112,23.5,23.5,22.5,23.4,185900
PVI,20091111,21.8,22.5,21.7,22,95500
PVI,20091110,22.2,22.3,21.1,21.5,104400
PVI,20091109,22.5,22.6,22,22.2,161100
PVI,20091106,24,24.4,23,23.6,206900
PVI,20091105,23.7,23.7,22.7,23.3,146600
PVI,20091104,22.3,23.1,22.3,22.6,357500
PVI,20091103,23.2,23.2,21.8,22.3,195500
PVI,20091102,24.4,24.4,22.7,22.8,540100
PVI,20091030,24.3,25,23.7,24.3,497800
PVI,20091029,23.7,24.5,23.1,23.4,638000
PVI,20091028,23.7,25.1,23.7,24.7,294400
PVI,20091027,25.9,25.9,24.1,24.5,329000
PVI,20091026,26.5,26.5,25,25.5,673200
PVI,20091023,27.4,28.4,26.2,26.5,894800
PVI,20091022,28.8,29.2,27.2,28,1051700
PVI,20091021,27.7,27.7,26.6,27.6,1128000
PVI,20091020,25.2,26.6,25.2,26,1411100
PVI,20091019,24.8,25.2,24.4,25,285900
PVI,20091016,25.9,25.9,23.8,24.7,439800
PVI,20091015,25.9,26.2,24.7,25.4,656800
PVI,20091014,24.8,25.1,24,24.6,264600
PVI,20091013,23.6,25.9,23.6,24.4,311500
PVI,20091012,25.1,25.8,24.8,25.3,476700
PVI,20091009,24.8,25.1,24.4,24.9,683700
PVI,20091008,24.4,25.1,23.7,24.2,221200
PVI,20091007,22.5,23.8,22.5,23.7,558300
PVI,20091006,22.5,22.6,22,22.3,207700
PVI,20091005,22.2,23.2,21.9,22.4,317900
PVI,20091002,24.4,24.4,22,22.3,237600
PVI,20091001,23.8,23.9,23.3,23.4,205600
PVI,20090930,24.1,24.1,23.5,23.7,255700
PVI,20090929,24.2,24.4,23.7,24,220800
PVI,20090928,24.4,24.4,23.9,24.1,163000
PVI,20090925,24.2,24.2,23.6,23.8,357700
PVI,20090924,23.4,24.8,23.4,24.2,279900
PVI,20090923,24.4,25.6,24.4,25,199600
PVI,20090922,24.8,24.8,24.5,24.7,226300
PVI,20090921,25.1,25.1,24.8,25,258700
PVI,20090918,25.1,25.4,24.9,25,133600
PVI,20090917,25.1,25.2,24.8,25.1,195000
PVI,20090916,25,25.1,24.8,25,166000
PVI,20090915,25.1,25.5,24.6,24.9,130900
PVI,20090914,25.1,25.4,25.1,25.1,175800
PVI,20090911,25.1,25.7,25.1,25.2,186900
PVI,20090910,24.8,25.5,24.5,25.1,295700
PVI,20090909,25.5,25.5,24.8,25,143500
PVI,20090908,25.4,25.6,24.8,25.1,121100
PVI,20090907,25.1,25.1,24.2,24.7,297300
PVI,20090904,25.7,26.5,24.8,25.4,512100
PVI,20090903,26.2,26.5,25.6,25.7,175000
PVI,20090901,28,28,26.3,26.7,442800
PVI,20090831,26.6,26.9,25.1,26.4,751100
PVI,20090828,24.8,25.5,24.8,25.2,365400
PVI,20090827,25.6,25.6,25.1,25.2,157600
PVI,20090826,25.6,25.7,25.3,25.6,97900
PVI,20090825,25.9,26.1,25.4,25.6,206600
PVI,20090824,25.9,25.9,25.1,25.7,475900
PVI,20090821,25.1,25.7,25,25.4,290700
PVI,20090820,25.1,25.1,24.8,25,94000
PVI,20090819,24.6,25.2,24.6,25,115500
PVI,20090818,24.4,24.8,24.2,24.5,129200
PVI,20090817,24.8,25.1,24.6,24.8,93900
PVI,20090814,25.9,25.9,25.1,25.2,98100
PVI,20090813,26.6,26.6,25.5,25.8,244000
PVI,20090812,24.8,25.5,24.8,25.1,114400
PVI,20090811,25,25.2,24.6,25,126600
PVI,20090810,25.1,25.1,24.8,25,109600
PVI,20090807,25.1,25.1,24.4,24.8,86700
PVI,20090806,25.1,25.2,24.5,25.1,163800
PVI,20090805,25.2,25.5,24.7,25.1,108400
PVI,20090804,25.1,25.7,25,25.2,139500
PVI,20090803,25.5,25.5,24.5,24.8,136300
PVI,20090731,24.8,25.6,24.8,25.3,224000
PVI,20090730,24.5,25.1,24.4,24.7,146000
PVI,20090729,25.1,26.6,25.1,25.9,196600
PVI,20090728,27.4,27.4,26,26.3,347700
PVI,20090727,27,27.1,25.9,26.7,707700
PVI,20090724,24.8,25.4,24.8,25.4,251200
PVI,20090723,23.1,24.4,22.4,23.8,219500
PVI,20090722,23.5,23.7,23.1,23.4,260000
PVI,20090721,22.2,22.9,22,22.5,260900
PVI,20090720,21.4,21.7,21.4,21.5,66800
PVI,20090717,23.1,23.1,22.4,22.6,58100
PVI,20090716,23.1,23.8,22.8,22.9,138800
PVI,20090715,22.8,22.8,22.2,22.5,78500
PVI,20090714,23,23,22,22.2,78300
PVI,20090713,21.8,22.8,21.8,22.3,108000
PVI,20090710,22.5,23.1,22.5,22.8,146000
PVI,20090709,23.1,23.4,22.9,23.1,145100
PVI,20090708,22.2,23.3,22.2,23.1,101300
PVI,20090707,24.4,24.4,23.1,23.6,157800
PVI,20090706,22.9,23.9,22.9,23.6,151700
PVI,20090703,22.2,22.9,21.7,22.4,117000
PVI,20090702,21.4,23.4,21.4,22.4,136500
PVI,20090701,22.5,22.9,22,22,408400
PVI,20090630,25,25.5,22.9,23.5,308400
PVI,20090629,25.3,25.3,23.8,24.3,182200
PVI,20090626,25.9,25.9,24.8,25.1,254300
PVI,20090625,26.9,27.4,25.1,25.8,225800
PVI,20090624,24.5,27.8,24.5,26.9,504200
PVI,20090623,26.2,26.2,26.2,26.2,22100
PVI,20090622,29.2,29.2,25.7,28.1,770000
PVI,20090619,27.4,27.4,27.4,27.4,136600
PVI,20090618,25.4,25.7,25.4,25.7,53500
PVI,20090617,23.3,26.2,23.2,24.1,584600
PVI,20090616,24.8,25.1,24.8,24.8,174200
PVI,20090615,27.4,27.4,26.5,26.6,352900
PVI,20090612,29.6,29.6,27.7,28.5,599000
PVI,20090611,28.1,29.2,27.4,28.7,714700
PVI,20090610,29.9,30.3,28.5,28.5,778200
PVI,20090609,31.7,31.7,29.7,30.5,616000
PVI,20090608,29.2,29.8,28.8,29.7,1020900
PVI,20090605,27.1,28,26.8,28,1608200
PVI,20090604,25.9,27,25.5,26.2,492900
PVI,20090603,26.6,27.3,25.9,26.2,253700
PVI,20090602,27.9,28,26.6,27.5,579400
PVI,20090601,25.6,26.4,25.1,26.2,371300
PVI,20090529,25.3,26.3,24.2,24.8,735800
PVI,20090528,25.7,26.4,25.7,25.8,430100
PVI,20090527,27.7,27.7,26.2,27.5,1607800
PVI,20090526,26,26,26,26,618700
PVI,20090525,23.1,24.5,22.9,24.4,889700
PVI,20090522,23.5,23.5,22.7,22.9,330900
PVI,20090521,23.7,24,23.4,23.7,425200
PVI,20090520,24.2,24.2,23.2,24,262600
PVI,20090519,24.8,24.8,23.7,24.1,310100
PVI,20090518,23.7,24.2,23.3,23.7,270500
PVI,20090515,23.4,23.9,22.7,23.6,520200
PVI,20090514,22,22.7,21.9,22.4,221400
PVI,20090513,23.1,23.3,22.7,22.9,308700
PVI,20090512,22.2,23.4,21.6,22.8,313900
PVI,20090511,23.4,23.6,22.6,22.8,361700
PVI,20090508,22.4,23.1,21.5,22.6,364000
PVI,20090507,22.7,23.9,22.5,23.1,386100
PVI,20090506,22.4,23.4,22.2,22.4,279800
PVI,20090505,24,24,23.1,23.7,434000
PVI,20090504,22.5,22.5,22.5,22.5,51000
PVI,20090429,20.5,21.4,20.2,21.1,288900
PVI,20090428,19.8,20.5,19.7,20.1,161100
PVI,20090427,19.7,20.2,19.4,19.8,156800
PVI,20090424,20.2,20.5,19.4,19.7,347100
PVI,20090423,20.8,20.9,20.2,20.5,248900
PVI,20090422,19.4,21.6,19.1,20.9,588700
PVI,20090421,20.2,20.2,20.2,20.2,171900
PVI,20090420,21.7,21.7,21.7,21.7,76200
PVI,20090417,23.8,24.8,23,23.3,262800
PVI,20090416,25.2,26.4,24.2,24.6,310200
PVI,20090415,26.2,26.4,24.6,25,439700
PVI,20090414,27,27,24.9,26.4,525900
PVI,20090413,24.9,25.3,24.4,25.3,231300
PVI,20090410,23,23.8,23,23.7,479400
PVI,20090409,22.2,22.8,21.8,22.3,136800
PVI,20090408,22.8,23.1,21.5,22.2,326300
PVI,20090407,22.7,23.2,21.2,22.8,539700
PVI,20090403,21.2,21.8,21.2,21.7,462400
PVI,20090402,20.8,21,20.1,20.5,119900
PVI,20090401,20.4,20.6,19.7,20.2,109300
PVI,20090331,19.2,20.2,19.2,19.6,223900
PVI,20090330,19.4,20.1,19.4,19.6,121100
PVI,20090327,21.2,21.3,19.7,20.5,270100
PVI,20090326,20.5,21.1,20.5,20.8,427200
PVI,20090325,19.7,20.7,19,20.2,348900
PVI,20090324,19.5,19.6,19.1,19.5,217600
PVI,20090323,18.8,18.8,18,18.4,161600
PVI,20090320,19.8,19.8,18.8,19.1,197500
PVI,20090319,20.6,20.6,18.8,19.9,506800
PVI,20090318,19.4,19.4,19.4,19.4,112300
PVI,20090317,17.5,18.3,17.5,18.2,242700
PVI,20090316,17.2,17.4,16.8,17.2,106500
PVI,20090313,17.5,17.8,16.8,17,158100
PVI,20090312,18.1,18.2,16.8,17.1,108300
PVI,20090311,17.4,17.8,17.4,17.7,195600
PVI,20090310,16.5,17,16.5,16.7,115000
PVI,20090309,16.7,17.1,16.5,16.8,94200
PVI,20090306,16.6,17,16.5,16.7,97400
PVI,20090305,16.9,17.6,16.8,17.2,45200
PVI,20090304,16.2,16.8,16.2,16.7,34600
PVI,20090303,16.6,16.8,16.4,16.6,37000
PVI,20090302,15.7,17.5,15.7,17.1,70300
PVI,20090227,16.2,17.3,16,16.8,130800
PVI,20090226,16.8,16.8,15.7,16.2,99800
PVI,20090225,15.7,16,15.7,16,97500
PVI,20090224,15.7,15.7,14.8,15.1,90600
PVI,20090223,16.3,16.3,15.5,15.7,70200
PVI,20090220,16.5,16.7,16.1,16.3,68200
PVI,20090219,16.8,17,16.4,16.7,133600
PVI,20090218,17.5,17.5,16.5,16.8,111800
PVI,20090217,18.2,18.2,17.2,17.5,181100
PVI,20090216,18.5,18.7,18.2,18.4,55400
PVI,20090213,18.3,18.5,18.2,18.5,71600
PVI,20090212,18.5,18.6,18.2,18.5,96000
PVI,20090211,17.9,18.7,17.9,18.5,80800
PVI,20090210,19.4,19.4,18.7,19,90000
PVI,20090209,19.1,19.7,18.5,19.2,95500
PVI,20090206,18.2,19.1,17.9,18.5,57400
PVI,20090205,18.5,18.7,17.7,18.3,94300
PVI,20090204,18.4,19.2,18.3,18.7,139800
PVI,20090203,19,19,18.3,18.5,149800
PVI,20090202,20.2,20.4,19.3,19.6,137100
PVI,20090123,20.8,20.8,20.5,20.7,21300
PVI,20090122,20.2,20.7,20.2,20.5,41700
PVI,20090121,19.3,20.5,19.3,20.3,37400
PVI,20090120,20.9,20.9,20.5,20.7,59500
PVI,20090119,21.1,21.1,20.8,20.9,47100
PVI,20090116,20.8,21.3,20.8,21.1,36100
PVI,20090115,21.7,21.7,20.8,21.2,25500
PVI,20090114,21.6,22,21.4,21.7,67700
PVI,20090113,22.7,22.7,21.6,21.7,48500
PVI,20090112,22.2,22.3,21.9,22.1,73000
PVI,20090109,22.7,22.7,22,22.3,55800
PVI,20090108,22.8,23.4,21.4,22.2,105700
PVI,20090107,21.7,22.8,21.5,22.6,103000
PVI,20090106,21.1,21.7,20.5,21.4,55800
PVI,20090105,21.3,21.5,21.1,21.1,134500
PVI,20090102,23.8,23.8,22.5,22.5,132500
PVI,20081231,24,24.9,22.8,24.1,881000
PVI,20081230,23.7,24.9,23.4,24.2,597100
PVI,20081229,24.1,25.7,24,25.1,499600
PVI,20081226,24.2,25.4,23.1,24.1,676900
PVI,20081225,23.4,24.3,22.8,24,631500
PVI,20081224,22.3,23.4,22,22.8,754700
PVI,20081223,22,22.7,21.4,21.9,585500
PVI,20081222,21.6,21.7,21.2,21.7,527700
PVI,20081219,20.5,20.6,20.1,20.4,102700
PVI,20081218,20.5,20.8,20.3,20.6,107500
PVI,20081217,20,21.1,20,20.5,228300
PVI,20081216,20.5,21,19.7,19.9,425400
PVI,20081215,20.5,21.6,20.5,21.1,423400
PVI,20081212,20,21.1,19.7,20.8,515500
PVI,20081211,19.5,20.9,19.3,20.2,617500
PVI,20081210,19.6,20.1,18.7,19.7,461200
PVI,20081209,19.1,20,19.1,19.6,414200
PVI,20081208,18.1,19.7,18,18.8,392900
PVI,20081205,20,20,18.9,19,386400
PVI,20081204,20.9,20.9,19,20.2,421500
PVI,20081203,19.6,20.1,19.3,19.6,314300
PVI,20081202,18.9,19.7,18.1,19.2,671300
PVI,20081201,19.6,19.6,18.1,19,521200
PVI,20081128,17.4,18.5,17.4,18.4,600600
PVI,20081127,17.9,18.3,17.1,17.4,297600
PVI,20081126,19.4,19.4,18.1,18.3,228000
PVI,20081125,19.4,20,19,19.4,131300
PVI,20081124,19,19.4,18.8,19.1,342100
PVI,20081124,19,19.4,18.8,19.1,342100
PVI,20081121,17.7,19,17.5,18.2,268500
PVI,20081120,18.5,19,18.1,18.3,382800
PVI,20081119,19.4,20,18.9,19.4,282900
PVI,20081118,19.4,20,19.3,19.5,163500
PVI,20081117,19.6,20.7,19.6,20,165300
PVI,20081114,20.4,20.5,19.7,20.2,415100
PVI,20081113,18.7,20,18.7,19.2,627900
PVI,20081112,20,21.1,20,20,896700
PVI,20081111,21.4,22.8,21.3,21.4,221100
PVI,20081110,23,23,22.2,22.8,704500
PVI,20081107,20.2,22.9,20.2,21.5,891500
PVI,20081106,21.7,21.8,20.4,21.7,1764400
PVI,20081105,20.4,20.4,20.4,20.4,109300
PVI,20081104,19.1,19.1,18.5,19.1,206900
PVI,20081103,18,18,17,17.9,686700
PVI,20081031,16.8,16.8,16.8,16.8,137500
PVI,20081030,16.1,16.1,15.4,15.8,200000
PVI,20081029,15.1,15.1,14.8,15.1,483800
PVI,20081028,14,15,14,14.1,700400
PVI,20081027,16.1,16.1,15,15,370700
PVI,20081024,16,17,15.9,16.1,594600
PVI,20081023,17,17.6,17,17.1,378500
PVI,20081022,18.7,18.7,18,18.2,554100
PVI,20081021,19.4,19.4,18.2,18.7,351100
PVI,20081020,18.6,18.7,17.9,18.2,146700
PVI,20081017,18.8,19.2,17.7,18.3,255000
PVI,20081016,18,18.5,18,18.1,671700
PVI,20081015,19.9,20.7,18.5,19.4,748600
PVI,20081014,19.5,19.5,19.5,19.5,336600
PVI,20081013,17.9,20.4,17.9,18.2,448400
PVI,20081010,21.6,21.6,19.2,19.2,512200
PVI,20081009,20.3,22.5,20.2,20.6,848800
PVI,20081008,21.7,21.7,21.7,21.7,307100
PVI,20081007,23.2,23.2,23.2,23.2,97000
PVI,20081006,25.1,25.3,24.8,24.9,194100
PVI,20081003,27.7,27.7,26.3,26.7,284300
PVI,20081002,28.1,29.2,26.8,28.2,415100
PVI,20081001,28.4,29.5,26.8,28.3,312700
PVI,20080930,28.4,28.4,28.4,28.4,4137600
PVI,20080929,31.4,31.4,29,30.5,599600
PVI,20080926,28.8,29.4,28.1,29.4,752000
PVI,20080925,25.9,28.1,25.9,27.5,356300
PVI,20080924,25.9,27.1,25.9,26.3,255700
PVI,20080923,27.7,27.7,24.1,26.4,735800
PVI,20080922,25.9,25.9,25.9,25.9,60000
PVI,20080919,22.1,25.2,22,24.2,189600
PVI,20080918,23.6,23.7,23.6,23.6,55900
PVI,20080917,25.2,28,25.2,25.4,309500
PVI,20080916,29.6,29.6,26.8,27.1,238600
PVI,20080915,26.2,30,26.2,28.8,562400
PVI,20080912,27.9,29.7,27.8,28.1,500000
PVI,20080911,30.5,31.8,28.9,29.9,555100
PVI,20080910,29.6,31.8,29.5,30.4,774800
PVI,20080909,29.6,32.1,29.6,30.5,284500
PVI,20080908,31.3,31.8,30.6,30.8,407600
PVI,20080905,34.8,34.8,31.9,32.9,373800
PVI,20080904,35.3,35.3,31.9,34.1,778800
PVI,20080903,33,33,33,33,224200
PVI,20080829,29.7,34.2,29.7,30.8,1133100
PVI,20080828,34.2,34.2,31.9,32,596200
PVI,20080827,34.5,34.5,30,34.2,1277200
PVI,20080826,32.2,32.2,32.2,32.2,30400
PVI,20080825,30.2,30.2,30,30.2,105200
PVI,20080822,28.3,28.3,27.7,28.2,825200
PVI,20080821,25.4,27.2,23.7,26.5,429200
PVI,20080820,25.3,26.6,23.7,25.4,747200
PVI,20080819,25.8,26.4,24.2,25.2,1002500
PVI,20080818,24.7,24.7,23.1,24.7,868300
PVI,20080815,23.1,23.1,23.1,23.1,125400
PVI,20080814,21.8,22.3,21.8,22.2,504700
PVI,20080813,21.9,21.9,20.5,21.5,379100
PVI,20080812,21.1,21.1,20.7,21.1,737900
PVI,20080811,19.6,20.3,19.6,20.3,202200
PVI,20080808,19.6,20.2,19.1,19.6,205700
PVI,20080807,19.8,19.8,19,19.7,327400
PVI,20080806,18,19.4,18,19.1,442300
PVI,20080805,18.7,18.7,18.7,18.7,5700
PVI,20080804,19.6,19.8,19.4,19.4,135000
PVI,20080801,20.5,20.6,20,20.2,243000
PVI,20080731,21.1,21.4,20.3,20.8,281800
PVI,20080730,21.5,21.6,20.1,21.1,604700
PVI,20080729,20.8,20.8,20.8,20.8,91900
PVI,20080728,19,20.5,19,20,242100
PVI,20080725,19.5,20.2,19.5,19.7,235300
PVI,20080724,20,21.4,20,20.2,1317300
PVI,20080723,20.8,20.8,20.8,20.8,13100
PVI,20080722,21.7,21.7,21.7,21.7,15100
PVI,20080721,22.5,22.9,22.5,22.5,50800
PVI,20080718,23.6,23.6,22.2,23.4,1152500
PVI,20080717,22.7,22.7,22.7,22.7,209400
PVI,20080716,22.1,22.1,20.5,21.9,790200
PVI,20080715,21.3,21.3,21.3,21.3,68800
PVI,20080714,20.5,20.5,20.5,20.5,161544
PVI,20080711,19.7,19.7,19.7,19.7,50800
PVI,20080710,19,19,19,19,59200
PVI,20080709,18.3,18.3,18,18.3,88200
PVI,20080708,17.1,18.3,17,17.7,669900
PVI,20080707,18.2,18.2,16.9,17.7,827500
PVI,20080704,17.6,17.6,17.6,17.6,210800
PVI,20080703,17,17,17,17,50600
PVI,20080702,16.4,16.4,15.4,16.3,439500
PVI,20080701,14.8,15.9,14.8,15.8,132200
PVI,20080630,15.1,15.7,14.8,15.3,294300
PVI,20080627,15.1,15.6,14.5,15.3,329300
PVI,20080626,15.2,15.2,14.1,15.1,575400
PVI,20080625,14.7,14.7,14.4,14.6,401900
PVI,20080624,14.3,14.3,13.8,14.2,428800
PVI,20080623,13,14,13,13.7,361200
PVI,20080620,13.4,13.4,13.4,13.4,120600
PVI,20080619,14,14,14,14,205600
PVI,20080618,15,15,14.2,14.5,580600
PVI,20080617,14.5,14.5,14.5,14.5,84000
PVI,20080616,14.2,14.2,14.2,14.2,72400
PVI,20080613,13.7,13.7,13.7,13.7,83100
PVI,20080612,13.4,13.4,12.9,13.4,178000
PVI,20080611,12.6,13.4,12.6,13.1,555300
PVI,20080610,13,13,13,13,15900
PVI,20080609,13.4,13.4,13.4,13.4,4100
PVI,20080606,13.7,13.7,13.7,13.7,3300
PVI,20080605,14.2,14.2,14.2,14.2,2300
PVI,20080604,14.5,14.5,14.5,14.5,69340
PVI,20080603,15,15,15,15,700
PVI,20080602,15.4,15.4,15.4,15.4,1600
PVI,20080530,15.8,15.8,15.8,15.8,12200
PVI,20080529,16.2,16.2,16.2,16.2,133400
PVI,20080528,16.8,16.8,16.8,16.8,4600
PVI,20080527,17.2,17.2,17.2,17.2,1200
PVI,20080526,17.7,17.7,17.7,17.7,5200
PVI,20080522,18.8,18.8,18.8,18.8,7000
PVI,20080521,19.3,19.3,19.3,19.3,67600
PVI,20080520,19.9,19.9,19.9,19.9,260000
PVI,20080519,20.4,20.5,20.4,20.4,363800
PVI,20080516,20.9,22,20.9,21,249600
PVI,20080515,21.6,21.6,21.6,21.6,14700
PVI,20080514,22.2,22.2,22.2,22.2,1500
PVI,20080513,22.8,22.8,22.8,22.8,3300
PVI,20080512,23.5,23.5,23.5,23.5,3300
PVI,20080509,24.2,24.2,24.2,24.2,15900
PVI,20080508,24.8,24.8,24.8,24.8,3300
PVI,20080507,25.6,25.6,25.6,25.6,21300
PVI,20080506,26.3,26.5,26.3,26.3,134800
PVI,20080505,27.4,28.1,26.9,27.1,123000
PVI,20080429,28.2,28.2,27.4,27.7,146300
PVI,20080428,27.1,27.6,27,27.4,183600
PVI,20080425,26.3,27.4,26.3,26.8,119500
PVI,20080424,26.2,27.6,26.2,26.7,125000
PVI,20080423,27,27.1,27,27,95700
PVI,20080422,28.5,28.5,27.7,27.8,189200
PVI,20080421,28.8,29.1,28.3,28.5,253600
PVI,20080418,29.4,29.5,28.4,29.1,264000
PVI,20080417,28.2,29.8,28.2,28.7,352200
PVI,20080416,28.9,29.4,28.9,29,122900
PVI,20080411,29.7,30.5,29.7,29.8,278500
PVI,20080410,30.5,30.5,30.5,30.5,9100
PVI,20080409,32.8,32.8,31.1,31.4,191700
PVI,20080408,32.9,32.9,31,32,696600
PVI,20080407,32,32,32,32,8400
PVI,20080404,31.1,31.1,31.1,31.1,7600
PVI,20080403,30.5,30.5,30.5,30.5,1100
PVI,20080402,30,30,30,30,3400
PVI,20080401,29.4,29.4,29.4,29.4,41400
PVI,20080331,28.9,28.9,28.9,28.9,59200
PVI,20080328,28.3,28.3,28.3,28.3,47800
PVI,20080327,27.8,27.8,27.8,27.8,27600
PVI,20080326,23.1,28.1,23,27.3,375300
PVI,20080325,25.4,27.3,25.4,25.5,492700
PVI,20080324,31.5,31.5,28.1,28.2,279700
PVI,20080321,32.8,33,30.2,31.1,221100
PVI,20080320,33.4,33.9,32.2,33,248800
PVI,20080319,32.1,34.9,31.5,33.4,292700
PVI,20080318,33.2,33.9,31.9,32.1,391800
PVI,20080317,36.8,37,34.9,35.3,254100
PVI,20080314,37.7,37.7,36.1,37,309700
PVI,20080313,38.4,39.1,36.3,37.3,191100
PVI,20080312,34.9,38,34.9,36.8,393400
PVI,20080311,39.7,39.7,34.4,35.2,444800
PVI,20080310,38.2,38.2,34.2,37.8,815900
PVI,20080307,34.8,34.8,34.8,34.8,122900
PVI,20080306,31.7,31.7,31.7,31.7,133800
PVI,20080305,29.8,30.8,28.5,28.8,472500
PVI,20080304,32.2,34.7,31.6,31.7,469500
PVI,20080303,37,37.4,33.6,35.1,204400
PVI,20080229,37.4,38.3,36,36.7,321100
PVI,20080228,37.7,38.7,36.7,37.5,150200
PVI,20080227,37.6,40.1,35.3,37.7,176800
PVI,20080226,42.5,42.5,36,37.5,206600
PVI,20080225,37,39.4,37,39.4,230700
PVI,20080222,36.3,38.6,34.3,35.9,370300
PVI,20080221,41.1,41.1,37.9,38.1,186600
PVI,20080220,44.2,44.5,41.1,42.1,189700
PVI,20080219,44.5,45.2,43.1,44.2,171300
PVI,20080218,46.6,46.6,42.5,44,183000
PVI,20080215,48,48,46.7,47.2,63900
PVI,20080214,47.3,49,47.3,48,91800
PVI,20080213,48.9,48.9,47.2,47.7,71000
PVI,20080212,51.1,51.1,48.3,49.3,108200
PVI,20080201,50,51.4,49.4,50.4,183300
PVI,20080131,48.5,53.4,46.5,48.3,122800
PVI,20080130,48,50.5,48,50.3,256400
PVI,20080129,45.2,46.8,44.5,46,196400
PVI,20080128,45.9,46.2,44.5,45.1,89600
PVI,20080125,44.8,45.9,44.4,45.2,397926
PVI,20080124,45.4,46.8,44.2,45.6,151300
PVI,20080123,45.8,46.1,44,44.6,122600
PVI,20080122,47.3,47.3,45.7,46.2,118400
PVI,20080121,48,48.6,46.9,47.4,53300
PVI,20080118,48.5,49.7,44.6,48.3,125400
PVI,20080117,51.8,52.7,45.2,48.5,123300
PVI,20080116,48,48.8,47.3,48.5,131700
PVI,20080115,46.6,46.6,43.1,44.5,204400
PVI,20080114,50,50,47.1,47.9,111200
PVI,20080111,51.4,51.4,49,50.2,174900
PVI,20080110,51.4,51.4,46.2,48.6,150800
PVI,20080109,52.8,52.8,50.7,51.3,61400
PVI,20080108,51.4,53.7,51.4,52.8,78800
PVI,20080107,53.4,53.4,50.7,51.8,78400
PVI,20080104,53.1,53.4,53.1,53.2,49900
PVI,20080103,54,54,52.8,53.3,52300
PVI,20080102,54.8,54.8,53.5,54.1,62900
PVI,20071228,54.1,54.8,54.1,54.6,157900
PVI,20071227,53.4,54.8,53.4,54.1,82300
PVI,20071226,53.4,54.1,52.4,53.4,78600
PVI,20071225,53.8,53.8,52.8,53.3,70400
PVI,20071224,54.5,55.5,53.6,54,95900
PVI,20071221,54.8,54.8,53.1,53.7,102000
PVI,20071220,54.8,55.4,52.6,53.7,57000
PVI,20071219,54.8,56.2,53.4,55.1,170200
PVI,20071218,53.4,53.4,52.1,52.6,168600
PVI,20071217,56.2,56.5,53.1,53.7,94700
PVI,20071214,55.5,55.5,54.1,54.8,54600
PVI,20071213,56.2,56.2,54.8,55.1,57400
PVI,20071212,55.5,56.9,55.1,56,162300
PVI,20071211,56.5,56.5,55.5,55.9,177500
PVI,20071210,59.6,59.6,56.5,56.8,184700
PVI,20071207,57.1,58.2,57,57.7,181400
PVI,20071206,58.2,58.2,56.5,57.2,127100
PVI,20071205,59,59.9,56.9,58,160100
PVI,20071204,56.5,61,56.5,58.8,243400
PVI,20071203,56.2,56.5,55.5,56.1,124700
PVI,20071130,56.2,56.2,55.5,55.7,105100
PVI,20071129,57.2,57.2,55.9,56,97800
PVI,20071128,56.5,56.9,55.9,56,124300
PVI,20071127,56.2,57.6,55.7,56.5,101300
PVI,20071126,55.6,56.5,55.1,56,173100
PVI,20071123,55.2,56.5,54.5,55.6,157100
PVI,20071122,55.5,56.2,54.8,55.7,155200
PVI,20071121,56.2,56.2,54.1,55.1,80300
PVI,20071120,58.9,61,57.3,57.9,41300
PVI,20071119,59.7,59.7,58.7,59.1,44200
PVI,20071116,57.6,59.3,56.9,58.9,56700
PVI,20071115,64.4,65.1,56.2,61.7,36500
PVI,20071114,56.9,62.8,56.9,61.8,44800
PVI,20071113,59.7,59.7,55.9,57.1,97400
PVI,20071112,63.3,63.7,60.3,61.5,36200
PVI,20071109,65.1,65.1,61.7,63.3,76200
PVI,20071108,65.7,66.5,64.2,65.2,62200
PVI,20071107,64.4,68.5,63.7,65.1,112200
PVI,20071106,68.5,68.5,61.7,64.5,67400
PVI,20071105,71.3,71.3,66.5,68,40900
PVI,20071102,75.3,75.3,69.6,70.8,76400
PVI,20071101,69.3,70.6,66.5,68.5,122800
PVI,20071031,72,72,66.5,68.8,92700
PVI,20071030,71.3,72.2,69.2,71.1,62600
PVI,20071029,73.4,73.4,69.9,72.2,51100
PVI,20071026,75.4,75.4,73,73.7,52500
PVI,20071025,74,75.3,74,74.5,153100
PVI,20071024,75.4,75.4,74,74.7,127400
PVI,20071023,76.8,76.8,74,74.6,62200
PVI,20071022,76.8,78.2,75.4,76.2,90100
PVI,20071019,75.4,77.4,74,76.5,128500
PVI,20071018,77.4,77.4,74.7,75.6,116600
PVI,20071017,80.9,81.6,76.8,78.2,120400
PVI,20071016,79.1,80.2,77.5,79.4,214800
PVI,20071015,78,78.2,76.8,77.6,193000
PVI,20071012,80.9,81.6,75.4,77.5,121000
PVI,20071011,78.8,80.7,78.2,79.3,251400
PVI,20071010,69.2,75,68.5,73.4,71300
PVI,20071009,72,72,67.1,68.2,142400
PVI,20071008,74.7,76.8,68.5,71.8,68400
PVI,20071005,75.4,78.8,74.7,76,100800
PVI,20071004,80,80.2,71.3,76.5,133500
PVI,20071003,78.2,82.2,77.3,78.5,165500
PVI,20071002,82.2,82.2,76.1,79.9,281500
PVI,20071001,74.8,74.8,74.8,74.8,108500
PVI,20070928,63.1,68.5,63.1,68,109500
PVI,20070927,59.7,64.4,58.9,59.9,144200
PVI,20070926,59.7,63.2,58.2,59.9,133800
PVI,20070925,60.3,60.3,54.8,57.5,42200
PVI,20070924,56.4,56.4,54.8,54.9,63200
PVI,20070921,54.9,55.1,54.5,54.8,32100
PVI,20070920,55.1,55.5,54.8,55.1,35200
PVI,20070919,55.1,55.1,54.1,54.8,47700
PVI,20070918,55,55,52.8,55.1,62200
PVI,20070917,55.9,56,53.4,55.1,31400
PVI,20070914,54.5,55.5,54.5,55.1,39400
PVI,20070913,53.1,55.5,52.8,53.4,30600
PVI,20070912,52.4,53.1,52.4,52.8,22300
PVI,20070911,52.6,52.8,52.1,52.4,52900
PVI,20070910,52,52.5,52,52.2,66300
PVI,20070907,52.1,52.2,52,52,15700
PVI,20070906,52.2,52.2,52,52,19800
PVI,20070905,52.8,52.8,52.2,52.4,30200
PVI,20070904,52.1,52.8,52.1,52.4,12600
PVI,20070831,52.1,52.1,51.6,51.7,12300
PVI,20070830,51.4,51.7,51.1,51.6,55700
PVI,20070829,51.9,51.9,51.4,51.6,18100
PVI,20070828,52.2,52.2,51.7,51.9,18700
PVI,20070827,52.8,52.8,51.7,52.2,31700
PVI,20070824,51.7,52.4,51.4,51.9,33900
PVI,20070823,52.4,52.4,51.4,51.7,13200
PVI,20070822,52.8,53.4,52.5,52.6,43300
PVI,20070821,53.8,53.8,52.8,53.1,37700
PVI,20070820,54.1,54.1,51.6,52.6,35400
PVI,20070817,50.1,55.5,50.1,53.5,42500
PVI,20070816,55.5,56,55.4,55.7,35200
PVI,20070815,54.8,56.2,54.8,55.6,34900
PVI,20070814,58.9,58.9,54.8,55.6,70800
PVI,20070813,62.7,62.7,58.9,60.8,22200
PVI,20070810,79.5,79.5,58.9,63.1,61500
