<Ticker>,<DTYYYYMMDD>,<Open>,<High>,<Low>,<Close>,<Volume>
REE,20100729,17.9,18,17.6,17.8,1072240
REE,20100728,18.2,18.4,17.8,18,1173520
REE,20100727,18.8,19,18.3,18.4,1619650
REE,20100726,19,19.3,18.9,18.9,2033000
REE,20100723,19.6,19.8,19.6,19.6,319280
REE,20100722,19.6,19.8,19.5,19.5,356010
REE,20100721,19.8,19.9,19.7,19.8,282440
REE,20100720,20,20.2,19.9,19.9,451430
REE,20100719,20,20.2,20,20.1,462670
REE,20100716,20.3,20.5,20,20.3,447450
REE,20100715,20.5,20.8,20.4,20.4,331620
REE,20100714,21.4,21.4,20.9,20.9,1197020
REE,20100713,20.2,20.6,20,20.6,843670
REE,20100712,19.5,19.9,19.4,19.7,825610
REE,20100709,19.6,19.7,19.4,19.5,456650
REE,20100708,19.9,19.9,19.5,19.5,459370
REE,20100707,20.2,20.2,19.6,19.6,474380
REE,20100706,20.3,20.3,19.8,19.8,662490
REE,20100705,20.5,20.6,20.3,20.3,692400
REE,20100702,20.8,20.8,20.5,20.6,561080
REE,20100701,20.7,20.8,20.5,20.6,523430
REE,20100630,20.6,20.9,20.6,20.7,853110
REE,20100629,21.2,21.8,21,21.3,951440
REE,20100628,21.5,21.7,21.2,21.2,801650
REE,20100625,21.9,22.1,21.7,21.7,933520
REE,20100624,23,23,22.4,22.4,1826670
REE,20100623,22.7,22.7,22.5,22.7,2327520
REE,20100622,21.9,22,21.7,21.7,2761820
REE,20100621,22,22.2,22,22,1344860
REE,20100618,22,22,21.9,21.9,1101440
REE,20100617,22.1,22.1,21.9,22,1049050
REE,20100616,22.3,22.4,22.1,22.1,884860
REE,20100615,22.5,22.5,22.1,22.1,1116140
REE,20100614,23,23.2,22.6,22.6,1472600
REE,20100611,23,23,22.7,23,2391668
REE,20100610,22,22.2,22,22,510600
REE,20100609,22.3,22.4,22,22,550790
REE,20100608,21.8,22.2,21.6,22,694110
REE,20100607,21.8,22,21.5,21.8,660830
REE,20100604,22.3,23,22.3,22.4,1151730
REE,20100603,22.2,22.2,22,22,473640
REE,20100602,22.2,22.3,22,22,664520
REE,20100601,22.3,22.5,22,22.4,438600
REE,20100531,22.1,22.4,21.8,22.3,685630
REE,20100528,21.8,22.4,21.6,22.2,1192760
REE,20100527,20.5,21.5,20.3,21.5,1286900
REE,20100526,20.5,20.5,20.4,20.5,472020
REE,20100525,20.5,20.6,20.3,20.3,466460
REE,20100524,20.4,20.8,20.1,20.5,664580
REE,20100521,20.4,20.7,20.3,20.3,1421700
REE,20100520,20,21.4,20,21.4,1075840
REE,20100519,21.3,21.3,20.8,20.8,817950
REE,20100518,21.7,21.8,21.6,21.7,508510
REE,20100517,22.3,22.3,21.6,21.8,755140
REE,20100514,22.3,22.6,22.3,22.3,467720
REE,20100513,22.7,22.7,22.3,22.3,808500
REE,20100512,22.7,22.7,22.3,22.3,583260
REE,20100511,23,23.2,22.7,23,795140
REE,20100510,23,23,22.6,22.6,1030920
REE,20100507,23.2,23.2,22.7,23,1386820
REE,20100506,23.6,23.6,23.2,23.6,770810
REE,20100505,23.4,23.6,23.2,23.4,1251400
REE,20100504,23.6,23.9,23.4,23.4,908140
REE,20100429,23.9,23.9,23.4,23.4,1140890
REE,20100428,23.2,23.6,23.2,23.6,701480
REE,20100427,23.4,23.6,23.2,23.2,462260
REE,20100426,23.4,23.6,23.2,23.4,603330
REE,20100422,23.4,24.1,23.2,23.6,2045480
REE,20100421,23.2,23.2,22.7,23,475800
REE,20100420,23,23.2,22.7,22.7,653580
REE,20100419,23,23.2,23,23,945410
REE,20100416,23.6,23.6,23.2,23.2,1032760
REE,20100415,23.6,23.6,23.2,23.4,710230
REE,20100414,23.4,23.4,23.2,23.4,554020
REE,20100413,23.6,23.9,23.4,23.4,1110000
REE,20100412,23.6,23.9,23.4,23.6,1271710
REE,20100409,23.4,23.6,23.2,23.4,966610
REE,20100408,23.2,23.4,23,23.2,1060660
REE,20100407,23.4,23.4,23,23.2,738970
REE,20100406,23.6,23.9,23.2,23.2,1184140
REE,20100405,23.2,23.9,23,23.6,1215140
REE,20100402,23.2,23.4,23,23,790410
REE,20100401,22.7,23.2,22.5,23.2,972740
REE,20100331,23.2,23.4,22.7,22.7,1082560
REE,20100330,23.2,23.4,23,23.2,1294030
REE,20100329,23.6,23.6,23,23.2,1169110
REE,20100326,23.6,23.6,23,23.6,1303060
REE,20100325,23.9,23.9,23.2,23.4,1922820
REE,20100324,24.1,24.1,23.4,24.1,1497810
REE,20100323,23.9,24.3,23.4,23.6,1752290
REE,20100322,24.5,24.8,23.9,24.1,1739440
REE,20100319,24.8,25,24.3,24.8,6673050
REE,20100318,23.9,23.9,23.9,23.9,714240
REE,20100317,22.4,22.7,22.3,22.7,3530980
REE,20100316,22.4,22.5,21.5,21.8,1301830
REE,20100315,22.7,23.2,22.5,22.5,997180
REE,20100312,22.1,23,21.9,22.7,1477040
REE,20100311,22.1,22.3,21.9,22,989050
REE,20100310,22.3,22.5,22,22.2,1513670
REE,20100309,22.3,22.7,22.2,22.5,821270
REE,20100308,22,22.7,21.9,22.7,1440060
REE,20100305,20.9,21.9,20.8,21.9,2057560
REE,20100304,21,21.3,20.9,20.9,1133570
REE,20100303,20.4,20.8,20.3,20.7,691070
REE,20100302,20.5,20.6,20.2,20.2,400860
REE,20100301,20.5,20.8,20.5,20.5,398530
REE,20100226,20.3,20.5,20.2,20.4,496020
REE,20100225,20.6,20.7,20.2,20.3,573990
REE,20100224,20,20.3,19.9,20.3,503970
REE,20100223,20.8,20.8,20,20.1,638510
REE,20100222,20.7,20.9,20.5,20.8,752360
REE,20100212,20.4,20.7,20.4,20.5,442270
REE,20100211,19.8,20.4,19.8,20.4,418110
REE,20100210,19.8,20,19.7,19.8,235320
REE,20100209,19.8,20,19.6,19.6,242760
REE,20100208,20.1,20.2,19.8,20,381870
REE,20100205,20.1,20.8,20,20.1,841470
REE,20100204,20,20.8,20,20.8,1662690
REE,20100203,19.8,20,19.6,19.9,506410
REE,20100202,19.8,19.8,19.5,19.6,510260
REE,20100201,19.3,19.6,19.1,19.6,315200
REE,20100129,18.9,19.5,18.9,19.2,326810
REE,20100128,19.6,19.8,19.1,19.2,358780
REE,20100127,20,20.2,19.5,19.7,1807750
REE,20100126,18.9,19.4,18.9,19.4,436190
REE,20100125,18.1,18.6,18,18.5,440230
REE,20100122,18,18.5,18,18.2,525170
REE,20100121,18.6,19.2,18.2,18.2,880170
REE,20100120,19.7,19.7,19.1,19.1,399060
REE,20100119,19.3,19.9,19.1,19.6,572750
REE,20100118,19.8,19.8,19.1,19.1,933030
REE,20100115,20.5,20.7,20,20,575480
REE,20100114,21.4,21.4,20.7,20.7,437160
REE,20100113,19.8,20.8,18.9,20.8,1011910
REE,20100112,20.7,21,19.8,19.8,875920
REE,20100111,21.2,21.4,20.7,20.8,794260
REE,20100108,22.5,22.5,21.1,21.1,1114880
REE,20100107,21.8,22,21.6,21.7,1116850
REE,20100106,21.8,22.5,21.8,21.8,1022600
REE,20100105,22.3,22.3,21.8,22.1,1841700
REE,20100104,20.9,21.2,20.5,21.2,1014070
REE,20091231,20.9,21.3,20.2,20.2,1157340
REE,20091230,20,20.9,20,20.5,830790
REE,20091229,19.5,20.2,19.5,20,1134630
REE,20091228,20,20.4,19.5,19.9,1336290
REE,20091225,19.5,20.1,19.5,20.1,1859050
REE,20091224,18.2,19.2,18,19.2,1351150
REE,20091223,18.1,18.6,18.1,18.3,610390
REE,20091222,18.2,19,18,18.2,1134880
REE,20091221,18.1,18.1,17.8,18.1,781910
REE,20091218,17.1,17.3,16.8,17.3,1141140
REE,20091217,16.2,16.6,16.1,16.5,1231000
REE,20091216,17.4,17.4,17,17,575150
REE,20091215,18.4,18.6,17.8,17.8,674420
REE,20091214,17.8,18.7,17.4,18.6,1158980
REE,20091211,18.1,18.2,17.8,17.8,1064970
REE,20091210,20,20,18.7,18.7,945140
REE,20091209,20,20,19.7,19.7,1531370
REE,20091208,21.3,21.3,20.6,20.7,612520
REE,20091207,21.4,21.5,21.2,21.4,448410
REE,20091204,21.2,21.5,21.1,21.4,686550
REE,20091203,20.7,21.4,20.2,21.2,1239760
REE,20091202,21.4,21.6,20.7,20.7,1532810
REE,20091201,21.8,22.2,21.5,21.5,1065910
REE,20091130,20.8,21.4,20.5,21.4,859480
REE,20091127,19.4,21.4,19.4,20.5,2293470
REE,20091126,20.4,20.7,20.4,20.4,897930
REE,20091125,22.3,22.5,21.5,21.5,2497860
REE,20091124,23.2,23.4,22.5,22.5,1608910
REE,20091123,23.9,24.1,23,23,2259020
REE,20091120,24.8,25.2,24.1,24.1,1605120
REE,20091119,23.9,25,23.6,24.8,3492480
REE,20091118,23.2,23.9,23,23.9,1456140
REE,20091117,23,23.6,22.6,23.4,1912360
REE,20091116,23.2,23.4,22.6,22.6,1153990
REE,20091113,22.7,23.4,22.6,23.2,1410140
REE,20091112,22.6,23.6,22.3,23,1726760
REE,20091111,21.9,22.5,21.6,22.5,1669640
REE,20091110,22,22,20.7,21.6,1695450
REE,20091109,22.4,22.7,21.6,21.6,1544190
REE,20091106,23.9,23.9,22.7,22.7,2111120
REE,20091105,22.2,23,21.9,23,1867470
REE,20091104,22.5,22.6,21.4,21.9,1990450
REE,20091103,22.7,23,22,22,3619730
REE,20091102,23.2,23.4,23.2,23.2,1123460
REE,20091030,24.8,25.2,24.1,24.3,2423250
REE,20091029,24.1,24.5,23.9,24.1,3453330
REE,20091028,25.9,25.9,24.8,25,1691630
REE,20091027,25.9,25.9,25,25.5,2989080
REE,20091026,27.5,27.7,25.9,26.1,3329990
REE,20091023,28.9,28.9,27.3,27.3,5676310
REE,20091022,27.5,27.5,27.5,27.5,926780
REE,20091021,25.9,26.8,25.7,26.4,2249620
REE,20091020,25.9,26.6,25.7,26.1,2565840
REE,20091019,25.5,26.1,25.2,25.5,1727880
REE,20091016,26.1,27,25.7,25.7,2709450
REE,20091015,26.6,26.6,25.9,26.6,3516070
REE,20091014,24.5,25.5,24.3,25.5,2328640
REE,20091013,24.8,25.2,24.3,24.3,1917120
REE,20091012,25,25.5,24.5,25,1998530
REE,20091009,24.3,24.8,23.9,24.5,2170590
REE,20091008,23.2,24.1,23.2,23.9,1444870
REE,20091007,23.2,23.6,23,23.6,2440370
REE,20091006,23,23,22.4,22.5,1456260
REE,20091005,23.4,23.4,22.2,22.7,1873350
REE,20091002,23.2,23.9,22.7,23.2,3782390
REE,20091001,25,25.2,23.9,23.9,2429820
REE,20090930,25.5,25.9,24.8,25,3213950
REE,20090929,26.6,26.8,25.7,25.7,3355420
REE,20090928,26.8,26.8,26.4,26.8,3806870
REE,20090925,24.8,25.7,24.5,25.7,2922850
REE,20090924,23.9,25,23.4,24.5,3943630
REE,20090923,23.6,23.9,23.4,23.9,4408980
REE,20090922,22.5,23.2,22.5,22.7,1881500
REE,20090921,23.2,23.4,22.7,23,2273930
REE,20090918,21.9,23,21.8,23,4276400
REE,20090917,22.1,22.1,21.7,21.9,1072050
REE,20090916,22.5,22.6,22.1,22.1,1313780
REE,20090915,23,23,22.2,22.5,2788170
REE,20090914,21.5,22.4,21.5,22.1,2289190
REE,20090911,21.4,21.8,21.3,21.4,1147840
REE,20090910,21.5,21.7,21.4,21.4,667360
REE,20090909,21.8,22,21.5,21.5,984370
REE,20090908,22,22.3,21.5,21.8,1202770
REE,20090907,20.7,22,20,22,2068140
REE,20090904,21.8,22,20.9,21,1497420
REE,20090903,21.9,22,21.6,21.6,1469090
REE,20090901,22.4,22.5,22,22.2,1163450
REE,20090831,22.7,22.7,22.4,22.6,1284210
REE,20090828,22.2,22.3,22,22.3,1046140
REE,20090827,22,22.3,21.9,22,979850
REE,20090826,22.2,22.5,22,22,1429270
REE,20090825,22.5,22.7,22,22.3,1513950
REE,20090824,22.3,22.6,22.3,22.5,1011510
REE,20090821,23,23.2,22.3,22.3,2196040
REE,20090820,22.5,22.6,22.1,22.3,1154210
REE,20090819,22,22.3,21.7,22.3,1042510
REE,20090818,22,22,21.6,21.7,2181660
REE,20090817,22.5,22.7,21.9,21.9,1635580
REE,20090814,23,23.9,22.5,22.7,1958480
REE,20090813,23.4,23.4,23.2,23.4,3010410
REE,20090812,22.4,22.4,22,22.4,2902850
REE,20090811,21.5,21.6,21.3,21.4,958900
REE,20090810,21.3,22.2,21.1,21.6,1273630
REE,20090807,21,21.3,20.9,21.1,1282490
REE,20090806,20.6,21.1,20.6,21.1,2912980
REE,20090805,19.9,20.2,19.8,20.1,775080
REE,20090804,20,20.4,20,20.1,948810
REE,20090803,20.3,20.8,19.7,20,753760
REE,20090731,20,20.5,19.7,20.4,1121490
REE,20090730,19.7,20.1,19.2,19.7,960380
REE,20090729,20.8,21,20.2,20.2,1314540
REE,20090728,20.3,20.3,19.9,20.3,3818050
REE,20090727,19.4,19.4,19.4,19.4,561910
REE,20090724,18.5,18.5,18.5,18.5,614330
REE,20090723,16.6,17.6,16.4,17.6,606780
REE,20090722,17,17,16.5,16.8,318500
REE,20090721,16.3,16.6,16,16.6,655420
REE,20090720,16,16.3,15.9,16,616290
REE,20090717,17,17.1,16.7,16.7,547340
REE,20090716,17.3,17.3,16.8,17.1,560220
REE,20090715,16.4,16.7,16.4,16.5,402820
REE,20090714,16.5,16.7,15.9,16.2,515860
REE,20090713,17,17.1,16.5,16.5,474220
REE,20090710,17.5,17.5,17,17.3,706250
REE,20090709,17.8,17.9,17.5,17.5,291560
REE,20090708,17.7,17.9,17.4,17.8,363920
REE,20090707,18.2,18.6,17.7,18,539680
REE,20090706,17.9,18.2,17.6,18.2,908290
REE,20090703,16.5,17.4,16.5,17.3,611330
REE,20090702,17.4,17.9,16.5,17.2,697490
REE,20090701,17.4,17.9,17.4,17.4,562170
REE,20090630,19.3,19.3,18.3,18.3,623840
REE,20090629,19.2,19.5,19.2,19.3,589710
REE,20090626,18.8,19.3,18.5,19.3,714710
REE,20090625,19.7,19.7,18.3,18.8,846360
REE,20090624,19.2,19.2,18.8,19.2,523720
REE,20090623,18.3,18.5,18.3,18.3,895760
REE,20090622,19.9,20.1,19.2,19.2,1150870
REE,20090619,20.5,20.5,19.8,20.2,892980
REE,20090618,20.1,20.4,19.5,20.2,2330270
REE,20090617,20,20,20,20,290160
REE,20090616,21,21,21,21,74470
REE,20090615,22.1,22.1,22.1,22.1,425720
REE,20090612,25,25,23.2,23.4,1744960
REE,20090611,23.4,24.1,22.6,24.1,2511810
REE,20090610,23.2,23.6,23,23,1815100
REE,20090609,23.6,25.2,23.6,24.1,1879850
REE,20090608,24.5,24.5,24.3,24.5,1301860
REE,20090605,23.4,23.4,23,23.4,1443054
REE,20090604,22,22.4,22,22.4,1408500
REE,20090603,22.3,23.2,21.8,22,1412610
REE,20090602,22.4,22.4,22.2,22.4,1571690
REE,20090601,20.9,21.5,20.8,21.5,1075900
REE,20090529,20.6,20.8,19.7,20.5,1071290
REE,20090528,20.8,21.1,20.5,20.5,2246293
REE,20090527,21.7,22.4,21.3,21.6,1120980
REE,20090526,22.6,23,21.9,22.3,1787280
REE,20090525,21.9,21.9,21.7,21.9,481960
REE,20090522,20,21,20,20.8,2225780
REE,20090521,22.3,22.3,21,21,1886360
REE,20090520,20.9,22.1,20.7,22.1,2335450
REE,20090519,21.1,21.1,21.1,21.1,384804
REE,20090518,19.8,20.1,19.5,20.1,2082250
REE,20090515,19.1,19.1,18.7,19.1,956790
REE,20090514,16.7,18.2,16.5,18.2,1696530
REE,20090513,17.4,18.5,17.4,17.4,1867660
REE,20090512,17.4,18.3,16.9,18.3,1907220
REE,20090511,17.2,18,17,17.4,1556680
REE,20090508,17.2,17.2,16.5,17.2,2680900
REE,20090507,16.4,16.4,16.4,16.4,590060
REE,20090506,16.1,16.1,15.6,15.6,2636850
REE,20090505,15.3,15.3,15.3,15.3,106400
REE,20090504,14.6,14.6,14.6,14.6,26710
REE,20090429,13.3,13.9,13.3,13.9,820340
REE,20090428,12.6,13.3,12.5,13.3,827550
REE,20090427,13.3,13.3,12.4,12.6,681600
REE,20090424,13,13.3,12.9,12.9,471590
REE,20090423,14.2,14.5,13.6,13.6,900050
REE,20090422,14.7,15.1,13.9,14.3,2558080
REE,20090421,14.6,14.6,14.6,14.6,338540
REE,20090420,15.4,15.4,15.4,15.4,161540
REE,20090417,16.4,17,16.2,16.2,1058890
REE,20090416,17.1,17.1,16.3,17.1,1471250
REE,20090415,16,17,15.8,16.3,2461210
REE,20090414,16.1,16.1,15.9,16.1,1317680
REE,20090413,15.4,15.4,15.4,15.4,330390
REE,20090410,14.6,14.6,14.6,14.6,85320
REE,20090409,13.5,14,13.1,14,1762760
REE,20090408,13,13.7,13,13.4,2868060
REE,20090407,13,13,12.9,13,1027310
REE,20090403,12.4,12.4,12.4,12.4,189590
REE,20090402,11.8,11.8,11.7,11.8,998810
REE,20090401,11.2,11.3,11,11.3,807330
REE,20090331,11,11,10.6,10.7,1373770
REE,20090330,11.2,11.5,10.9,11.1,1337630
REE,20090327,11.4,11.4,11,11.4,1965240
REE,20090326,10.8,10.8,10.3,10.8,745480
REE,20090325,9.8,10.3,9.6,10.3,1427000
REE,20090324,9.8,9.8,9.7,9.8,697960
REE,20090323,9.7,9.7,9.4,9.4,898980
REE,20090320,9.7,10.2,9.7,9.9,1279730
REE,20090319,9.7,9.7,9.4,9.7,2563650
REE,20090318,9.3,9.3,9.3,9.3,186070
REE,20090317,8.8,8.8,8.8,8.8,424510
REE,20090316,8.4,8.4,8.2,8.4,402750
REE,20090313,8,8,7.9,8,775110
REE,20090312,7.6,8.1,7.6,7.6,352130
REE,20090311,8,8,7.7,8,674610
REE,20090310,7.5,7.7,7.4,7.6,236600
REE,20090309,7.5,7.5,7.4,7.5,146760
REE,20090306,7.4,7.5,7.4,7.5,127080
REE,20090305,7.5,7.5,7.5,7.5,213930
REE,20090304,7.4,7.5,7.4,7.4,143520
REE,20090303,7.2,7.4,7.2,7.4,115820
REE,20090302,7.3,7.5,7.3,7.5,128040
REE,20090227,7.4,7.6,7.4,7.5,139920
REE,20090226,7.3,7.6,7.3,7.5,313850
REE,20090225,7.5,7.6,7.3,7.6,226680
REE,20090224,7.4,7.4,7.3,7.3,283710
REE,20090223,7.9,7.9,7.6,7.6,249800
REE,20090220,7.9,8,7.9,8,144960
REE,20090219,8.1,8.1,7.8,8,270090
REE,20090218,8,8.1,7.9,7.9,345570
REE,20090217,8.2,8.3,8.1,8.2,267250
REE,20090216,8.4,8.4,8.3,8.4,250760
REE,20090213,8.1,8.3,8.1,8.2,357020
REE,20090212,8.3,8.6,8.2,8.2,1299870
REE,20090211,8.6,8.6,8.6,8.6,27660
REE,20090210,9,9,9,9,200110
REE,20090209,9.2,9.5,9.2,9.5,274360
REE,20090206,9,9.1,8.8,9.1,290920
REE,20090205,9,9,8.7,8.8,398480
REE,20090204,9,9.1,8.8,9,146770
REE,20090203,9,9,8.8,8.9,350470
REE,20090202,9.5,9.5,9.2,9.2,195440
REE,20090123,9.5,9.8,9.5,9.7,170230
REE,20090122,9.5,9.6,9.5,9.5,87970
REE,20090121,9.5,9.5,9.4,9.5,165420
REE,20090120,9.5,9.5,9.4,9.4,231830
REE,20090119,9.5,9.6,9.5,9.5,72180
REE,20090116,9.6,9.7,9.5,9.5,158650
REE,20090115,9.5,9.5,9.4,9.5,150350
REE,20090114,9.9,10,9.4,9.6,399450
REE,20090113,9.6,9.7,9.5,9.6,342150
REE,20090112,10,10,9.8,9.9,217620
REE,20090109,10.4,10.5,10,10.1,492070
REE,20090108,10.4,10.9,10.2,10.4,1117160
REE,20090107,10.4,10.4,10.4,10.4,313740
REE,20090106,9.7,9.9,9.6,9.9,380750
REE,20090105,9.2,9.5,9.2,9.4,262030
REE,20090102,9.2,9.3,9.2,9.2,112520
REE,20081231,9.4,9.4,9.1,9.1,262340
REE,20081230,9,9.5,9,9.2,359940
REE,20081229,9.2,9.2,9,9,233110
REE,20081226,9,9.4,9,9.2,226060
REE,20081225,9.4,9.4,9.2,9.2,195610
REE,20081224,9.5,9.5,9.2,9.3,308020
REE,20081223,9.5,9.5,9.3,9.5,495680
REE,20081222,10.1,10.2,9.8,9.8,423940
REE,20081219,9.7,10,9.7,10,303220
REE,20081218,9.6,9.9,9.6,9.8,178760
REE,20081217,9.7,9.9,9.5,9.8,259040
REE,20081216,9.9,9.9,9.6,9.7,366590
REE,20081215,10.1,10.1,9.8,10.1,247590
REE,20081212,9.8,9.9,9.7,9.8,1141310
REE,20081211,9.3,9.6,9.1,9.4,200070
REE,20081210,9.9,9.9,9.4,9.4,411240
REE,20081209,9.6,9.9,9.5,9.9,250600
REE,20081208,9.6,9.7,9.3,9.5,291430
REE,20081205,9.9,9.9,9.7,9.8,247370
REE,20081204,10,10.2,10,10.1,193160
REE,20081203,10,10.3,9.9,10,186440
REE,20081202,10,10.1,10,10,305800
REE,20081201,10.4,10.5,9.7,10.4,462550
REE,20081128,10,10,9.9,10,106310
REE,20081127,9.5,9.9,9.5,9.5,314510
REE,20081126,9.9,10.3,9.9,9.9,261730
REE,20081125,10.4,10.4,10,10.4,217180
REE,20081124,10,10.2,10,10,390810
REE,20081124,10,10.2,10,10,390810
REE,20081121,10,10.2,9.6,10,531130
REE,20081120,9.9,10,9.7,10,384160
REE,20081119,10.2,10.5,10.2,10.2,301300
REE,20081118,10.3,10.6,10.3,10.5,183560
REE,20081117,10.5,11,10.5,10.5,327990
REE,20081114,11,11,10.7,11,393830
REE,20081113,10.8,11,10.4,10.8,370090
REE,20081112,10.8,10.8,10.8,10.8,194660
REE,20081111,11.3,11.4,11.3,11.3,230210
REE,20081110,11.9,12.2,11.7,11.9,254060
REE,20081107,12,12.2,12,12,422140
REE,20081106,12.6,13,12,12.6,704060
REE,20081105,12.4,12.4,12.4,12.4,351510
REE,20081104,11.8,11.8,11,11.8,549740
REE,20081103,11.3,11.7,11.2,11.3,432050
REE,20081031,11.8,11.8,11.3,11.8,498360
REE,20081030,11.3,11.3,10.7,11.3,504580
REE,20081029,11.2,11.2,10.6,11,455080
REE,20081028,10.7,11.1,10.7,10.7,503580
REE,20081027,11.2,11.3,11.2,11.2,297410
REE,20081024,11.8,12.2,11.8,11.8,172520
REE,20081023,12.2,12.5,12.2,12.2,244700
REE,20081022,12.8,12.8,12.2,12.8,253650
REE,20081021,12.4,12.4,12,12.4,287930
REE,20081020,11.8,12.2,11.8,11.8,136970
REE,20081017,12.5,12.9,12.5,12.5,189680
REE,20081016,12.9,13.2,12.9,12.9,300510
REE,20081015,13.5,13.7,12.7,13.5,520070
REE,20081014,13.4,13.4,13.4,13.4,7240
REE,20081013,13.4,13.8,12.7,12.7,282950
REE,20081010,13.4,13.4,13.4,13.4,78180
REE,20081009,14.1,14.8,14.1,14.1,659490
REE,20081008,14.8,14.8,14.8,14.8,60310
REE,20081007,15.6,15.6,15.6,15.6,27620
REE,20081006,16.5,17,16.4,16.4,177190
REE,20081003,17.2,17.8,17.2,17.3,112620
REE,20081002,18.1,18.1,17.4,17.9,199940
REE,20081001,18.1,18.2,17.2,17.5,239280
REE,20080930,17.8,17.8,17.8,17.8,6930
REE,20080929,19.2,19.7,18.8,18.8,305590
REE,20080926,20.2,20.2,18.3,19.7,589790
REE,20080925,17.9,19.2,17.9,19.2,331690
REE,20080924,18.4,18.5,17.7,18.3,345860
REE,20080923,17.5,19.3,17.5,18.4,1405150
REE,20080922,18.4,18.4,18.4,18.4,144340
REE,20080919,17.5,17.5,17.5,17.5,244950
REE,20080918,16.7,16.7,16.7,16.7,84780
REE,20080917,17.6,17.9,17.6,17.6,343050
REE,20080916,18.5,18.8,18.5,18.5,426800
REE,20080915,20.1,20.4,18.5,19.5,1131560
REE,20080912,19.4,19.4,19.4,19.4,129470
REE,20080911,20.4,21.3,20.4,20.4,548470
REE,20080910,22.4,22.4,21.3,21.5,745790
REE,20080909,23.9,24.5,22.4,22.4,1116060
REE,20080908,23,25.2,23,23.6,1894930
REE,20080905,24.1,24.1,24.1,24.1,43360
REE,20080904,23,23,23,23,64650
REE,20080903,21.9,21.9,21.9,21.9,59900
REE,20080829,20.8,20.8,19.9,20.8,767200
REE,20080828,19.8,19.8,19.7,19.8,1175340
REE,20080827,18.9,18.9,18.9,18.9,28520
REE,20080826,18,18,18,18,17660
REE,20080825,17.1,17.1,17.1,17.1,16840
REE,20080822,16.3,16.3,16.3,16.3,6520
REE,20080821,15.5,15.5,15.5,15.5,18080
REE,20080820,14.8,14.8,14.8,14.8,85640
REE,20080819,14.1,14.1,14.1,14.1,20170
REE,20080818,13.4,13.4,13.4,13.4,6760
REE,20080815,12.8,12.8,12.8,12.8,14870
REE,20080814,12.4,12.4,12.4,12.4,2900
REE,20080813,12,12,12,12,12200
REE,20080812,11.7,11.7,11.5,11.7,689190
REE,20080811,11.4,11.4,11.4,11.4,54420
REE,20080808,10.8,11,10.5,11,397410
REE,20080807,11.2,10.9,10.7,10.9,439440
REE,20080806,10.9,10.9,10.7,10.9,439440
REE,20080805,10.6,10.6,10.6,10.6,70430
REE,20080804,11,11,10.7,10.9,815370
REE,20080801,10.7,10.7,10.7,10.7,25670
REE,20080731,10.3,10.4,10.1,10.4,359500
REE,20080730,10.1,10.1,9.6,10.1,622970
REE,20080729,9.9,9.9,9.9,9.9,109100
REE,20080728,9.5,10.1,9.5,9.5,347190
REE,20080725,9.9,9.9,9.9,9.9,46010
REE,20080724,10.1,10.5,10.1,10.1,581410
REE,20080723,10.4,10.4,10.4,10.4,67050
REE,20080722,10.8,10.8,10.8,10.8,1280
REE,20080721,11.1,11.1,11.1,11.1,53190
REE,20080718,11.4,12.1,11.4,11.4,846050
REE,20080717,11.7,11.7,11.7,11.7,204250
REE,20080716,11.4,11.4,10.8,11.4,729250
REE,20080715,11.1,11.1,11.1,11.1,106950
REE,20080714,10.8,10.8,10.8,10.8,24010
REE,20080711,10.5,10.5,10.5,10.5,38430
REE,20080710,10.2,10.2,10.1,10.2,410880
REE,20080709,9.3,9.9,9.3,9.9,294950
REE,20080708,9.1,9.6,9.1,9.6,341090
REE,20080707,10,10,9.4,9.4,775100
REE,20080704,9.6,9.6,9.6,9.6,113050
REE,20080703,9.4,9.4,9.4,9.4,134810
REE,20080702,9.1,9.1,8.6,9.1,441720
REE,20080701,8.9,8.9,8.9,8.9,37820
REE,20080630,8.4,8.6,8.4,8.6,208590
REE,20080627,7.9,8.4,7.9,8.4,195290
REE,20080626,8.5,8.5,8,8.1,366710
REE,20080625,8,8.4,8,8.3,581260
REE,20080624,8.2,8.2,8.2,8.2,23550
REE,20080623,8.5,8.5,8.5,8.5,53030
REE,20080620,8.7,8.7,8.7,8.7,234510
REE,20080619,9,9,9,9,9350
REE,20080618,9.2,9.2,9.2,9.2,130020
REE,20080617,9.2,9.4,9.2,9.4,563300
REE,20080616,8.9,9.2,8.9,9.2,657300
REE,20080613,9,9,9,9,96070
REE,20080612,9.2,9.2,9.2,9.2,51700
REE,20080611,9.4,9.4,9.4,9.4,242580
REE,20080610,9.6,9.6,9.6,9.6,1540
REE,20080609,9.8,9.8,9.8,9.8,540
REE,20080606,10,10,10,10,1610
REE,20080605,10.2,10.2,10.2,10.2,1370
REE,20080604,10.4,10.4,10.4,10.4,2420
REE,20080603,10.8,10.8,10.6,10.6,17050
REE,20080602,10.8,10.8,10.8,10.8,4440
REE,20080530,11,11,11,11,3750
REE,20080526,11.2,11.2,11.2,11.2,1820
REE,20080522,11.7,11.7,11.7,11.7,310
REE,20080521,11.9,11.9,11.9,11.9,510
REE,20080520,12.1,12.1,12.1,12.1,4080
REE,20080519,12.4,12.4,12.4,12.4,6160
REE,20080516,12.6,12.6,12.6,12.6,3400
REE,20080515,12.8,12.8,12.8,12.8,320
REE,20080514,13.1,13.1,13.1,13.1,80
REE,20080513,13.4,13.4,13.4,13.4,20
REE,20080512,13.6,13.6,13.6,13.6,1670
REE,20080509,13.9,13.9,13.9,13.9,1940
REE,20080508,14.1,14.1,14.1,14.1,3150
REE,20080507,14.4,14.4,14.4,14.4,2880
REE,20080506,15,15,14.7,14.7,1330
REE,20080505,15,15,15,15,7850
REE,20080429,15.3,15.3,15.3,15.3,11410
REE,20080428,15.6,15.6,15.6,15.6,10840
REE,20080425,15.9,15.9,15.9,15.9,13610
REE,20080424,16.2,16.2,16.2,16.2,8400
REE,20080423,16.5,16.5,16.5,16.5,7240
REE,20080422,16.9,16.9,16.9,16.9,10730
REE,20080421,17.2,17.2,17.2,17.2,13730
REE,20080418,17.5,17.5,17.5,17.5,62520
REE,20080417,17.2,17.9,17.2,17.9,200540
REE,20080416,17.5,17.5,17.5,17.5,7800
REE,20080411,17.9,17.9,17.9,17.9,60920
REE,20080410,18.2,18.2,18.2,18.2,28630
REE,20080409,18.8,18.8,18.5,18.5,304710
REE,20080408,18.8,18.8,18.2,18.8,645540
REE,20080407,18.5,18.5,18.5,18.5,3020
REE,20080404,18.2,18.2,18.2,18.2,2400
REE,20080403,18,18,18,18,3830
REE,20080402,17.9,17.9,17.9,17.9,1060
REE,20080401,17.7,17.7,17.7,17.7,5930
REE,20080331,17.5,17.5,17.5,17.5,14670
REE,20080328,17.4,17.4,17.4,17.4,28180
REE,20080327,17.2,17.2,17.2,17.2,37190
REE,20080326,17.2,17.9,17,17,481020
REE,20080325,17.9,17.9,17.9,17.9,29730
REE,20080324,18.7,18.7,18.7,18.7,14270
REE,20080321,19.6,19.6,19.6,19.6,119760
REE,20080320,21.5,21.6,20.6,20.6,248790
REE,20080319,21.8,22.6,21.6,21.6,621320
REE,20080318,22.6,22.6,22.6,22.6,64160
REE,20080317,23.9,24.3,23.9,23.9,131000
REE,20080314,24.8,25.9,24.8,25,127940
REE,20080313,26.1,26.1,25,25.5,98890
REE,20080312,25,26.1,25,25.5,177860
REE,20080311,25.7,26.1,25.5,25.5,167590
REE,20080310,27.7,27.7,26.1,26.8,664940
REE,20080307,26.4,26.4,26.4,26.4,92100
REE,20080306,25.2,25.2,25.2,25.2,126290
REE,20080305,24.1,24.1,24.1,24.1,51340
REE,20080304,25.2,25.2,25.2,25.2,14490
REE,20080303,26.8,27.3,26.6,26.6,122800
REE,20080229,28.4,28.9,28,28,197730
REE,20080228,30.7,31.4,29.1,29.3,222730
REE,20080227,30.7,32.3,30.7,30.7,288700
REE,20080226,32.3,33,32.3,32.3,115790
REE,20080225,33.2,34.5,33.2,33.9,267500
REE,20080222,33,33,33,33,249770
REE,20080221,34.5,34.5,34.5,34.5,65830
REE,20080220,38.2,38.2,36.1,36.1,199460
REE,20080219,36.8,38.2,36.8,37.7,209290
REE,20080218,38.2,38.2,37.7,37.7,431790
REE,20080215,40,40,39.3,39.8,145350
REE,20080214,40,40.9,40,40,105930
REE,20080213,40.9,40.9,39.8,40,112430
REE,20080212,42,42,40.7,40.9,104810
REE,20080201,43,43,42,42.7,174150
REE,20080131,41.6,42,40.5,42,242780
REE,20080130,41.6,41.6,41.6,41.6,159540
REE,20080129,37.7,39.8,37.7,39.8,182890
REE,20080128,38.2,38.2,37,38.2,148700
REE,20080125,36.8,38.2,36.8,37.5,146500
REE,20080124,39.3,39.3,37,37,174210
REE,20080123,38.6,38.6,37.5,38.2,151940
REE,20080122,38.6,39.8,38.6,39.3,98020
REE,20080121,40.9,40.9,40,40.5,98320
REE,20080118,40.5,40.9,40,40.7,99640
REE,20080117,41.4,41.4,40.5,40.5,193600
REE,20080116,40.9,40.9,40.5,40.9,132830
REE,20080115,39.8,40,39.1,39.1,224220
REE,20080114,41.4,41.4,40.7,40.7,76430
REE,20080111,42,42.3,41.6,42,249040
REE,20080110,41.4,41.6,40.9,41.6,320030
REE,20080109,42.7,42.7,42.3,42.3,10940
REE,20080108,42.7,43.6,42.7,43,46760
REE,20080107,42.7,42.7,42.3,42.3,26480
REE,20080104,43,43.2,43,43.2,36390
REE,20080103,43.2,43.6,43,43,73460
REE,20080102,43.9,43.9,43.6,43.6,57910
REE,20071228,44.3,44.3,43.9,44.3,56000
REE,20071227,44.3,44.3,43.9,43.9,89530
REE,20071226,43.9,44.3,43.9,44.3,65550
REE,20071225,44.3,44.5,43.9,44.3,38940
REE,20071224,44.5,44.5,44.3,44.5,108610
REE,20071221,44.3,45,44.3,45,70880
REE,20071220,45.2,45.2,44.3,44.3,81920
REE,20071219,44.5,45.5,44.5,45.2,95570
REE,20071218,43.9,43.9,43.2,43.6,123100
REE,20071217,44.3,44.5,43.9,43.9,82970
REE,20071214,44.5,45,44.5,44.5,83600
REE,20071213,45.5,45.5,45,45,171110
REE,20071212,45.2,45.5,45,45.5,171740
REE,20071211,45.2,45.5,45,45,122940
REE,20071210,45.5,46.4,45.5,45.5,102070
REE,20071207,45.5,46.8,45.5,46.8,80610
REE,20071206,45.9,46.4,45.5,45.9,102630
REE,20071205,46.4,46.8,45.5,45.5,200170
REE,20071204,46.8,47.7,46.8,47.7,218600
REE,20071203,45.9,46.8,45.9,46.8,95640
REE,20071130,45.5,45.9,45.5,45.5,142620
REE,20071129,45.5,46.4,45.5,45.5,113340
REE,20071128,45.5,45.9,45.5,45.5,83360
REE,20071127,46.4,46.8,45.5,45.5,158690
REE,20071126,45.2,45.9,45.2,45.9,118250
REE,20071123,45.2,45.5,45.2,45.2,97600
REE,20071122,45.2,45.5,45.2,45.2,106660
REE,20071121,45,45.2,45,45,158280
REE,20071120,45.2,45.5,45.2,45.5,80680
REE,20071119,45.5,45.5,45.5,45.5,112130
REE,20071116,44.5,45.5,44.5,45.5,171640
REE,20071115,45.5,45.9,45.2,45.5,248320
REE,20071114,44.5,45.5,44.5,45.5,154830
REE,20071113,45.2,45.2,43.9,43.9,242880
REE,20071112,45.5,45.5,45,45,144700
REE,20071109,45.5,45.9,45.5,45.5,163120
REE,20071108,47.3,47.7,46.8,46.8,124040
REE,20071107,47.3,47.7,47.3,47.3,159580
REE,20071106,47.7,48.2,46.8,47.3,211510
REE,20071105,48.2,48.2,47.7,47.7,189550
REE,20071102,49.1,49.5,49.1,49.1,183920
REE,20071101,49.1,50,49.1,49.1,207030
REE,20071031,49.1,49.5,49.1,49.1,230070
REE,20071030,49.5,50,49.1,49.1,209620
REE,20071029,50,50,49.5,49.5,186120
REE,20071026,51,51.5,50.5,50.5,280210
REE,20071025,51.5,51.5,51,51,287460
REE,20071024,50.5,51.5,50.5,51.5,188540
REE,20071023,51,51.5,51,51,366920
REE,20071022,51.5,52.5,51.5,51.5,459770
REE,20071019,51.5,51.5,51,51.5,281880
REE,20071018,51.5,51.5,51,51.5,306150
REE,20071017,51.5,52.5,51.5,51.5,410180
REE,20071016,51.5,51.5,51,51.5,316030
REE,20071015,51.5,51.5,50.5,51.5,307630
REE,20071012,50.5,50.5,50,50.5,198410
REE,20071011,51,51,50,50.5,247170
REE,20071010,51.5,51.5,51,51,229000
REE,20071009,51,51,50,51,271980
REE,20071008,50,51.5,50,50,237130
REE,20071005,51.5,51.5,50,50,349150
REE,20071004,52,52,51.5,51.5,355650
REE,20071003,51.5,52.5,51.5,52,361980
REE,20071002,51.5,51.5,50.5,51.5,502160
REE,20071001,51.5,52,50.5,52,465090
REE,20070928,48.2,49.5,48.2,49.5,402890
REE,20070927,48.2,48.2,47.7,48.2,381110
REE,20070926,49.5,49.5,48.6,49.1,561640
REE,20070925,49.1,49.5,49.1,49.1,403740
REE,20070924,46.4,47.7,46.4,47.7,332160
REE,20070921,45.5,45.5,45.2,45.5,323870
REE,20070920,45.5,46.4,45.2,46.4,501400
REE,20070919,43.9,44.5,43.6,44.5,273940
REE,20070918,43.2,43.2,43,43.2,77920
REE,20070917,43.2,43.6,43,43,193550
REE,20070914,43,43,42.7,43,101450
REE,20070913,42.7,43,42.7,42.7,71480
REE,20070912,43,43.2,42.7,42.7,151220
REE,20070911,43.2,43.6,43,43,78510
REE,20070910,43.6,43.9,43.6,43.6,118740
REE,20070907,43.6,43.9,43.6,43.6,172270
REE,20070906,43.9,43.9,43.6,43.9,139450
REE,20070905,45,45,43.6,43.9,220240
REE,20070904,43.2,44.3,43,44.3,267610
REE,20070831,42.3,43,42.3,42.7,130400
REE,20070830,42.3,42.7,42.3,42.3,85200
REE,20070829,42.3,42.7,42,42.3,56440
REE,20070828,42.7,42.7,42.3,42.7,68930
REE,20070827,43,43,42.7,42.7,118130
REE,20070824,43,43,42.3,43,138670
REE,20070823,42.3,42.3,42,42,69200
REE,20070822,42.3,42.7,42.3,42.3,150460
REE,20070821,42.7,42.7,42.3,42.3,72810
REE,20070820,42,42.3,41.6,42.3,122100
REE,20070817,40.9,41.6,40.9,41.6,177230
REE,20070816,41.4,42,40.9,41.6,161270
REE,20070815,42,42.7,42,42.3,67690
REE,20070814,42.7,43.2,42.7,43,78270
REE,20070813,42.3,42.7,42,42,130610
REE,20070810,43.6,43.6,42.3,43.6,252000
REE,20070809,42.7,43.9,42,43.9,191230
REE,20070808,42.3,42.3,41.6,42,109640
REE,20070807,42,42,41.6,42,126200
REE,20070806,41.4,41.4,40.9,40.9,98840
REE,20070803,40.9,41.6,40.9,40.9,126140
REE,20070802,43,43,42.3,42.3,156480
REE,20070801,41.6,43,41.6,43,151520
REE,20070731,41.6,42,40.9,40.9,177880
REE,20070730,43,43.6,43,43,88370
REE,20070727,43.9,43.9,43.9,43.9,238470
REE,20070726,45,45,43.9,43.9,110100
REE,20070725,45.5,45.5,45,45,121940
REE,20070724,45.5,45.5,45.2,45.2,163410
REE,20070723,46.4,46.4,45.9,45.9,134540
REE,20070720,46.8,46.8,46.8,46.8,93660
REE,20070719,46.8,46.8,46.8,46.8,88870
REE,20070718,47.7,47.7,46.8,46.8,173380
REE,20070717,46.8,47.3,46.8,47.3,110680
REE,20070716,46.8,46.8,46.8,46.8,212970
REE,20070713,47.7,48.2,47.7,48.2,89450
REE,20070712,48.6,48.6,47.7,47.7,125920
REE,20070711,49.1,49.1,49.1,49.1,361090
REE,20070710,46.8,48.6,46.8,48.6,263750
REE,20070709,46.8,46.8,46.4,46.4,93390
REE,20070706,45.9,46.8,45.9,46.8,88580
REE,20070705,47.3,47.3,45.9,45.9,200340
REE,20070704,46.8,47.7,46.8,47.7,146630
REE,20070703,45.5,45.5,45.5,45.5,247470
REE,20070702,47.7,47.7,46.4,46.4,251550
REE,20070629,47.7,48.2,47.7,48.2,300250
REE,20070628,49.5,49.5,49.1,49.1,190080
REE,20070627,50,50,49.5,49.5,144150
REE,20070626,50,50,50,50,199780
REE,20070625,49.5,50,49.5,49.5,201460
REE,20070622,50,50,50,50,123370
REE,20070621,51.5,51.5,51,51,146630
REE,20070620,51.5,51.5,51.5,51.5,124940
REE,20070619,51.5,51.5,51.5,51.5,173750
REE,20070618,51,51.5,51,51.5,99700
REE,20070615,51.5,51.5,51.5,51.5,152990
REE,20070614,52,52,51.5,51.5,99930
REE,20070613,51.5,52,51.5,52,155810
REE,20070612,51.5,51.5,51.5,51.5,169680
REE,20070611,51.5,51.5,51.5,51.5,149650
REE,20070608,52.5,52.5,52.5,52.5,188220
REE,20070607,53.5,53.5,52.5,52.5,197510
REE,20070606,51.5,52.5,51.5,52.5,300460
REE,20070605,51.5,51.5,50.5,50.5,314730
REE,20070604,53.5,53.5,52.5,52.5,149790
REE,20070601,54.5,54.5,53.5,53.5,186420
REE,20070531,54.5,54.5,54.5,54.5,143970
REE,20070530,54.5,54.5,54.5,54.5,197720
REE,20070529,56,56,55,55,170740
REE,20070528,56.5,56.5,56,56,168690
REE,20070525,55.5,56.5,55.5,56.5,133170
REE,20070524,56,56,55.5,55.5,152200
REE,20070523,58,58,57,57,460590
REE,20070522,55.5,56,55.5,56,330340
REE,20070521,55.5,55.5,55,55.5,280630
REE,20070518,55.5,55.5,55.5,55.5,285110
REE,20070517,55,55.5,55,55.5,149700
REE,20070516,55.5,55.5,54.5,54.5,276780
REE,20070515,56.5,56.5,55.5,55.5,270320
REE,20070514,57,57,57,57,323580
REE,20070511,54.5,56.5,54.5,56.5,362240
REE,20070510,56,56,54.5,54.5,466740
REE,20070509,57.5,57.5,56.5,56.5,694580
REE,20070508,54.5,54.5,54.5,54.5,66200
REE,20070507,34.5,34.8,34.5,34.8,668370
REE,20070504,33.6,33.6,33.2,33.2,424065
REE,20070503,33.6,33.6,33.6,33.6,536340
REE,20070502,32.5,33.6,32.5,33.6,606075
REE,20070425,31.6,32.3,31.6,32.3,444495
REE,20070424,31.6,31.6,30.7,30.7,552330
REE,20070423,31.6,31.6,31.4,31.4,420495
REE,20070420,33.6,33.6,33,33,756390
REE,20070419,34.1,34.1,33,33,615510
REE,20070418,33.6,34.1,33.6,34.1,397815
REE,20070417,32,32.5,32,32.5,629775
REE,20070416,32.3,32.3,32,32,731115
REE,20070413,34.5,34.5,33.6,33.6,394095
REE,20070412,34.8,34.8,34.5,34.5,904800
REE,20070411,36.1,36.1,35.9,35.9,386580
REE,20070410,36.8,36.8,36.4,36.4,348840
REE,20070409,37.5,37.5,37,37,274215
REE,20070406,36.8,37,36.8,37,379275
REE,20070405,38.2,38.2,37.5,37.7,343830
REE,20070404,38.2,38.6,37.7,38.6,357165
REE,20070403,37,37.5,37,37.5,589515
REE,20070402,38.6,38.6,38.2,38.2,491730
REE,20070330,43,43,40,40,856785
REE,20070329,40,40.9,40,40.9,598035
REE,20070328,38.4,39.8,38.4,39.8,389625
REE,20070327,38.2,38.2,37.7,37.7,834900
REE,20070326,40,40,39.3,39.3,416055
REE,20070323,40,40,40,40,522585
REE,20070322,40,40,39.3,40,390945
REE,20070321,39.3,40,39.3,40,317880
REE,20070320,39.3,39.3,39.3,39.3,296865
REE,20070319,40.7,40.7,40,40,620820
REE,20070316,38.6,38.6,38.6,38.6,224280
REE,20070315,38.2,38.2,37,37,509895
REE,20070314,40,40,38.6,38.6,373650
REE,20070314,40,40,38.6,38.6,373650
REE,20070313,40.9,40.9,40,40,365385
REE,20070312,40.5,40.5,40,40,259830
REE,20070309,40,40,39.8,39.8,292155
REE,20070308,40,40,40,40,399030
REE,20070307,38.6,38.6,38.6,38.6,756915
REE,20070306,40.9,40.9,39.3,39.3,500910
REE,20070305,41.4,41.4,40.9,40.9,508335
REE,20070302,39.3,40,39.3,40,669600
REE,20070301,40.7,40.7,40.7,40.7,510510
