<Ticker>,<DTYYYYMMDD>,<Open>,<High>,<Low>,<Close>,<Volume>
S91,20100729,41,41.5,40.8,41.5,4100
S91,20100728,41.1,41.3,41.1,41.1,11200
S91,20100727,41.6,41.6,41.5,41.5,2000
S91,20100726,41.2,43,41,42.6,13000
S91,20100723,43.4,43.4,42.1,42.9,8600
S91,20100722,44.3,44.3,41.5,43.4,7400
S91,20100721,45,45.5,41,44,4300
S91,20100720,41.6,44.2,41.5,42.8,4400
S91,20100719,44.3,44.3,44,44.2,5700
S91,20100716,44,44.3,44,44.1,15600
S91,20100715,43.5,43.9,43.5,43.7,3000
S91,20100714,44.8,46,44.5,44.9,13200
S91,20100713,44.2,44.5,44.1,44.5,2100
S91,20100712,44,44.2,44,44.1,3300
S91,20100709,43.1,44.1,42.1,43.7,12800
S91,20100708,44.5,44.5,44,44.2,4700
S91,20100707,45,45,43.5,44.5,10900
S91,20100706,43.9,43.9,41.1,43.5,28800
S91,20100705,41.1,44.5,41.1,43.8,20200
S91,20100702,44.8,44.9,42.2,42.7,12400
S91,20100701,43.1,43.5,42.1,42.6,4100
S91,20100630,41.5,44.9,41.5,44.5,6300
S91,20100629,43.2,45.2,42.4,44.3,8000
S91,20100628,42.1,46,42.1,45.2,7300
S91,20100625,45.2,46.6,44.5,45.1,22500
S91,20100624,44.1,49.3,44.1,47.7,20900
S91,20100623,44.7,46.9,44,46.2,7400
S91,20100622,47.1,48.4,45.5,46.3,33200
S91,20100621,48,50.6,48,48.9,43400
S91,20100618,46,49.3,46,47.4,82600
S91,20100617,46.3,47,45,46.1,21300
S91,20100616,46.6,47,44.1,46.3,38800
S91,20100615,49,49,43.3,46.6,43900
S91,20100614,46.5,46.9,43.9,46.5,91900
S91,20100611,43.9,43.9,43.9,43.9,24400
S91,20100610,40.5,41.1,40.5,41.1,47200
S91,20100609,38.5,38.8,37.9,38.5,37800
S91,20100608,35.7,37,35.5,36.3,5000
S91,20100607,36.5,36.5,35,35.5,11700
S91,20100604,38.2,38.2,36.9,37.5,15000
S91,20100603,37.9,37.9,37.2,37.5,7600
S91,20100602,35.5,36.8,35.5,36.2,13200
S91,20100601,33.6,36.5,33.6,35.7,1700
S91,20100531,35.1,36,35,35.3,2300
S91,20100528,37.3,37.3,35,37.2,15600
S91,20100527,35.7,35.7,33.5,34.9,3900
S91,20100526,35.5,36.4,35.5,35.7,2500
S91,20100525,34.7,36.7,34,35,7300
S91,20100524,35,35,33.9,34.7,7700
S91,20100521,33,33,32.7,32.8,19600
S91,20100520,32.3,37,32.2,35.1,38700
S91,20100519,36,36,33.6,34.6,15900
S91,20100518,36,36.6,35.6,36.1,6000
S91,20100517,38,38,37.3,37.6,12000
S91,20100514,41,41,38.3,39.9,3300
S91,20100513,41,41,40.5,40.9,1900
S91,20100512,40,40,38.6,38.7,14300
S91,20100511,42.6,42.6,40.5,41.4,7800
S91,20100510,39.2,42,38.5,39.9,8700
S91,20100507,41,43,41,41.3,25900
S91,20100506,44,44.4,43.5,44,21100
S91,20100505,42.1,43,42,42.1,17000
S91,20100504,43.2,43.7,42.5,43.4,25900
S91,20100429,44.5,44.5,42.7,43.7,7700
S91,20100428,42,43,42,42.7,20500
S91,20100427,45,45,42,43.7,10200
S91,20100426,46.1,46.1,42.9,44.7,26900
S91,20100422,46.1,46.1,44,45.7,66200
S91,20100421,42.5,44.6,41.8,43.1,64600
S91,20100420,40,43.8,40,41.7,19400
S91,20100419,45,45.2,42.2,42.4,39200
S91,20100416,45.6,45.7,43.5,45.3,28000
S91,20100415,40.3,43.1,40.3,42.8,26200
S91,20100414,40.1,40.7,40,40.3,19900
S91,20100413,40,42,40,40.1,26300
S91,20100412,43.5,43.5,43,43,37300
S91,20100409,46.5,46.5,44,46.2,91200
S91,20100408,43.5,43.5,43.5,43.5,36900
S91,20100407,40.7,40.7,40.7,40.7,22300
S91,20100406,38.1,38.1,38.1,38.1,32100
S91,20100405,34.9,35.8,34.9,35.7,29600
S91,20100402,32.5,34.2,32.2,33.5,5500
S91,20100401,32.9,33,32,32.2,3300
S91,20100331,32.7,32.7,31.6,32,3600
S91,20100330,33,34.5,33,33.3,1800
S91,20100329,34,34,33.2,33.6,2000
S91,20100326,33,34.7,33,34.3,1700
S91,20100325,36.9,36.9,33,34.1,5200
S91,20100324,33,35.9,33,34.5,200
S91,20100322,33,33.8,33,33.7,5800
S91,20100319,34.6,34.6,34.6,34.6,500
S91,20100318,34.1,35,34.1,34.6,7700
S91,20100317,34.2,35.1,34,34.6,12100
S91,20100316,34.9,35.1,33.5,34.2,8000
S91,20100315,36.2,36.2,35.2,35.4,9700
S91,20100312,35.5,36.4,35.5,35.7,3400
S91,20100311,35,36.5,35,35.4,12900
S91,20100310,36.7,36.7,35,35.3,8100
S91,20100309,37.2,37.2,36.5,37,6700
S91,20100308,38,38.5,36,37.2,23300
S91,20100305,37,37.2,36.9,37.1,14300
S91,20100304,37,37.2,36.5,37.1,10200
S91,20100303,34,35.5,34,34.8,5300
S91,20100302,34.1,34.1,34,34.1,33500
S91,20100301,31.9,31.9,31.9,31.9,6600
S91,20100226,30.2,30.2,29.5,29.9,500
S91,20100225,32.4,32.4,30.5,31.2,700
S91,20100224,31.5,32.9,31.5,32.4,2600
S91,20100223,31.2,31.2,31,31.1,2100
S91,20100222,33.1,33.8,33.1,33.3,1700
S91,20100212,32.3,33,32.3,32.6,600
S91,20100211,31,32.9,31,32.3,1100
S91,20100210,31,31,31,31,5500
S91,20100209,29.6,29.6,28,29,5800
S91,20100208,30,30,29.5,29.6,800
S91,20100205,32.9,32.9,30.9,31.1,6400
S91,20100204,33,33,31.4,32.9,3800
S91,20100203,31.7,33,31.7,32.8,3400
S91,20100202,32.2,34.9,31.6,32.9,11100
S91,20100201,34,34,33.7,33.9,6600
S91,20100129,31.9,32.2,31.9,31.9,20400
S91,20100128,34.2,34.3,34.2,34.2,15900
S91,20100127,38,38.8,34.6,36.7,10400
S91,20100126,36.5,36.9,36.3,36.7,7100
S91,20100125,35.7,35.7,32.5,34.5,6600
S91,20100122,33.3,33.6,33.3,33.4,30000
S91,20100121,36,36,35.8,35.8,1800
S91,20100120,41,41,37,38.4,18400
S91,20100119,37.5,40.3,37.5,39.7,16700
S91,20100118,40.2,41.5,40.1,40.3,2500
S91,20100115,45,45,40.5,43.1,13800
S91,20100114,42.3,42.3,42.3,42.3,15500
S91,20100113,37.1,42.5,37.1,39.6,29400
S91,20100112,41,42.9,38.6,39.8,15000
S91,20100111,42.9,42.9,40.6,41.5,10300
S91,20100108,43,47,42,42.9,64000
S91,20100107,45.6,47.6,44.3,45.1,48800
S91,20100106,49.2,49.2,46,47.6,24400
S91,20100105,46,46,46,46,11000
S91,20100104,43,43,43,43,2700
S91,20091231,40.2,40.2,39,40.2,22400
S91,20091230,35.4,37.8,35.4,37.6,18100
S91,20091229,35.4,35.4,35,35.4,44100
S91,20091228,33.1,33.1,32.2,33.1,31500
S91,20091225,30.8,31.1,30.8,31,14900
S91,20091224,27.6,29.4,25.8,29.1,21800
S91,20091223,27.5,27.5,27.5,27.5,300
S91,20091222,27.4,27.6,26,27.1,11700
S91,20091221,25.8,25.8,25.7,25.8,10300
S91,20091218,24.2,24.2,24,24.2,8400
S91,20091217,22.7,23,22.7,22.7,5400
S91,20091216,24.2,27,24.2,24.4,1900
S91,20091215,27.2,27.2,26,26,4600
S91,20091214,25,26.1,25,25.5,1900
S91,20091211,24.4,24.4,24.4,24.4,2100
S91,20091210,26.3,26.3,26.2,26.2,1500
S91,20091209,28.1,28.1,28.1,28.1,1400
S91,20091208,32,32,29.8,30.2,3200
S91,20091207,32,32.3,32,32,6600
S91,20091204,33.1,34.6,32.1,33.8,2600
S91,20091203,32.9,34.9,32.9,33.1,1900
S91,20091202,35,35,32.8,34.1,3400
S91,20091201,32,34.3,32,34.2,15200
S91,20091130,30.5,33,30,32.1,8300
S91,20091127,31.3,33.6,31.3,32,33500
S91,20091126,35,35,33.5,33.6,1300
S91,20091125,36.2,36.2,35.9,36,4300
S91,20091124,40,40,38.4,38.6,14200
S91,20091123,42,42,41.1,41.2,15600
S91,20091120,47.6,47.6,43.2,44.1,6300
S91,20091119,44,46.8,44,46.4,15200
S91,20091118,43.5,44,43.4,43.8,10200
S91,20091117,43,45,42.5,43.3,9000
S91,20091116,42.5,43,42.5,42.5,4000
S91,20091113,40,42.5,40,41.9,11400
S91,20091112,45,45,42.3,42.4,12000
S91,20091111,42.5,44.3,42,42.3,7700
S91,20091110,42.6,44,42.4,42.4,33200
S91,20091109,45.5,45.5,45.5,45.5,2700
S91,20091106,48,51.3,46.5,48.7,29700
S91,20091105,47,50,47,48,18900
S91,20091104,54.6,54.6,47.7,50.3,19800
S91,20091103,51,51.1,50.5,51.1,24600
S91,20091102,48,48,46,47.8,49400
S91,20091030,44.9,44.9,44.9,44.9,5100
S91,20091029,42,42.1,42,42,37600
S91,20091028,45.1,47,45.1,45.1,79500
S91,20091027,48.4,48.4,48.4,48.4,2600
S91,20091026,52,52,52,52,1000
S91,20091023,58,60,55.7,55.9,20700
S91,20091022,61,62,59.4,59.8,26100
S91,20091021,65,65,61,63.8,18900
S91,20091020,65,66.2,62,63.4,45400
S91,20091019,70.9,70.9,61.7,62.2,57200
S91,20091016,67.1,67.1,60,66.3,80700
S91,20091015,62.8,62.8,62.8,62.8,9400
S91,20091014,58.7,58.7,58.7,58.7,4400
S91,20091013,54.9,54.9,54.9,54.9,16800
S91,20091012,51.4,51.4,51.4,51.4,10600
S91,20091009,48.1,48.1,48.1,48.1,3600
S91,20091008,45,45,45,45,43500
S91,20091007,42.1,42.1,42.1,42.1,6500
S91,20091006,39.4,39.4,39.4,39.4,6400
S91,20091005,36.9,36.9,36.9,36.9,8400
S91,20091002,36.4,36.4,32,34.5,88600
S91,20091001,34.1,34.1,34.1,34.1,50400
S91,20090930,31.9,31.9,31.9,31.9,5100
S91,20090929,29.9,29.9,29.9,29.9,1800
S91,20090928,28,28,27.8,28,12100
S91,20090925,25.5,27,25.5,26.2,36000
S91,20090924,28.2,28.2,24.7,25.3,42300
S91,20090923,26.6,26.6,26,26.5,64100
S91,20090922,24.9,24.9,24.9,24.9,3500
S91,20090921,23,23.8,23,23.3,700
S91,20090918,22.6,22.6,21.5,22.3,52700
S91,20090917,21.4,21.4,20,21.2,92500
S91,20090916,20,20,20,20,24900
S91,20090915,18.7,18.7,18.7,18.7,20600
S91,20090914,17.5,17.5,17.5,17.5,12500
S91,20090911,16,16.5,16,16.4,34300
S91,20090910,15.2,15.7,15,15.5,17900
S91,20090909,15.6,15.7,15,15.2,15100
S91,20090908,14,14.7,14,14.7,12000
S91,20090907,13.2,14,13.2,13.8,6600
S91,20090904,14.9,14.9,13.9,14.1,8000
S91,20090903,14.9,14.9,14.9,14.9,1000
S91,20090901,16,16,15,15.3,6700
S91,20090831,15,15.3,15,15.2,29300
S91,20090828,14.4,14.4,14,14.3,10500
S91,20090827,13.6,13.6,13.6,13.6,3700
S91,20090826,13.5,13.7,13.5,13.5,2100
S91,20090825,13.5,13.6,13.2,13.5,6600
S91,20090824,14.3,14.3,13.6,14,1500
S91,20090821,14.3,14.8,14.1,14.3,10300
S91,20090820,13.4,14,13.4,14,2100
S91,20090819,13.9,13.9,13.6,13.8,1000
S91,20090818,13.5,13.9,13.4,13.5,5900
S91,20090817,13.4,13.6,13.4,13.5,800
S91,20090814,14.6,14.6,14.4,14.4,2700
S91,20090813,15.2,15.2,14.5,14.6,8100
S91,20090812,14.7,14.7,14.4,14.5,8000
S91,20090811,13.4,14.5,13.4,14.4,28700
S91,20090810,13.9,13.9,13.2,13.6,9300
S91,20090807,13.2,13.3,12.9,13.1,1100
S91,20090806,12.9,13.4,12.6,12.9,3400
S91,20090804,13,13,13,13,600
S91,20090803,12.4,12.4,12.4,12.4,400
S91,20090731,13.1,13.3,13.1,13.2,7300
S91,20090730,12.4,12.6,11.8,12.4,3100
S91,20090729,11.8,11.8,11.8,11.8,500
S91,20090728,13.1,13.1,12.4,12.5,3200
S91,20090727,12.5,14.1,12.5,13.1,1600
S91,20090724,13.3,13.3,12.9,13.2,3000
S91,20090723,12.4,12.4,12.2,12.4,4000
S91,20090722,11.7,11.7,11.7,11.7,1400
S91,20090721,11.6,11.7,11.6,11.7,1100
S91,20090720,11.5,11.5,11.5,11.5,7000
S91,20090716,12.6,12.6,12.4,12.4,3200
S91,20090715,13.3,13.3,13.3,13.3,100
S91,20090714,12.5,12.5,12.5,12.5,500
S91,20090709,13.3,13.3,13,13.3,2100
S91,20090708,13,13.1,12.9,13,5000
S91,20090707,13.4,13.4,13.4,13.4,600
S91,20090706,12.6,13.5,12.6,13.3,1900
S91,20090703,11.9,12.8,11.9,12.6,3000
S91,20090702,11.9,12.2,11.9,12,1300
S91,20090701,12.2,12.4,12.2,12.2,4300
S91,20090630,13.2,13.2,12.9,13.1,5400
S91,20090629,13.8,13.9,13.7,13.8,2000
S91,20090626,13.5,13.9,13.5,13.8,1600
S91,20090625,15.6,15.6,14.2,14.5,2200
S91,20090624,14.8,15.3,14.7,15.1,3400
S91,20090623,14.3,14.3,14.3,14.3,4200
S91,20090622,15.4,15.4,15.2,15.4,2500
S91,20090619,15.7,15.9,14.9,15.3,6800
S91,20090618,15.4,15.4,14.9,15.3,9600
S91,20090617,14.9,14.9,14.4,14.9,1100
S91,20090615,15.4,15.4,15.2,15.3,3900
S91,20090612,16,16.9,15.7,16.3,24800
S91,20090611,15.1,16.3,15.1,16,16200
S91,20090610,16.8,16.8,15.6,16.2,2300
S91,20090609,17.6,17.6,16.2,16.8,12500
S91,20090608,16.5,16.5,16.4,16.5,9000
S91,20090605,14.6,15.4,14.6,15.4,30000
S91,20090604,14.3,14.8,14.3,14.4,9900
S91,20090603,14,14.4,14,14.3,4000
S91,20090602,14.5,14.5,14.2,14.5,25200
S91,20090601,13.5,13.8,13.5,13.6,1300
S91,20090529,13.3,13.3,12.9,12.9,1500
S91,20090528,13.2,13.2,13,13.1,9200
S91,20090527,15.8,15.8,13.9,14,10200
S91,20090526,15.9,15.9,14,14.9,9900
S91,20090525,14.8,15.1,14.7,15,10100
S91,20090522,14.4,14.4,13.5,14.1,26800
S91,20090521,13.6,13.6,13.1,13.5,10100
S91,20090520,12.5,13.2,12.5,12.7,8000
S91,20090519,13.2,13.2,12.3,12.5,19200
S91,20090518,12.3,12.4,12.2,12.3,4400
S91,20090515,11.4,11.7,11.4,11.7,12000
S91,20090514,11.4,11.4,10.9,10.9,1200
S91,20090513,10.8,10.8,10.8,10.8,2900
S91,20090512,10.6,11.8,10.6,11.4,5600
S91,20090511,11.4,11.4,11.2,11.4,4200
S91,20090508,11.9,12.8,11.9,12,12000
S91,20090506,13.1,13.1,12.2,12.8,2800
S91,20090505,13.2,13.2,12.7,13.1,19300
S91,20090504,12.3,12.3,12.1,12.3,34800
S91,20090429,11.4,11.9,11.4,11.5,1000
S91,20090428,11.4,11.4,11.4,11.4,100
S91,20090427,11.4,11.4,11.4,11.4,500
S91,20090424,11.8,11.9,11.7,11.8,4300
S91,20090423,11.4,11.4,10.9,11.1,3500
S91,20090422,10.9,10.9,10.9,10.9,900
S91,20090421,10,10.4,10,10.2,6600
S91,20090420,10.5,10.9,10.5,10.7,4500
S91,20090417,11.8,11.8,11.2,11.3,4800
S91,20090416,12.8,12.8,11.4,12,2500
S91,20090415,12.4,12.4,11.7,12,7200
S91,20090414,12.5,12.5,11.4,12.5,18700
S91,20090413,11.7,11.7,11.7,11.7,400
S91,20090410,10.9,10.9,10.9,10.9,6200
S91,20090409,10.2,10.3,10.2,10.2,2700
S91,20090408,10.3,10.3,10.2,10.3,1500
S91,20090407,10.3,10.8,10.3,10.7,8400
S91,20090403,9.6,10.3,9.6,10.1,9700
S91,20090402,10.2,10.2,9.4,9.6,2500
S91,20090401,9.6,10,9.4,9.6,600
S91,20090331,9.6,9.8,9.6,9.7,700
S91,20090330,9.4,9.4,9.4,9.4,300
S91,20090327,9.7,9.8,9.6,9.6,3200
S91,20090326,9.7,9.9,9.4,9.6,4100
S91,20090325,9.9,9.9,9.6,9.6,4500
S91,20090324,9.6,10.1,9.2,9.5,4700
S91,20090323,9,9.4,9,9.4,2900
S91,20090320,8.8,10.1,8.7,9.6,4200
S91,20090319,9.6,9.9,8.7,9.4,1700
S91,20090318,8.8,9.4,8.8,9.3,6600
S91,20090317,8.8,8.8,8.7,8.8,600
S91,20090316,8.8,8.8,8.8,8.8,400
S91,20090313,9.4,9.4,9.2,9.3,1500
S91,20090311,9.2,9.2,9.2,9.2,700
S91,20090310,8.6,8.6,8.6,8.6,1300
S91,20090309,8.5,8.5,8.5,8.5,1200
S91,20090303,8.4,8.4,8.4,8.4,1000
S91,20090302,8.4,8.4,8.4,8.4,200
S91,20090226,8.1,8.1,8.1,8.1,300
S91,20090225,7.9,8.1,7.9,8,1600
S91,20090224,7.6,7.6,7.6,7.6,300
S91,20090223,8,8,8,8,800
S91,20090220,8.4,9.2,8.4,8.5,1300
S91,20090219,9.3,9.3,8.7,9,200
S91,20090218,8.4,9.1,8.4,8.7,600
S91,20090216,9.4,9.4,8.6,9,200
S91,20090213,8.9,9.3,8.8,9,4300
S91,20090210,8.8,9.1,8.6,8.7,2200
S91,20090209,9.2,9.2,9.1,9.2,600
S91,20090206,8.4,8.7,8.4,8.6,200
S91,20090205,8.4,8.4,8.4,8.4,700
S91,20090204,9.2,9.2,8.9,8.9,1200
S91,20090203,9.2,9.2,9.2,9.2,300
S91,20090202,8.8,8.8,8.7,8.7,2700
S91,20090123,9.6,9.6,9.4,9.4,800
S91,20090116,9.6,9.6,9.6,9.6,300
S91,20090114,10.3,10.3,10.3,10.3,100
S91,20090113,10.3,10.3,9.9,10,800
S91,20090112,9.9,10.1,9.9,10.1,2400
S91,20090109,10,10,10,10,100
S91,20090108,10,10.2,9.2,9.5,4700
S91,20090107,9.9,9.9,9.9,9.9,400
S91,20090106,10.2,10.2,9.2,9.3,6100
S91,20090105,10.7,10.7,9.6,9.7,4200
S91,20090102,10.3,10.3,10.3,10.3,100
S91,20081231,10.9,10.9,9.9,10,1000
S91,20081230,10.5,10.5,10.3,10.3,1100
S91,20081229,10.1,10.1,10.1,10.1,100
S91,20081226,9.7,9.7,9.3,9.4,1100
S91,20081225,9.5,9.5,9.5,9.5,100
S91,20081224,9.1,9.7,9.1,9.3,2000
S91,20081223,10.6,10.6,9.3,9.7,300
S91,20081222,9.4,10.5,9.4,10,1300
S91,20081219,10.2,10.2,9.5,9.8,2700
S91,20081218,10.3,10.3,9.9,10,800
S91,20081217,10.8,10.8,9.4,10,1700
S91,20081215,10.1,10.2,10.1,10.1,900
S91,20081212,9.9,9.9,9.4,9.5,1200
S91,20081211,8.9,9.5,8.9,9.3,300
S91,20081210,9.6,9.6,9.6,9.6,3500
S91,20081209,10.3,10.4,10.3,10.3,600
S91,20081208,10.4,10.4,10.4,10.4,1000
S91,20081205,10.6,10.9,10.6,10.8,2100
S91,20081204,10.9,11.5,10.9,11,700
S91,20081202,11.4,11.4,11.4,11.4,100
S91,20081201,11.2,11.2,11.2,11.2,500
S91,20081128,11.2,11.3,10.9,11.2,8300
S91,20081126,11.4,11.4,10.5,10.6,2000
S91,20081125,10.5,10.8,10.5,10.7,1900
S91,20081124,10.5,10.5,10.4,10.4,2700
S91,20081124,10.5,10.5,10.4,10.4,2700
S91,20081121,10.4,10.4,10.4,10.4,1000
S91,20081120,10.9,11.2,10.9,11.1,400
S91,20081119,11.6,11.8,11.4,11.6,5300
S91,20081118,11.2,11.4,11.2,11.3,1800
S91,20081117,12.3,12.3,11.8,11.9,400
S91,20081114,12.8,12.8,11.7,12.3,1300
S91,20081113,11.9,12.4,11.1,12.1,9200
S91,20081112,12.1,12.1,11.9,11.9,2400
S91,20081111,11.5,11.9,11.5,11.6,11700
S91,20081110,12.4,12.4,12.4,12.4,100
S91,20081107,12.1,12.3,12,12.1,6200
S91,20081106,12.7,13.4,12.7,12.9,3100
S91,20081105,13.7,13.7,13.4,13.7,8800
S91,20081104,11.5,13.3,11.5,12.8,8500
S91,20081103,12.4,12.5,12.4,12.4,12500
S91,20081031,13.4,13.4,12.9,13.3,4500
S91,20081030,12.1,13.5,12.1,12.5,9500
S91,20081029,12.9,12.9,12.1,12.6,9600
S91,20081028,12.1,12.1,12.1,12.1,3400
S91,20081027,13,13,13,13,2700
S91,20081024,14,14,14,14,3700
S91,20081023,15.1,15.1,15,15,3300
S91,20081022,15,16.3,15,16.1,600
S91,20081021,15.4,16.6,14.7,15.6,3100
S91,20081020,15.6,15.6,15.6,15.6,3100
S91,20081017,16.7,18.2,16.7,16.8,3100
S91,20081016,18,18,18,18,100
S91,20081015,19,19,16.6,17.7,8600
S91,20081014,17.8,17.8,17.8,17.8,5300
S91,20081013,16.6,16.6,16.6,16.6,100
S91,20081010,14.3,16.5,14.3,15.6,14800
S91,20081009,13.9,15.5,13.9,15.4,6200
S91,20081008,14.5,14.7,14.5,14.6,4500
S91,20081007,15.9,15.9,15.5,15.6,11700
S91,20081006,17.4,17.4,16.4,16.7,7600
S91,20081003,17.4,18.5,17.3,17.5,12900
S91,20081002,17.4,17.4,17.2,17.3,3800
S91,20081001,16.5,16.5,15.9,16.3,6300
S91,20080930,16.9,16.9,16.9,16.9,4200
S91,20080929,17.7,18.9,17.7,18.2,2700
S91,20080926,19.4,19.4,18.4,18.9,7100
S91,20080925,18.4,18.4,16.5,18.1,2900
S91,20080924,18.2,18.4,16.9,17.2,4400
S91,20080923,19.5,19.5,16.9,18.2,6300
S91,20080922,18.2,18.2,18.2,18.2,100
S91,20080919,17.8,17.8,15.4,17,7900
S91,20080918,16.6,16.6,16.6,16.6,200
S91,20080917,17.8,17.8,17.8,17.8,4300
S91,20080916,21.5,21.5,18.7,19.1,2100
S91,20080915,19.8,22.6,19.8,20.1,12800
S91,20080912,21.3,21.3,21.3,21.3,300
S91,20080911,22.9,22.9,22.9,22.9,2400
S91,20080910,26.2,26.2,24.1,24.6,14000
S91,20080909,26.4,26.5,24.4,25.9,21900
S91,20080908,26.4,26.4,24,24.8,10400
S91,20080905,26.4,26.4,24.4,25.8,12600
S91,20080904,25.2,25.2,22,24.7,33800
S91,20080903,23.6,23.6,23.6,23.6,300
S91,20080829,20.7,23.9,20.7,22.1,34200
S91,20080828,24.3,24.3,21.1,22.3,9800
S91,20080827,22.7,22.7,22.7,22.7,15500
S91,20080826,21.2,21.2,21.2,21.2,1200
S91,20080825,19.8,19.8,19.8,19.8,3100
S91,20080822,18.5,18.6,18.1,18.5,30400
S91,20080821,16.4,17.8,16.4,17.4,4000
S91,20080820,16.4,17.4,16.4,16.6,17100
S91,20080819,18.3,18.3,17.4,17.6,7700
S91,20080818,18.3,18.4,17.5,18.3,16600
S91,20080815,17.2,17.2,17.2,17.2,1200
S91,20080814,16.3,16.7,16.3,16.6,10100
S91,20080813,16.2,16.2,16.1,16.1,3700
S91,20080812,15.8,15.8,15.8,15.8,4500
S91,20080811,15.2,15.2,15.2,15.2,1000
S91,20080808,14.7,14.7,14.2,14.6,2000
S91,20080807,13.9,14.4,13.9,14.2,9400
S91,20080806,13.5,14.5,13.5,13.9,10100
S91,20080805,14,14,14,14,300
S91,20080804,14.6,14.6,14.6,14.6,300
S91,20080801,15.2,15.3,15.2,15.2,4600
S91,20080731,15.7,16.1,15.7,15.8,4900
S91,20080730,17.4,17.4,16.2,16.3,4700
S91,20080729,16.8,16.8,16.4,16.8,12900
S91,20080728,15.9,16.9,15.9,16.2,15800
S91,20080725,16.5,16.5,16.5,16.5,1500
S91,20080724,17.1,18.3,17.1,17.2,15800
S91,20080723,17.8,17.8,17.8,17.8,1300
S91,20080722,18.5,18.5,18.5,18.5,1900
S91,20080721,19.2,19.2,19.2,19.2,100
S91,20080718,20.4,20.4,18.8,20,33300
S91,20080717,19.6,19.6,19.6,19.6,1500
S91,20080716,19.3,19.3,18,18.9,24100
S91,20080715,18.6,18.6,18.6,18.6,2200
S91,20080714,17.9,17.9,17.9,17.9,3100
S91,20080711,17.2,17.2,17.2,17.2,900
S91,20080710,16.6,16.6,16.6,16.6,800
S91,20080709,15.9,16,15.9,16,9100
S91,20080708,15,16.2,15,15.4,24400
S91,20080707,16.2,16.2,15,15.6,23700
S91,20080704,15.6,15.6,15.6,15.6,1400
S91,20080703,15,15,15,15,400
S91,20080702,14.4,14.4,13.5,14.4,20900
S91,20080701,13.9,13.9,13.9,13.9,1500
S91,20080630,12.9,13.4,12.9,13.4,3300
S91,20080627,13,13.2,12.3,12.9,8600
S91,20080626,12.9,12.9,12,12.7,17800
S91,20080625,12.4,12.4,12.4,12.4,4000
S91,20080624,11.9,11.9,11.9,11.9,300
S91,20080623,11.5,11.5,11.5,11.5,3900
S91,20080620,11.1,11.1,11.1,11.1,7200
S91,20080619,11.5,11.7,11.5,11.5,5200
S91,20080618,12.3,12.3,11.7,12,21100
S91,20080617,12,12,12,12,100
S91,20080613,11.7,11.7,11.7,11.7,2800
S91,20080612,11.4,11.4,11.2,11.4,10400
S91,20080611,11.1,11.1,11.1,11.1,100
S91,20080610,10.4,11,10.4,10.8,5300
S91,20080609,10.7,10.7,10.7,10.7,3100
S91,20080606,11,11,11,11,3200
S91,20080605,11.8,11.8,11.2,11.3,1300
S91,20080604,11.5,11.5,11.5,11.5,200
S91,20080603,11.8,11.8,11.8,11.8,200
S91,20080602,12.1,12.1,12.1,12.1,200
S91,20080530,12.4,12.4,12.4,12.4,1500
S91,20080529,12.8,12.8,12.8,12.8,1900
S91,20080528,13.2,13.2,13.2,13.2,3600
S91,20080526,13.6,13.6,13.6,13.6,100
S91,20080522,14.4,14.4,14.4,14.4,1100
S91,20080521,14.8,14.8,14.8,14.8,400
S91,20080520,15.2,15.2,15.2,15.2,100
S91,20080519,15.8,15.8,15.4,15.6,800
S91,20080516,15.6,16.6,15.6,15.8,6800
S91,20080515,16.1,16.1,16.1,16.1,100
S91,20080514,16.6,16.6,16.6,16.6,100
S91,20080513,17.1,17.1,17.1,17.1,900
S91,20080512,17.6,17.6,17.6,17.6,500
S91,20080508,18.2,18.2,18.2,18.2,1300
S91,20080507,18.8,18.8,18.8,18.8,200
S91,20080506,19.4,19.4,19.4,19.4,500
S91,20080505,20,20.6,20,20,3200
S91,20080429,20.6,20.8,20.6,20.6,7800
S91,20080428,21.3,21.5,21,21.3,5900
S91,20080425,20.8,21,20.8,20.9,1000
S91,20080424,20.5,20.8,20.5,20.6,3100
S91,20080423,21.2,21.2,21.2,21.2,2300
S91,20080422,21.9,21.9,21.9,21.9,5800
S91,20080421,22.6,22.6,22.6,22.6,5300
S91,20080418,24.5,24.5,23.1,23.3,7200
S91,20080417,23.5,24.9,23.5,23.8,15100
S91,20080416,24.2,24.2,24.2,24.2,1200
S91,20080411,25,25,25,25,3200
S91,20080410,25.8,25.8,25.8,25.8,1000
S91,20080409,28,28,26.4,26.6,7100
S91,20080408,27.7,27.7,26.1,27.2,17100
S91,20080407,26.9,26.9,26.9,26.9,200
S91,20080404,26.1,26.1,26.1,26.1,100
S91,20080402,25.6,25.6,25.6,25.6,100
S91,20080401,25.1,25.1,25.1,25.1,100
S91,20080331,24.6,24.6,24.6,24.6,100
S91,20080328,24.1,24.1,24.1,24.1,200
S91,20080327,23.6,23.6,23.6,23.6,100
S91,20080326,22.3,24.3,22.3,23.1,8100
S91,20080325,22.1,22.1,22,22,11000
S91,20080324,24.6,24.8,24.6,24.6,8800
S91,20080321,27.3,28.8,27.3,27.5,13100
S91,20080320,30.9,31.8,30,30.5,8800
S91,20080319,31.8,34.7,29.5,33.5,9000
S91,20080318,31.1,32,31.1,31.4,8300
S91,20080317,35.9,35.9,33.4,34.7,7100
S91,20080314,36.8,37.8,36.8,37.3,3900
S91,20080313,37.8,38.4,35.9,37.1,14300
S91,20080312,34.8,37.8,33.8,35.6,16900
S91,20080311,34.8,34.8,34.3,34.5,17200
S91,20080310,39.2,39.2,35.5,38.3,34100
S91,20080307,35.5,35.5,35.5,35.5,5400
S91,20080306,32.1,32.1,32.1,32.1,400
S91,20080305,28.8,29.8,28.7,29,24500
S91,20080304,32.1,32.2,32.1,32.1,6100
S91,20080303,37.8,37.8,35.6,35.9,7800
S91,20080229,39.8,43.5,39.1,39.7,2600
S91,20080228,45.7,45.7,42.9,43.6,3500
S91,20080227,50.8,50.8,43.3,44.5,3000
S91,20080226,54.3,54.3,45.6,47.4,6300
S91,20080225,50.8,50.9,50.8,50.9,21200
S91,20080222,45.8,48.8,45.5,46.1,16200
S91,20080221,50.8,50.8,50.8,50.8,3800
S91,20080220,60.8,60.8,54.4,56.6,5000
S91,20080219,56.3,62.8,56.3,60.2,5800
S91,20080218,57.8,60.8,57.8,59.9,4400
S91,20080215,66.8,66.8,63.8,64.4,500
S91,20080214,67.8,68.3,65.9,67.3,2900
S91,20080213,64.9,68.3,64.9,66.8,3100
S91,20080212,67.6,68.8,66.8,67.8,2700
S91,20080201,72.8,73.8,67.8,70.8,15500
S91,20080131,78.8,78.8,65.8,74.1,7800
S91,20080130,71.9,71.9,71.8,71.9,12100
S91,20080129,63.2,67,63.2,65.2,3300
S91,20080128,62.8,63.8,62.8,63.2,7400
S91,20080125,71.3,71.3,62.8,66.7,3100
S91,20080124,65.8,67.8,62.8,65.3,16500
S91,20080123,67.8,67.8,59.8,62.3,3300
S91,20080122,65.8,67.8,64,65.8,3200
S91,20080121,70.8,70.8,67.8,69.5,3100
S91,20080118,69.2,70.8,66.3,69.4,13800
S91,20080117,68.3,68.3,63.8,65.6,9900
S91,20080116,61.8,61.9,61.8,61.9,5900
S91,20080115,56.9,57.3,55.8,56.1,9800
S91,20080114,67.8,67.8,61.2,62.2,7900
S91,20080111,68.3,72.8,67.8,68.2,7000
S91,20080110,69.9,69.9,65.6,67.8,3600
S91,20080109,75.7,75.7,71.8,72.9,4800
S91,20080108,72.8,73.9,72.8,73.5,2300
S91,20080107,77.8,77.8,70.9,71.6,1800
S91,20080104,78.8,78.8,74.8,76.6,7100
S91,20080103,81.8,81.8,80.8,81.4,2600
S91,20071228,76.1,83.8,76.1,82.6,4600
S91,20071227,80.9,82.8,80.9,81.1,1100
S91,20071226,84.8,84.8,84.8,84.8,1600
S91,20071225,83.8,83.8,82.6,82.9,1600
S91,20071224,81.9,84.8,81.9,83.7,5200
S91,20071221,85.8,85.8,81.8,81.7,1000
S91,20071220,81.8,82.3,81.3,81.7,1000
S91,20071219,85.7,87.3,83.8,86.4,8500
S91,20071218,71.4,82.8,71.4,80.5,3400
S91,20071217,78.8,80.8,78.8,79.5,4000
S91,20071214,82.8,83.8,80.8,81.8,2600
S91,20071213,81.3,83.8,80.8,81.6,2300
S91,20071212,83.3,85.9,83.3,84.2,10900
S91,20071211,82.8,83.3,82.4,83,9400
S91,20071210,85.8,85.8,82.8,84.9,2400
S91,20071207,87.8,90.8,87.8,89.3,14400
S91,20071206,87.8,89.7,86.8,88.1,15400
S91,20071205,90.6,90.6,83.8,87.9,15300
S91,20071204,88.4,91.3,88.3,90.6,20700
S91,20071203,82.3,85.8,82.3,83.5,10400
S91,20071130,82.8,82.8,80.8,81.5,3000
S91,20071129,80.9,81.8,80.9,81.4,10000
S91,20071128,79.7,80.6,78.8,79.8,9700
S91,20071127,80.8,80.8,77.8,79.2,8400
S91,20071126,77.8,79.8,76.8,78.3,5400
S91,20071123,79.8,81.8,74.9,78.4,5800
S91,20071122,75.8,79.3,75.8,77.8,7300
S91,20071121,74.8,77.8,74.8,75.7,4400
S91,20071120,81.7,81.7,78.8,79.6,7400
S91,20071119,81.8,81.8,80.8,81.6,4000
S91,20071116,77.8,78.8,76.4,78.2,4300
S91,20071115,79.8,86.3,77.8,79.4,9600
S91,20071114,71.9,80.1,71.9,79.7,10300
S91,20071113,80.3,80.4,72.2,72.7,18600
S91,20071112,83.3,83.8,75.8,80.4,10500
S91,20071109,82.8,86.8,81.6,82.5,19600
S91,20071108,93.8,93.8,88.8,90.8,7000
S91,20071107,93.8,95.8,91.3,94.2,23700
S91,20071106,88.8,90.8,87.8,88.7,33400
S91,20071105,91.8,91.8,87.8,88.9,9300
S91,20071102,105.8,106.3,92.8,97.6,21300
S91,20071101,85.8,97.4,85.8,96.5,27900
S91,20071031,82.5,89.8,82.5,88.4,36100
S91,20071030,92.8,94.8,90.6,91.9,38200
S91,20071029,118.8,119.7,97.7,100.8,36100
S91,20071026,113.1,113.1,97.8,108.7,52700
S91,20071025,102.7,102.7,102.7,102.7,17300
S91,20071024,89.8,97.1,88.8,93.2,74800
S91,20071023,95,95,81.8,88.1,33500
S91,20071022,88.8,88.8,80.7,86.2,51700
S91,20071019,69.6,85.4,69.6,82.3,58500
S91,20071018,77.5,77.5,77.5,77.5,7800
S91,20071017,94.7,95,77.4,86.3,36500
S91,20071016,86.2,86.2,86.2,86.2,26100
S91,20071015,78.2,78.2,77.8,78.2,15900
S91,20071012,71.6,71.6,68.8,70.9,53900
S91,20071011,65.2,65.2,61.8,64.9,34200
S91,20071010,53.8,61.8,53.8,59.1,10600
S91,20071009,63.8,65.8,56.5,59.4,7200
S91,20071008,64,64,58,63,36500
S91,20071005,57.8,60.2,54.8,58,31300
S91,20071004,52.7,57.5,51.8,54.6,25600
S91,20071003,53.1,53.4,49.8,52.3,14900
S91,20071002,50.1,50.1,46.3,49.2,21900
S91,20071001,45.4,45.4,45.4,45.4,9400
S91,20070928,40.3,42.8,40.3,41.1,11200
S91,20070927,41.8,41.8,40,42.3,2800
S91,20070926,44.3,44.3,40.3,42.3,1200
S91,20070925,38.8,40.8,37.8,40.4,14100
S91,20070924,38.7,38.8,36.8,37.8,7200
S91,20070921,38.8,38.8,36.4,37.6,2500
S91,20070920,39.8,39.8,37.8,38.9,4600
S91,20070919,37.8,38.3,36.8,37.8,6400
S91,20070918,36.8,37.3,36.3,35.8,6500
S91,20070917,35.8,35.8,35.8,35.8,2800
S91,20070914,37.8,37.8,34.6,35.8,6000
S91,20070913,39.3,39.3,35.8,38.6,31500
S91,20070912,35.5,35.6,35.5,35.6,9900
S91,20070911,31.8,32.5,31.8,32.2,4400
S91,20070910,28.5,31.3,28.5,29.4,1500
S91,20070907,28.8,28.8,27.8,28.3,2800
S91,20070906,28.8,28.8,28.7,28.7,1600
S91,20070905,28.8,28.8,28.8,28.8,700
S91,20070830,28,28,28,28,200
S91,20070824,28.8,28.8,28.8,28.8,1500
S91,20070822,30.3,30.3,30.3,30.3,200
S91,20070820,29.8,29.8,29.8,29.8,300
S91,20070816,30.8,30.8,30.2,30.5,200
S91,20070814,29.8,30.8,29.8,30.2,2400
S91,20070813,30.8,30.8,30.8,30.8,400
S91,20070809,33.6,33.6,33.6,33.6,100
S91,20070806,32.6,32.8,32.6,32.8,2000
S91,20070803,29.8,29.8,29.8,29.8,500
S91,20070802,31.8,31.8,30.8,31.5,300
S91,20070801,31.3,31.3,31.3,31.3,4700
S91,20070731,33.8,33.8,30.9,31.5,1000
S91,20070730,34.3,34.3,34.2,34.2,300
S91,20070726,34.3,34.3,34.3,34.3,1000
S91,20070725,32.9,33.8,32.9,33.2,700
S91,20070724,35.8,35.8,34.3,34.6,1500
S91,20070723,35.3,35.8,35.3,35.5,2300
S91,20070720,35.8,35.8,35.8,35.8,600
S91,20070718,35,35,35,35,2300
S91,20070717,32.5,36.8,32.5,35,700
S91,20070716,36.3,36.3,36.3,36.3,200
S91,20070713,36.8,36.8,36.8,36.8,500
S91,20070712,37.8,37.8,37.3,37.5,1200
S91,20070711,36.4,36.4,35.8,36.3,1600
S91,20070710,32.9,32.9,32.9,32.9,200
S91,20070709,36.8,36.8,36.8,36.8,100
S91,20070706,34.8,34.8,34.8,34.8,500
S91,20070705,36.8,37.3,36.8,37.2,1500
S91,20070704,38.5,38.5,37.8,38,700
S91,20070629,34.8,34.8,34.8,34.8,200
S91,20070628,37.3,37.3,37.3,38.3,300
S91,20070627,38.4,38.4,38.4,38.4,1200
S91,20070626,38.8,38.8,38.3,38.4,3100
S91,20070625,37.8,38.8,37.8,38.3,2800
S91,20070622,37.8,38.8,37.8,38.2,3200
S91,20070621,37.8,39.7,37.8,39,1100
S91,20070620,40.8,40.8,38.8,40.1,2400
S91,20070619,41.3,41.3,40.3,40.8,800
S91,20070618,40.8,40.8,40.8,40.8,1000
S91,20070615,44.8,44.8,41.3,41.9,1100
S91,20070614,41.8,42.8,41.8,42.7,2100
S91,20070613,42.8,42.8,41.3,41.9,1700
S91,20070612,42.8,42.8,41.8,42.3,600
S91,20070611,41.8,41.8,41.6,41.8,3000
S91,20070608,44.3,44.3,44.3,44.3,100
S91,20070607,46.8,46.9,46.8,46.8,2000
S91,20070606,44.8,44.8,44.8,44.8,2500
S91,20070605,42.8,42.9,42.8,42.8,4100
S91,20070604,46.8,46.8,46.3,46.6,800
S91,20070601,47.3,48.3,46.3,46.6,4800
S91,20070531,47.6,47.8,47.3,47.7,1900
S91,20070530,47.8,47.8,46.8,47.5,1100
S91,20070529,48,48,46.1,47.5,6700
S91,20070528,47.8,49.4,46.8,47.9,15700
S91,20070525,43.8,47.8,42.8,44.8,12000
S91,20070524,50.8,50.8,46.6,47.8,2800
S91,20070523,52,52,51.8,52,12900
S91,20070522,47.1,47.1,47.1,47.1,1400
S91,20070521,41.3,43.5,41.3,42.7,10300
S91,20070518,37.8,39.8,37.8,39.4,5800
S91,20070517,37.8,37.8,37.8,37.8,200
S91,20070516,38.8,38.8,37.8,37.8,2200
S91,20070515,39.8,39.8,37.8,38.2,3300
S91,20070514,38.8,38.8,38.8,38.8,1300
S91,20070511,37.3,37.8,37.3,37.4,1300
S91,20070510,39.3,39.3,36.9,37.7,300
S91,20070509,38.8,39.8,38.8,39,6100
S91,20070508,40.8,40.8,38.1,38.7,3000
S91,20070507,36.8,39.3,35.8,38.1,3800
S91,20070504,36.8,36.8,36.8,36.8,100
S91,20070503,37.8,39,37.8,38.1,2800
S91,20070502,42.2,42.2,35.8,37.9,1500
S91,20070425,37.3,39.6,33.8,38.2,6700
S91,20070424,35.2,36.8,34.9,35.8,6600
S91,20070423,39,39.3,37.8,38.8,2400
S91,20070420,43.8,43.8,39.8,41.9,3400
S91,20070419,43.8,46.8,41.8,43.8,4900
S91,20070418,36.3,44.7,36.3,42.4,4800
S91,20070417,40.5,40.5,40.5,40.5,1300
S91,20070416,47.8,47.8,42.8,45.2,1300
S91,20070413,47.8,47.8,46.5,47.2,2000
S91,20070412,53.7,53.7,49.8,51.9,1700
S91,20070411,53.8,53.8,53.8,53.8,400
S91,20070410,55.8,55.8,52.8,54.5,3900
S91,20070409,54.7,54.7,54.7,54.7,500
S91,20070406,56.8,57.8,54.3,54.7,4900
S91,20070405,58.8,60.8,54.8,57.4,5900
S91,20070404,56.9,58.8,56.9,57.7,6300
S91,20070403,59.8,59.8,56.8,56.9,3100
S91,20070402,63.8,65.8,57.8,62.8,9300
S91,20070330,62.4,62.4,62.4,62.4,17600
S91,20070329,56.6,56.6,56.6,56.6,7400
S91,20070328,47.2,58,47.2,51.3,8500
S91,20070327,55.3,55.3,52.2,52.6,3700
S91,20070326,57.8,60.3,56.9,58.2,3800
S91,20070323,63.8,65.8,61,63.3,11500
S91,20070322,72.8,75.8,64.1,68,6600
S91,20070321,75.6,75.6,68.3,71.4,10700
S91,20070320,68.6,68.6,68.6,68.6,14500
S91,20070319,62.2,62.2,62.2,62.2,4800
S91,20070319,62.2,62.2,62.2,62.2,4800
S91,20070316,54,66.4,54,56.4,27500
S91,20070315,60.2,60.2,60.2,60.2,5300
S91,20070314,67.1,67.1,67.1,67.1,2500
S91,20070313,76.4,76.4,76.4,76.4,4200
S91,20070312,85.1,85.1,85.1,85.1,9900
S91,20070309,98.6,98.6,89.5,94.8,16300
S91,20070308,89.5,89.5,89.5,89.5,16200
S91,20070307,81.2,81.2,81.2,81.2,19000
S91,20070306,73.7,73.7,73.7,73.7,22800
