<Ticker>,<DTYYYYMMDD>,<Open>,<High>,<Low>,<Close>,<Volume>
SAP,20100729,16.8,17.4,15.9,16.6,13800
SAP,20100728,17.1,17.1,16,16.6,6200
SAP,20100727,16.5,17.3,15.9,16,39700
SAP,20100726,17.5,17.5,17,17.1,3500
SAP,20100723,18.5,19,17.9,18.3,31200
SAP,20100722,17.3,18.3,17.3,18.2,63400
SAP,20100721,17.2,17.3,16.3,17.1,59200
SAP,20100720,16.4,16.5,16,16.2,13700
SAP,20100719,17.2,17.2,16,16.2,40100
SAP,20100716,16.1,16.6,15.5,16.1,11900
SAP,20100715,15.5,15.8,15.5,15.5,21300
SAP,20100714,17.5,17.5,16,16.7,16900
SAP,20100713,17.4,17.4,16.5,16.7,1100
SAP,20100712,16.7,16.7,16.7,16.7,2300
SAP,20100709,18.9,18.9,16.8,17.9,16900
SAP,20100708,19,19,16.7,18,10300
SAP,20100707,17.2,18.1,16.2,17.8,16700
SAP,20100706,16.8,17,16.5,16.9,7500
SAP,20100705,15.9,15.9,15.9,15.9,2100
SAP,20100702,16.8,16.8,16.8,16.8,3100
SAP,20100701,18,18,17.9,18,1100
SAP,20100630,16.2,17.3,16.2,17.2,36100
SAP,20100629,15.7,16.2,15.7,16.2,20100
SAP,20100628,13.8,15.6,13.8,15.2,10200
SAP,20100625,14.5,14.7,14.5,14.6,1000
SAP,20100624,14.7,16.3,14.7,15,2600
SAP,20100623,15.3,15.5,14.4,15.3,6500
SAP,20100622,16.9,16.9,14.8,15.5,7300
SAP,20100621,15.8,16,15.6,15.9,7700
SAP,20100618,15.2,15.2,14.5,15,10700
SAP,20100617,13.8,15.1,13.6,14.2,11500
SAP,20100616,14.8,14.8,13.1,14.1,2100
SAP,20100615,13.8,13.8,13.8,13.8,2700
SAP,20100614,12.9,12.9,12.9,12.9,100
SAP,20100611,14,14,13.4,13.9,12600
SAP,20100610,13.1,13.1,13.1,13.1,100
SAP,20100609,12.8,13.9,12.8,13.8,3400
SAP,20100608,12.7,13.1,12.7,13,600
SAP,20100607,13.8,13.8,13.5,13.6,2500
SAP,20100604,15.8,15.8,14.4,14.5,2400
SAP,20100603,14.8,14.8,14.8,14.8,1100
SAP,20100602,13.8,13.8,13.8,13.8,7600
SAP,20100601,14.1,15.5,14.1,14.8,200
SAP,20100531,15.2,15.2,14.5,15,300
SAP,20100528,15.5,15.9,15.5,15.6,1300
SAP,20100527,15.1,15.1,15.1,15.1,6100
SAP,20100525,16.3,16.3,15.2,16.2,1400
SAP,20100521,16.3,16.3,16.3,16.3,100
SAP,20100520,16.5,16.5,16.5,16.5,800
SAP,20100519,16.9,16.9,14.7,15.6,2100
SAP,20100518,16,16,15.7,15.8,400
SAP,20100517,15,15,15,15,1000
SAP,20100514,14.8,17,14.8,15.1,10100
SAP,20100513,15.9,16,15.9,15.9,1800
SAP,20100512,17.1,17.1,17.1,17.1,2100
SAP,20100511,18.4,18.4,18.4,18.4,14000
SAP,20100510,20,20,18.5,19.8,7000
SAP,20100507,18.8,18.8,17.7,18.7,43600
SAP,20100506,17.5,17.6,17.5,17.6,9500
SAP,20100505,16.6,16.6,16.3,16.5,20000
SAP,20100504,15.5,15.5,15.5,15.5,9400
SAP,20100429,14.5,14.5,14.5,14.5,6300
SAP,20100428,12,13.7,12,13.6,2800
SAP,20100427,12.8,12.8,12.8,12.8,2400
SAP,20100426,13.8,13.8,13.8,13.8,1100
SAP,20100422,14.8,14.8,14.7,14.8,7300
SAP,20100421,13.8,14,13.6,13.8,4500
SAP,20100420,12.5,13.4,12.5,13.1,4100
SAP,20100419,12.5,12.7,12,12.5,7000
SAP,20100416,12,12,12,12,1100
SAP,20100415,11.3,11.5,11.3,11.3,1300
SAP,20100412,11.3,11.3,11.3,11.3,400
SAP,20100409,11.6,11.9,11.6,11.8,400
SAP,20100408,11.5,11.5,10.5,11.3,500
SAP,20100407,10.8,10.8,10.8,10.8,1100
SAP,20100406,11,11,10.6,10.8,1900
SAP,20100405,10.8,11.4,10.8,11.4,4000
SAP,20100402,10.7,10.7,10.7,10.7,200
SAP,20100401,11.5,11.5,11.5,11.5,500
SAP,20100331,11,11,11,11,200
SAP,20100330,11,11,11,11,2300
SAP,20100324,11.7,11.7,11.7,11.7,800
SAP,20100322,11.4,11.4,11.4,11.4,200
SAP,20100319,11.5,11.6,10.9,11.4,500
SAP,20100318,11.6,11.6,11.6,11.6,100
SAP,20100317,11,11.2,11,11.1,1100
SAP,20100316,11.8,11.8,11.8,11.8,100
SAP,20100315,11.4,12.2,11.4,11.9,300
SAP,20100312,11,11.5,11,11.4,3700
SAP,20100311,10.7,10.8,10.7,10.7,2700
SAP,20100308,11.5,11.5,11,11.5,2800
SAP,20100305,10.7,10.9,10.7,10.8,2400
SAP,20100304,10.5,10.5,10.3,10.4,2000
SAP,20100303,10.5,10.5,10.5,10.5,700
SAP,20100302,10.5,10.5,10.3,10.4,9400
SAP,20100301,10.1,10.2,10.1,10.1,2400
SAP,20100226,10.2,10.2,9.7,9.9,300
SAP,20100225,10.1,10.1,10.1,10.1,400
SAP,20100210,10.6,10.6,9.8,10.1,300
SAP,20100205,9.6,10.3,9.6,9.9,700
SAP,20100204,10,10,9.5,9.6,400
SAP,20100203,9.9,9.9,9.9,9.9,100
SAP,20100129,10,10,9.7,9.8,600
SAP,20100128,10.5,10.5,10.5,10.5,100
SAP,20100127,11,11,11,11,11700
SAP,20100126,10.7,11.5,10.7,11,800
SAP,20100125,11.4,11.4,10.6,10.7,2100
SAP,20100122,11,11,11,11,100
SAP,20100119,11.5,11.5,11.5,11.5,200
SAP,20100118,11.6,11.6,10.7,10.9,400
SAP,20100115,11.4,11.4,10.8,11.1,200
SAP,20100114,12,12,10.5,10.8,2800
SAP,20100113,11.3,11.3,11.3,11.3,100
SAP,20100112,12.1,12.1,12.1,12.1,1000
SAP,20100111,12.9,12.9,12.9,12.9,100
SAP,20100108,11.9,12.8,11.9,12.5,3800
SAP,20100107,12,12,11.5,11.9,1200
SAP,20100106,12.3,12.3,12.3,12.3,100
SAP,20100105,14,14,12.5,13.3,2800
SAP,20100104,13,13.2,13,13.1,1500
SAP,20091231,12.1,12.5,12.1,12.3,1100
SAP,20091228,13,13,11.7,12.1,400
SAP,20091225,11.5,13.2,11.5,12.6,1700
SAP,20091224,12.3,13.1,11.8,12.4,300
SAP,20091222,13,13,12,12.3,700
SAP,20091221,12.1,12.1,12.1,12.1,1000
SAP,20091218,11.3,11.5,11.3,11.3,62100
SAP,20091217,10.5,11.3,10.5,10.9,1500
SAP,20091216,11.1,11.1,9.8,10.5,1200
SAP,20091215,9.5,10.9,9.5,10.4,400
SAP,20091211,10.5,10.5,10.2,10.2,2300
SAP,20091210,11,11,11,11,500
SAP,20091209,11,11.2,11,11.1,1300
SAP,20091208,11.9,11.9,11.9,11.9,100
SAP,20091207,12.7,12.7,12.7,12.7,100
SAP,20091203,13.7,13.7,13.7,13.7,300
SAP,20091202,13,13,13,13,500
SAP,20091201,13,13,13,13,1600
SAP,20091130,11.6,12.5,11.6,12.1,4100
SAP,20091127,11.8,12.7,11.8,12.5,1400
SAP,20091126,12.8,12.8,12.7,12.7,3400
SAP,20091125,13.7,13.7,13.7,13.7,1000
SAP,20091123,14.5,15,14.5,14.8,3600
SAP,20091120,15,15,14.4,14.5,12100
SAP,20091119,16,16,15.3,15.5,2600
SAP,20091118,16.5,16.5,16.3,16.5,400
SAP,20091116,17.5,17.5,17.5,17.5,100
SAP,20091113,17,17.1,17,17.1,6500
SAP,20091112,16,16,16,16,5300
SAP,20091111,14,16,14,14.9,900
SAP,20091110,15,15,15,15,300
SAP,20091109,16,16,15.6,15.6,5000
SAP,20091106,16.6,17,16.6,16.8,6200
SAP,20091105,16,16.9,15,15.9,2000
SAP,20091104,15.8,16,15.7,15.8,1300
SAP,20091103,15,15.6,14.4,15,5200
SAP,20091102,15.5,15.8,15.5,15.5,11500
SAP,20091030,16.8,16.8,16.7,16.7,14700
SAP,20091029,18,18,18,18,400
SAP,20091028,19.4,19.4,19.4,19.4,1800
SAP,20091027,20.9,20.9,20.9,20.9,700
SAP,20091026,22.5,22.5,22.4,22.5,5500
SAP,20091023,24.3,24.3,24.1,24.1,4600
SAP,20091022,26,26,25.8,25.9,1700
SAP,20091021,28.1,28.1,25.1,27.8,34500
SAP,20091020,26.8,26.8,25,26.2,31200
SAP,20091019,23.1,26.7,23.1,25,64900
SAP,20091016,28,28,24.4,24.9,6800
SAP,20091015,26,27.1,25,26.3,61900
SAP,20091014,25.3,25.3,25,25.3,103400
SAP,20091013,23.6,23.6,23.6,23.6,6300
SAP,20091012,22,22,22,22,15200
SAP,20091009,20.5,20.5,20.5,20.5,22500
SAP,20091008,19,19.2,18,19.1,69800
SAP,20091007,17.5,18,17,17.9,121000
SAP,20091006,16.6,16.8,16.5,16.8,49400
SAP,20091005,15.5,15.7,15.5,15.7,25300
SAP,20091002,13.7,15.9,13.7,14.7,117500
SAP,20091001,16.5,16.5,14.3,14.8,59400
SAP,20090930,15.4,15.4,15.1,15.4,238300
SAP,20090929,14.4,14.4,14.4,14.4,26800
SAP,20090928,12.9,13.8,12.9,13.4,36700
SAP,20090925,12.2,13,12.2,12.9,3500
SAP,20090924,13.5,13.5,12.8,13,32900
SAP,20090923,13.2,14.1,13.1,13.6,89800
SAP,20090922,12.9,13.2,12.9,13.2,105500
SAP,20090921,12.1,12.3,11.8,12.3,70400
SAP,20090918,11.4,11.6,11.4,11.5,13700
SAP,20090917,11.2,12,11.2,11.4,17600
SAP,20090916,11,11.4,11,11.3,14000
SAP,20090915,11.3,11.7,11.2,11.4,27400
SAP,20090914,12,12,11.2,11.8,35400
SAP,20090911,12,12.4,11.8,12.1,19700
SAP,20090910,11.7,11.7,11.3,11.6,43200
SAP,20090909,10.6,11.3,10.5,10.9,26000
SAP,20090908,11,11,9.8,10.5,24800
SAP,20090907,10.5,10.7,10.4,10.5,9300
SAP,20090904,10.8,10.8,10.7,10.8,8500
SAP,20090903,11.2,11.2,11,11.1,2600
SAP,20090901,11.2,11.2,10.9,11,11300
SAP,20090831,12,12,11.2,11.6,5200
SAP,20090828,10.3,11.5,10.3,11.2,19300
SAP,20090827,11,11.3,11,11.1,11300
SAP,20090826,11,11,10.9,11,8300
SAP,20090825,11,11,10.7,10.9,17300
SAP,20090824,11.3,11.6,10.8,11.3,12600
SAP,20090821,11.6,11.6,11.2,11.3,10200
SAP,20090820,11.8,11.8,11,11.3,7600
SAP,20090819,11.5,11.6,11.3,11.4,7000
SAP,20090818,11.7,11.7,11.4,11.5,14200
SAP,20090817,12.6,12.6,11.6,11.8,11900
SAP,20090814,11,12.2,10.7,11.7,15900
SAP,20090813,12.1,12.1,11.1,11.4,17900
SAP,20090812,11.1,11.9,10.5,11.6,22300
SAP,20090811,11.3,11.9,11,11.1,24100
SAP,20090810,12.8,13,11.8,11.9,38000
SAP,20090807,12.7,13,12.5,12.7,74600
SAP,20090806,11.9,12.1,11.9,12.1,25600
SAP,20090805,10.9,11.5,10.7,11.3,36100
SAP,20090804,10.4,10.9,10.4,10.7,14300
SAP,20090803,10.7,10.7,10.2,10.4,2300
SAP,20090731,10.2,10.5,10.2,10.4,15600
SAP,20090730,10,10.2,9.9,10.1,7000
SAP,20090729,10.2,10.3,10.2,10.3,2000
SAP,20090728,11.5,11.5,10.3,10.9,6100
SAP,20090727,11,11,10.9,11,18000
SAP,20090724,10.2,10.2,10.2,10.2,11800
SAP,20090723,9.2,9.8,9.2,9.5,6000
SAP,20090722,9.2,9.2,9,9.1,1700
SAP,20090721,9.3,9.5,8.8,9.2,3500
SAP,20090720,9.1,9.9,8.8,8.9,10100
SAP,20090717,9.5,9.5,9.1,9.2,5100
SAP,20090716,10,10.1,9.5,9.6,10100
SAP,20090715,10,10.1,10,10,3600
SAP,20090714,10,10,9.9,10,200
SAP,20090713,10,10,9.5,9.8,11200
SAP,20090710,9.8,10,9.8,10,2300
SAP,20090709,10.5,10.5,9.7,10.1,16100
SAP,20090708,10.4,10.5,10.4,10.5,3700
SAP,20090707,10.5,10.5,10.3,10.4,2600
SAP,20090706,10.3,10.7,10,10.5,5200
SAP,20090703,10.5,10.5,10.1,10.2,1400
SAP,20090702,10.3,10.3,9.1,10.1,6700
SAP,20090701,10.8,10.8,9.6,9.8,12800
SAP,20090630,11.3,11.3,9.8,10.4,8000
SAP,20090629,10.5,11,10.5,10.6,400
SAP,20090626,10.5,10.5,10.2,10.4,2600
SAP,20090625,11.1,11.1,10.9,11,700
SAP,20090624,10,10.8,10,10.5,2900
SAP,20090623,10.2,10.2,9.6,10,5900
SAP,20090622,10.3,10.5,10.2,10.2,27000
SAP,20090619,11,11.8,10.5,11.2,800
SAP,20090618,11,11,11,11,7100
SAP,20090617,10.2,10.6,10.2,10.2,24300
SAP,20090616,11,11,11,11,4000
SAP,20090615,12.8,12.8,11.8,11.9,5700
SAP,20090612,13.8,13.8,12.5,12.8,10300
SAP,20090611,14.1,14.1,12.2,13.5,16200
SAP,20090610,13.7,14.2,12.2,13.2,41400
SAP,20090609,13.3,13.3,12.4,13.2,60800
SAP,20090608,12.4,12.4,11.5,12.4,25400
SAP,20090605,11.4,11.5,11.3,11.5,48300
SAP,20090604,10.5,11,10.2,10.7,30700
SAP,20090603,10.9,10.9,10.4,10.6,14800
SAP,20090602,11.5,11.7,10.3,10.9,37000
SAP,20090601,10.4,11.2,10.4,11.1,11500
SAP,20090529,10.9,10.9,10.1,10.4,22200
SAP,20090528,11.6,11.6,10.7,10.9,20500
SAP,20090527,10.2,11.8,10.2,11.6,30800
SAP,20090526,11,11,10.8,11,63700
SAP,20090525,10.2,10.2,10.2,10.2,10900
SAP,20090522,9.5,9.5,9.4,9.5,63100
SAP,20090521,8.5,8.8,8.5,8.8,44800
SAP,20090520,8.1,8.3,7.7,8.2,56900
SAP,20090519,7.7,7.9,7.7,7.7,11300
SAP,20090518,7.7,7.8,7.3,7.4,3300
SAP,20090515,7.7,7.7,7.5,7.6,10900
SAP,20090514,7.8,7.8,7,7.1,2600
SAP,20090513,7,7.6,7,7.2,9400
SAP,20090512,7,7.9,6.9,7.6,2200
SAP,20090511,8.3,8.3,7.3,7.4,2600
SAP,20090508,7.7,7.7,7.7,7.7,2100
SAP,20090507,8.5,8.5,8,8.3,9900
SAP,20090506,7.8,8.3,7.8,8.3,1100
SAP,20090505,8.5,8.5,7.9,8.4,5200
SAP,20090504,8,8,7.8,7.9,4100
SAP,20090429,7.4,7.5,7.4,7.4,4600
SAP,20090428,7.4,7.4,6.9,7,3800
SAP,20090427,7.4,7.4,7.4,7.4,800
SAP,20090424,7,7,6.8,6.9,1600
SAP,20090423,7.7,7.7,6.9,7,1100
SAP,20090422,7.1,7.1,7.1,7.1,8500
SAP,20090421,6.6,6.9,6.6,6.6,5500
SAP,20090420,7.5,7.5,7.2,7.2,7400
SAP,20090417,7.9,7.9,7.8,7.8,5700
SAP,20090416,8.7,8.7,8.3,8.5,1300
SAP,20090415,8.1,8.8,8.1,8.6,10400
SAP,20090414,8.9,8.9,8.7,8.8,17300
SAP,20090413,8.3,8.3,8.3,8.3,7000
SAP,20090410,7.5,8,7.5,7.7,22300
SAP,20090409,7.7,7.7,7,7.4,2200
SAP,20090408,7.2,8.1,7.1,7.6,11100
SAP,20090407,7.5,7.5,7.5,7.5,6200
SAP,20090403,7,7,6.7,7,8300
SAP,20090402,6.2,6.5,6.2,6.5,2700
SAP,20090401,5.9,6,5.9,6,11300
SAP,20090331,6,6,5.8,5.9,1500
SAP,20090330,6.3,6.3,6.2,6.3,600
SAP,20090327,6.5,6.7,6.5,6.6,4500
SAP,20090326,6.5,6.5,6.5,6.5,2300
SAP,20090325,6.3,6.5,6.3,6.4,4500
SAP,20090324,6.5,6.5,6.5,6.5,100
SAP,20090323,6.6,6.6,6.2,6.5,3600
SAP,20090320,6.6,6.6,6.6,6.6,2400
SAP,20090319,7.2,7.3,6.2,7.2,1800
SAP,20090318,6.9,6.9,6.6,6.8,9700
SAP,20090317,6.3,6.5,6.3,6.4,3500
SAP,20090316,6.1,6.3,6.1,6.2,6800
SAP,20090313,7.5,7.5,6.4,6.6,700
SAP,20090312,6.9,6.9,6.9,6.9,100
SAP,20090311,7,7,6.3,6.5,6700
SAP,20090310,6.8,6.8,6.5,6.6,3700
SAP,20090309,7.5,7.5,6.3,6.3,3700
SAP,20090306,7.5,7.5,6.5,7,6700
SAP,20090305,7.6,7.6,6.5,6.9,1400
SAP,20090304,7,7,7,7,100
SAP,20090303,7.3,7.3,6.1,6.5,300
SAP,20090302,6.9,6.9,6.6,6.7,2800
SAP,20090227,7.1,7.1,6.3,6.4,5100
SAP,20090226,6.6,6.6,6.6,6.6,100
SAP,20090225,6.1,6.1,6.1,6.1,1100
SAP,20090224,5.9,6,5.9,6,600
SAP,20090223,6.9,6.9,6.1,6.2,1000
SAP,20090220,7.1,7.1,6.3,6.4,1100
SAP,20090219,7.1,7.1,6.5,6.6,600
SAP,20090217,6.8,6.8,6.6,6.6,1200
SAP,20090216,7.3,7.3,6.2,6.3,1600
SAP,20090213,7.3,7.3,6.6,6.7,3600
SAP,20090212,7.4,7.4,6.6,6.7,2100
SAP,20090211,7.7,7.7,6.7,6.8,800
SAP,20090210,8,8,7.1,7.3,4800
SAP,20090209,7.4,7.4,7.4,7.4,100
SAP,20090206,7.3,7.3,6.8,6.8,2300
SAP,20090205,7,7,6.5,6.7,300
SAP,20090204,7.6,7.6,6.4,6.5,6400
SAP,20090202,7,7,7,7,100
SAP,20090123,7,7,7,7,100
SAP,20090122,6.5,6.5,6.5,6.5,600
SAP,20090120,6.7,6.7,6.6,6.7,1000
SAP,20090119,6.9,6.9,6.9,6.9,200
SAP,20090116,6.7,6.7,6.7,6.7,1700
SAP,20090115,6.9,7.1,6.9,7.1,1300
SAP,20090113,7,7,7,7,800
SAP,20090112,6.6,6.6,6.2,6.5,400
SAP,20090109,6.6,6.7,6.6,6.6,1600
SAP,20090107,7.3,7.3,7.1,7.2,300
SAP,20090106,6.5,7.1,6.5,6.8,900
SAP,20090105,6.7,6.8,6.5,6.7,6100
SAP,20090102,6.3,6.3,6.3,6.3,200
SAP,20081231,6.6,6.6,6.4,6.5,1100
SAP,20081230,6.4,6.5,6.4,6.5,2600
SAP,20081229,6,6,6,6,100
SAP,20081226,6.4,6.4,6.4,6.4,1100
SAP,20081225,6.6,6.8,6.6,6.7,2000
SAP,20081224,7,7.1,7,7.1,2000
SAP,20081223,8,8,6.9,7,1600
SAP,20081222,7.5,7.5,7.5,7.5,400
SAP,20081219,8.4,8.4,7.7,7.7,3800
SAP,20081218,8.9,8.9,8.2,8.4,1500
SAP,20081217,8.9,8.9,8.9,8.9,100
SAP,20081216,8.2,8.2,8.2,8.2,300
SAP,20081215,7.7,7.7,7.5,7.6,200
SAP,20081212,7,7.1,7,7.1,5000
SAP,20081211,6.6,6.6,6.6,6.6,200
SAP,20081210,7,7,6.7,6.7,1800
SAP,20081209,7.3,7.3,7.3,7.3,200
SAP,20081208,7.3,7.3,7.3,7.3,2000
SAP,20081205,8.7,8.7,8,8,2300
SAP,20081204,8.7,8.7,8.7,8.7,100
SAP,20081203,8,8.1,8,8.1,200
SAP,20081202,7.9,7.9,7.9,7.9,100
SAP,20081201,8,8,6.9,7.5,1700
SAP,20081128,7.5,7.6,7.5,7.6,6500
SAP,20081126,7.1,7.5,7,7.2,2200
SAP,20081125,7.5,7.9,7.5,7.7,700
SAP,20081124,8.4,8.4,8,8,1100
SAP,20081124,8.4,8.4,8,8,1100
SAP,20081121,8.2,8.2,7.5,7.8,400
SAP,20081120,7.6,7.6,7.6,7.6,4500
SAP,20081119,9.6,9.6,8.2,8.3,5100
SAP,20081118,8.9,8.9,8.9,8.9,100
SAP,20081117,8.2,8.4,8.2,8.3,1300
SAP,20081114,8.8,8.8,7.4,7.7,12400
SAP,20081113,8.7,8.7,8,8.1,1100
SAP,20081112,8.9,8.9,7.6,8,2200
SAP,20081111,9.4,9.4,8.1,8.2,2000
SAP,20081110,8.7,8.7,8.7,8.7,100
SAP,20081107,8,8.5,8,8.1,3000
SAP,20081106,8.7,9,8.7,8.7,5000
SAP,20081105,9.5,9.5,9.5,9.5,11100
SAP,20081104,7.8,9.2,7.8,8.8,5300
SAP,20081103,8.7,8.7,8.5,8.5,4500
SAP,20081031,10,10,8.5,9.3,3900
SAP,20081030,9.2,9.3,9.2,9.2,5600
SAP,20081029,8,8.7,7.3,8.6,13600
SAP,20081028,8,8.4,8,8,9700
SAP,20081027,10.1,10.1,8.6,8.7,1300
SAP,20081024,9.4,9.4,9.4,9.4,100
SAP,20081023,8.9,9,8.7,8.8,9800
SAP,20081022,9.5,9.5,9.5,9.5,800
SAP,20081021,10.5,10.5,9.2,9.5,3900
SAP,20081020,10.4,10.4,9.6,9.8,6500
SAP,20081017,10.5,10.9,10,10.5,7900
SAP,20081016,10.7,11.3,10.7,10.7,11000
SAP,20081015,11.8,11.8,11.3,11.6,5600
SAP,20081014,10.9,10.9,10.9,10.9,200
SAP,20081013,10.4,10.4,9.9,10.1,19200
SAP,20081010,8.7,10.3,8.7,9.6,20800
SAP,20081009,8.5,10.1,8.5,9.5,4400
SAP,20081008,9.1,9.5,9.1,9.3,12400
SAP,20081007,9.9,9.9,9.9,9.9,4200
SAP,20081006,10.9,10.9,10.8,10.8,2100
SAP,20081003,11.7,11.8,10.9,11.7,13900
SAP,20081002,11.9,12,11.5,11.7,7300
SAP,20081001,10.9,12.5,10.9,11.1,25600
SAP,20080930,11.9,11.9,11.9,11.9,2400
SAP,20080929,13.9,14,12,12.9,9100
SAP,20080926,13.1,13.1,12.3,13,25600
SAP,20080925,11.3,12.4,11.3,12.1,26600
SAP,20080924,12.5,12.5,11.5,11.5,6900
SAP,20080923,14.5,14.5,12.3,12.5,20800
SAP,20080922,13.4,13.4,13.4,13.4,5700
SAP,20080919,11.5,13.5,11.5,12.4,113800
SAP,20080918,12.5,12.5,12.5,12.5,100
SAP,20080917,13.6,13.6,13.6,13.6,200
SAP,20080916,14.8,14.8,14.8,14.8,100
SAP,20080915,16,16,16,16,10400
SAP,20080912,17.3,17.3,17.3,17.3,500
SAP,20080911,18.7,18.7,18.7,18.7,1000
SAP,20080910,20.2,20.2,20.2,20.2,3000
SAP,20080909,23.3,23.3,21.5,21.9,18500
SAP,20080908,25.5,25.5,21.9,23.3,44400
SAP,20080905,23.7,23.7,23.7,23.7,26700
SAP,20080904,22.1,22.1,20.5,22,87000
SAP,20080903,20.5,20.5,20.5,20.5,100
SAP,20080829,19,19,19,19,9900
SAP,20080828,17.6,17.6,16.3,17.6,92600
SAP,20080827,16.3,16.3,16.3,16.3,8400
SAP,20080826,15.1,15.1,15.1,15.1,300
SAP,20080825,14,14,14,14,10800
SAP,20080822,13.5,13.5,12.5,13,36200
SAP,20080821,12.1,13.1,11.7,12.5,37600
SAP,20080820,11.7,12.4,11.7,12.1,14100
SAP,20080819,11.5,11.7,11,11.7,26500
SAP,20080818,10.8,10.8,10.8,10.8,8600
SAP,20080815,10,10,10,10,7500
SAP,20080814,9.6,9.6,9.6,9.6,8200
SAP,20080813,9.2,9.2,9.1,9.2,12300
SAP,20080812,8.8,8.8,8.5,8.8,22700
SAP,20080811,8.4,8.4,8.4,8.4,3400
SAP,20080808,8,8,8,8,300
SAP,20080807,7.6,7.6,7.5,7.6,8900
SAP,20080806,7.1,7.5,7.1,7.3,4900
SAP,20080805,7.5,7.5,7.5,7.5,1500
SAP,20080804,7.9,7.9,7.9,7.9,600
SAP,20080801,8.3,8.3,8.3,8.3,7400
SAP,20080731,8.7,8.7,8.7,8.7,200
SAP,20080730,9.1,9.1,9.1,9.1,1500
SAP,20080729,10.1,10.1,9.3,9.5,13900
SAP,20080728,9.7,9.7,9.7,9.7,10000
SAP,20080725,10.2,10.2,10.2,10.2,600
SAP,20080724,10.7,10.7,10.7,10.7,100
SAP,20080723,11.2,11.2,11.2,11.2,200
SAP,20080722,11.7,11.7,11.7,11.7,100
SAP,20080721,12.2,12.2,12.2,12.2,800
SAP,20080718,13.3,13.4,12.2,12.8,10500
SAP,20080717,12.9,12.9,12.8,12.8,1800
SAP,20080716,12.7,12.7,11.7,12.4,43300
SAP,20080715,12.2,12.2,12.2,12.2,4100
SAP,20080714,11.7,11.7,11.7,11.7,3500
SAP,20080711,11.2,11.2,11,11.2,6500
SAP,20080710,10.6,10.7,10.5,10.7,10700
SAP,20080709,10.2,10.2,10.1,10.2,8700
SAP,20080708,9.8,10.7,9.8,9.8,7100
SAP,20080707,10.5,10.8,9.8,10.3,13800
SAP,20080704,10.3,10.3,10.3,10.3,8700
SAP,20080703,9.9,9.9,9.9,9.9,1900
SAP,20080702,9.5,9.5,9.1,9.5,16000
SAP,20080701,9.1,9.1,8.5,9.1,15100
SAP,20080630,8.7,8.7,8.6,8.7,700
SAP,20080627,8.4,8.8,8.4,8.5,7400
SAP,20080626,9.1,9.1,8.6,8.8,2400
SAP,20080625,8.9,9.1,8.9,9,3000
SAP,20080624,8.8,8.8,8.2,8.7,5100
SAP,20080623,8,8.8,8,8.4,4900
SAP,20080620,8.4,8.4,8.4,8.4,100
SAP,20080619,8.8,8.8,8.8,8.8,600
SAP,20080618,9.6,9.6,9,9.2,7300
SAP,20080617,9.3,9.3,9.3,9.3,100
SAP,20080616,9,9,9,9,2000
SAP,20080613,8.6,8.7,8.6,8.7,20100
SAP,20080612,8.4,8.4,8.4,8.4,13400
SAP,20080611,8,8.2,8,8.1,2800
SAP,20080610,7.5,8.1,7.5,7.9,4500
SAP,20080609,7.8,7.8,7.8,7.8,3500
SAP,20080606,8.1,8.1,8.1,8.1,1000
SAP,20080605,8.4,8.4,8.4,8.4,600
SAP,20080604,8.7,8.7,8.7,8.7,100
SAP,20080603,9,9,9,9,400
SAP,20080602,9.3,9.3,9.3,9.3,4600
SAP,20080530,9.6,9.6,9.6,9.6,1600
SAP,20080529,9.9,9.9,9.9,9.9,800
SAP,20080528,10.2,10.2,10.2,10.2,300
SAP,20080526,10.5,10.5,10.5,10.5,100
SAP,20080520,11.2,11.2,11.2,11.2,2000
SAP,20080519,11.6,12,11.3,11.5,400
SAP,20080516,11.3,12.1,11.3,11.6,10100
SAP,20080515,11.7,11.7,11.7,11.7,5000
SAP,20080514,12.1,12.1,12.1,12.1,500
SAP,20080513,12.5,12.5,12.5,12.5,100
SAP,20080512,12.9,12.9,12.9,12.9,100
SAP,20080509,13.3,13.3,13.3,13.3,2000
SAP,20080508,13.7,13.7,13.7,13.7,300
SAP,20080507,14.2,14.2,14.2,14.2,700
SAP,20080506,14.6,14.8,14.6,14.7,3100
SAP,20080505,15.1,15.1,15.1,15.1,100
SAP,20080429,16,16,15.5,15.6,900
SAP,20080428,15.4,15.5,15.4,15.5,1400
SAP,20080425,15.4,15.5,15,15.3,14400
SAP,20080424,15.2,15.6,15.1,15.4,12000
SAP,20080423,15.3,15.3,14.7,15.2,8500
SAP,20080422,15.5,15.5,15,15.1,3100
SAP,20080421,15.5,15.9,15,15.3,4400
SAP,20080418,15.5,15.7,14.7,15.4,8500
SAP,20080417,14.9,15.9,14.9,15.2,16100
SAP,20080416,15.4,15.4,15.4,15.4,700
SAP,20080411,15.9,15.9,15.9,15.9,6200
SAP,20080410,16.4,16.4,16.4,16.4,700
SAP,20080409,16.9,16.9,16.9,16.9,1000
SAP,20080408,17.8,17.8,16.8,17.5,12300
SAP,20080407,17.3,17.3,17.3,17.3,1000
SAP,20080404,16.8,16.8,16.8,16.8,100
SAP,20080403,16.5,16.5,16.5,16.5,200
SAP,20080402,16.2,16.2,16.2,16.2,100
SAP,20080401,15.9,15.9,15.9,15.9,1300
SAP,20080331,15.6,15.6,15.6,15.6,200
SAP,20080328,15.3,15.3,15.3,15.3,100
SAP,20080327,15,15,15,15,100
SAP,20080326,12.3,15.5,12.3,14.7,19200
SAP,20080325,14,14.3,13.9,13.9,9900
SAP,20080324,15.7,16,15.6,15.7,4800
SAP,20080321,17,18.8,17,17.6,2000
SAP,20080320,20.2,20.2,18.6,19.1,6400
SAP,20080319,20,20.2,18.3,19.5,6700
SAP,20080318,18.5,18.6,18.5,18.5,6300
SAP,20080317,22,22,20.6,20.8,5500
SAP,20080314,24.8,24.8,22.1,23,1600
SAP,20080313,26.3,26.3,23.5,24.2,1600
SAP,20080312,23.7,25.2,23.4,24.3,9400
SAP,20080311,26.3,28.4,23.1,23.9,12500
SAP,20080310,26.3,26.3,25.2,26,24900
SAP,20080307,23.8,23.8,23.8,23.8,700
SAP,20080306,17.8,22.1,17.8,21.4,2300
SAP,20080305,20,20.2,20,20,13800
SAP,20080304,23.9,23.9,22.4,22.4,4400
SAP,20080303,28.8,28.8,23.5,25.1,8600
SAP,20080229,24.8,30,24.1,26.3,10900
SAP,20080228,27.4,28,26.1,27,4900
SAP,20080227,26.6,28.4,26.6,27.6,2100
SAP,20080226,29.3,29.3,25.2,26.6,8000
SAP,20080225,27.1,27.2,27,27.2,22800
SAP,20080222,23.7,26.6,23.7,24.6,16700
SAP,20080221,26.7,26.7,26.5,26.6,7200
SAP,20080220,33,33,28,29.7,10500
SAP,20080219,30.9,32,30.9,31.4,3300
SAP,20080218,30.2,33.9,30.2,32.3,1700
SAP,20080215,33.9,34,33.9,33.9,6800
SAP,20080214,35.2,35.7,34.8,35.2,9300
SAP,20080213,35.7,35.7,34.8,35.3,5000
SAP,20080212,35.7,36.9,35.7,36,1200
SAP,20080201,37,38.4,35.7,36.9,10700
SAP,20080131,37.5,38.4,35.7,37,9200
SAP,20080130,37.2,37.3,37.2,37.3,4500
SAP,20080129,33.9,35.7,32.6,33.8,11800
SAP,20080128,33.9,34.3,33,33.5,4400
SAP,20080125,34.8,34.8,33.9,34.4,7900
SAP,20080124,36.2,36.4,33.4,34.4,7900
SAP,20080123,39.8,39.8,36.6,37.3,7900
SAP,20080122,40,40,40,40,300
SAP,20080121,41.6,41.6,39.4,40.5,4700
SAP,20080118,41.1,42.9,41.1,41.9,5800
SAP,20080117,43,45.1,37.5,42.2,24100
SAP,20080116,38.4,41.6,37.5,40.9,18700
SAP,20080115,41.1,41.1,37.5,37.6,6100
SAP,20080114,42,42.3,41.3,41.9,7300
SAP,20080111,46.1,48,43,46.1,8700
SAP,20080110,50.2,50.2,42.1,43.7,3600
SAP,20080109,48,48,45.9,46.7,1900
SAP,20080108,51.1,52,48.4,51,9900
SAP,20080107,53.9,53.9,51.1,51.7,2800
SAP,20080104,56.6,56.6,56.6,56.6,500
SAP,20080103,57.9,57.9,57.9,57.9,100
SAP,20080102,56.6,56.6,56.6,56.6,600
SAP,20071228,57.5,58.9,57.1,57.9,11700
SAP,20071227,58,58,56.8,57.4,2000
SAP,20071226,59.8,59.8,57.5,58.5,7800
SAP,20071225,63.2,63.2,56.7,57.9,2900
SAP,20071224,58.4,58.4,56.6,57.3,800
SAP,20071221,60.2,61.1,57,59.3,7100
SAP,20071219,56.6,59.8,56.6,59.3,4900
SAP,20071218,55.7,57.5,55.7,56.5,6500
SAP,20071217,57.5,58,57.5,57.9,5800
SAP,20071214,58.5,59.3,58.5,58.7,5900
SAP,20071213,60.2,60.2,58,59.4,900
SAP,20071212,58.4,61.6,58.4,60.4,17500
SAP,20071211,59.4,59.4,58,58.4,19500
SAP,20071210,62,62,61.1,61.3,8300
SAP,20071207,63.9,64.3,63.8,63.9,17600
SAP,20071206,63.9,64.3,63.9,64,10100
SAP,20071205,66.2,66.2,63,64.8,11600
SAP,20071204,65.7,68.4,65.7,67,43000
SAP,20071203,63,66.4,63,64.8,19000
SAP,20071130,63,63,61.4,61.8,20600
SAP,20071129,61.1,62,61.1,61.4,18700
SAP,20071128,60.3,61,60.2,60.5,3300
SAP,20071127,61.1,62,60.3,61.1,4800
SAP,20071126,61.1,61.6,60.8,61,4200
SAP,20071123,61.6,61.6,59.3,60.1,4400
SAP,20071122,60.2,63.9,58.4,60.5,35100
SAP,20071121,60.2,61.3,59.3,60.3,14700
SAP,20071120,64.3,64.8,59.9,61,16800
SAP,20071119,66.5,67,62.5,63.8,12600
SAP,20071116,63,66.6,63,65.1,14800
SAP,20071115,66.5,66.6,61.1,63,13200
SAP,20071114,60.2,67.3,56.6,67,43200
SAP,20071113,66.6,66.6,60.6,61,28200
SAP,20071112,69.3,69.3,65.7,67.6,38800
SAP,20071109,70.2,72,66.1,68.4,46700
SAP,20071108,82,82,69.8,72.3,41800
SAP,20071107,76.5,77.2,74.8,77.1,60300
SAP,20071106,68,72.9,64.9,70,98500
SAP,20071105,69.3,72,63.9,66,59900
SAP,20071102,70.1,70.1,63.9,67,59700
SAP,20071101,60.7,68,60.3,63.6,69500
SAP,20071031,65.7,65.7,60.3,61.6,70400
SAP,20071030,73,73.5,60.3,66.2,82900
SAP,20071029,66.6,66.6,66.6,66.6,40600
SAP,20071026,60.3,60.3,60.3,60.3,138400
SAP,20071025,54.7,54.7,54.7,54.7,79200
SAP,20071024,47,51.9,45.8,49.5,108100
SAP,20071023,48,48,45.7,47,15900
SAP,20071022,44.5,50.9,44.5,47.3,31400
SAP,20071019,44.8,49.3,42.7,46,45900
SAP,20071018,49.3,53,45.7,47.7,15600
SAP,20071017,51.2,51.2,49.3,51,26700
SAP,20071016,44.8,47,41.6,46.4,70600
SAP,20071015,40.2,43,40.2,42.5,35500
SAP,20071012,35.7,41,35.7,39,22900
SAP,20071011,41,41,34.8,39.7,12400
SAP,20071010,37.1,37.1,37.1,37.1,5200
SAP,20071009,33,34.6,31.1,33.6,18200
SAP,20071008,31.4,31.5,30.7,31.2,12500
SAP,20071005,32.5,32.5,31.1,31.5,9000
SAP,20071004,32,33,32,32.4,26500
SAP,20071003,35.7,35.7,32,32.7,8600
SAP,20071002,32.8,32.8,30.2,32.2,10900
SAP,20071001,29.3,29.7,29.3,29.6,8900
SAP,20070928,26,27,26,26.8,7200
SAP,20070927,25.7,26.5,25.7,26.3,1800
SAP,20070926,26.6,26.6,25.7,26.3,8500
SAP,20070925,26.6,27.5,26.6,26.9,7900
SAP,20070924,27.5,27.5,27.5,27.5,1000
SAP,20070921,28.5,28.5,28.4,28.5,1000
SAP,20070920,29.3,29.3,27.6,28.5,5600
SAP,20070919,27,28.4,24.8,27.1,9500
SAP,20070918,25.7,26.1,25.7,25.6,1500
SAP,20070917,28.5,28.5,24.8,25.6,1100
SAP,20070914,25.7,25.7,25.7,25.7,1000
SAP,20070913,26.1,26.6,23.9,25.7,5000
SAP,20070912,23,25.6,23,24,3000
SAP,20070911,20,23.9,20,23.2,1600
SAP,20070910,20,23,20,22.5,1300
SAP,20070907,22.1,22.8,22.1,22.5,1900
SAP,20070905,22,22.5,22,22.2,5300
SAP,20070904,22,22.5,22,22.1,700
SAP,20070831,22,22.1,22,22,700
SAP,20070830,22,22.5,22,22.3,1000
SAP,20070829,23,23,23,23,300
SAP,20070828,23,23,23,23,200
SAP,20070827,23,23,23,23,200
SAP,20070824,24.8,24.8,23.4,23.8,1200
SAP,20070823,25.8,25.8,25.7,25.8,1100
SAP,20070821,27.5,27.5,27.5,27.5,100
SAP,20070817,25.7,25.7,25.7,25.7,100
SAP,20070813,27.5,27.5,27.5,27.5,500
SAP,20070810,28.4,28.4,28.4,28.4,1000
SAP,20070809,28.2,28.9,28.2,28.7,600
SAP,20070807,29.3,29.8,27.5,28.2,1800
SAP,20070806,30.2,30.2,30.2,30.2,500
SAP,20070803,31.1,31.1,31.1,31.1,800
SAP,20070802,39.3,39.3,31.9,33,700
SAP,20070801,35.7,35.7,35.7,35.7,100
SAP,20070726,37.7,37.7,31.1,32.4,1000
SAP,20070725,36,36,32,34,200
SAP,20070724,38,38,32,32.6,1200
SAP,20070723,34.7,34.7,33.9,34.3,200
SAP,20070720,36.3,36.3,33,33.7,600
SAP,20070719,36.1,36.1,32.2,32.9,600
SAP,20070718,33,33,32.6,32.7,1800
SAP,20070717,36.7,36.7,33,33.3,1500
SAP,20070716,37.7,37.7,32.2,33.1,2200
SAP,20070713,35.8,35.8,33.4,34,400
SAP,20070712,37,37,30.7,32.3,4000
SAP,20070711,37,37,32.1,33.4,7800
SAP,20070710,36.9,36.9,31.1,33.4,5300
SAP,20070709,33.9,34.8,32.9,33.3,2100
SAP,20070706,33.6,33.6,30.3,31.4,300
SAP,20070705,33.2,33.2,29.3,30.3,2400
SAP,20070704,31,31,29.9,30,1800
SAP,20070703,28,28,28,28,600
SAP,20070702,27,28,27,27.9,3500
SAP,20070628,28,28,28,31.2,3900
SAP,20070627,29.3,29.3,29.3,29.3,600
SAP,20070625,31.1,32.1,31.1,41.4,2340
SAP,20070622,32.8,32.8,31.8,42.4,1820
SAP,20070621,32.5,33.9,31.9,42.4,3640
SAP,20070620,34.6,34.6,32.1,42.9,4160
SAP,20070619,36,36,32.1,45,9620
SAP,20070618,36,36,36,47.5,2600
SAP,20070615,37.4,37.4,37.3,49.3,1950
SAP,20070614,36.7,38.1,36.7,49.6,8450
SAP,20070613,37.4,37.7,37.4,49.3,6760
SAP,20070612,36.9,38.1,36.8,49.1,20020
SAP,20070611,39.5,40.4,36,49,13390
SAP,20070608,36.7,37.3,35.3,48.2,28210
SAP,20070607,36.7,36.7,33.9,48,7930
SAP,20070606,32.5,33.9,32.5,43.9,2600
SAP,20070605,33.2,33.2,30.7,43.1,8710
SAP,20070604,34.2,35.3,33.9,45.4,4030
SAP,20070601,36,36.3,34.4,47,3640
SAP,20070531,37,37.4,36,48.9,6240
SAP,20070530,37.4,40.2,36.7,50.2,9620
SAP,20070529,37.6,37.6,35.3,49.5,30290
SAP,20070528,32.5,34.4,32.5,45,8060
SAP,20070525,31.1,31.1,31.1,41.1,650
SAP,20070524,33.9,33.9,30.4,42.2,2990
SAP,20070523,32.7,32.7,32.7,43.3,7930
SAP,20070522,27.6,30,27.6,39.2,7930
SAP,20070521,25.5,27.5,25.5,36,4160
SAP,20070518,24.8,25.4,24.8,33.4,2080
SAP,20070516,26,26,26,34.6,130
SAP,20070515,25.5,26.5,25.5,34.6,520
SAP,20070514,26.2,26.5,26.2,35,2340
SAP,20070510,26.5,26.5,26.5,35.2,130
SAP,20070509,26.8,26.8,26.8,35.6,130
SAP,20070508,26.9,26.9,26.9,35.7,650
SAP,20070507,25.1,25.1,25.1,33.4,260
SAP,20070504,24.8,27.6,24.8,34.5,910
SAP,20070503,25.5,25.5,25.5,33.9,1300
SAP,20070502,25.9,26.2,25.9,34.5,1560
SAP,20070425,25,27.5,24.8,33.3,1430
SAP,20070424,24.8,24.8,24.8,33,4420
SAP,20070423,24.9,24.9,24.8,33,3250
SAP,20070420,26.9,27.9,26.8,36.1,6890
SAP,20070419,25.5,25.5,25.1,33.8,2210
SAP,20070418,18.9,23.7,18.9,30.8,1040
SAP,20070417,21.6,21.6,20.6,28.4,1430
SAP,20070416,22,25.5,22,30.9,780
SAP,20070413,23,24.1,22.7,30.6,3770
SAP,20070412,25.5,25.5,23.2,32.5,7540
SAP,20070411,26.9,26.9,25.1,34,7540
SAP,20070410,29,29,26.2,37.2,1950
SAP,20070409,29,29,29,38.4,260
SAP,20070406,29.7,29.7,29,38.6,650
SAP,20070405,32.5,32.5,32.5,43,910
SAP,20070404,31.8,32.5,31.8,42.3,1300
SAP,20070403,31.8,31.8,31.8,42.1,780
SAP,20070402,36,38.9,34.2,47,2210
SAP,20070330,36,36,33.9,46.5,5980
SAP,20070329,32.5,32.5,32.5,43,2340
SAP,20070328,29,32.5,29,39,12870
SAP,20070326,33.9,33.9,32.3,43.1,5200
SAP,20070323,39.4,39.4,35.3,47.9,4290
SAP,20070322,39.4,39.4,39.4,52.2,4680
SAP,20070321,45.9,45.9,41.4,58.2,10010
SAP,20070320,41.5,41.5,41.5,55,14040
SAP,20070319,37.5,37.5,37.5,49.8,4290
SAP,20070319,37.5,37.5,37.5,49.8,4290
SAP,20070316,33.6,34.4,33.6,45,20930
SAP,20070315,37.6,37.6,37.6,49.9,2860
SAP,20070314,41.1,46.3,41.1,55.7,3250
SAP,20070313,43.1,49.7,43.1,60.7,7800
SAP,20070312,45.9,45.9,42.8,60.3,15600
SAP,20070309,41.5,41.5,41.5,55,11570
SAP,20070308,37.5,37.5,37.5,49.8,4550
SAP,20070307,33.9,33.9,33.9,45,6630
SAP,20070306,30.7,30.7,30.7,40.8,1170
