<Ticker>,<DTYYYYMMDD>,<Open>,<High>,<Low>,<Close>,<Volume>
SD7,20100729,51.9,51.9,50.2,51,120700
SD7,20100728,52,53.9,50.6,51.8,259400
SD7,20100727,54.5,54.7,52.8,54.2,89200
SD7,20100726,54.7,54.7,53.3,53.9,89200
SD7,20100723,55.4,55.7,53.6,54.5,104200
SD7,20100722,55.9,55.9,54.1,54.6,176100
SD7,20100721,55,56,55,55.6,322400
SD7,20100720,56.5,56.5,54.2,55.1,75100
SD7,20100719,55,57.5,54,55.5,395700
SD7,20100716,54,55.3,53.2,54.5,257400
SD7,20100715,54.4,54.5,52.8,53.7,118000
SD7,20100714,55,55.6,53.5,54.7,74400
SD7,20100713,54,55.8,53.6,54.6,138300
SD7,20100712,52.2,54,52.1,53.3,116600
SD7,20100709,52,52.6,51.5,52,105800
SD7,20100708,53.4,53.8,51,52.8,95000
SD7,20100707,53,53.9,51.8,53,99000
SD7,20100706,54,54,52,52.5,163000
SD7,20100705,54,54.7,53,53.9,126900
SD7,20100702,52.3,53,52.3,52.6,106300
SD7,20100701,52.5,53,51.7,52.2,112500
SD7,20100630,52.7,54.5,51,52.8,127700
SD7,20100629,54.6,54.8,53.2,54.1,182400
SD7,20100628,54.4,54.4,53,53.9,120200
SD7,20100625,54.5,54.8,52.5,53.7,178700
SD7,20100624,55,56,53.7,54.8,129800
SD7,20100623,55,55.6,54,54.3,114400
SD7,20100622,56.5,56.7,54,56,87800
SD7,20100621,55.5,57,55,55.8,193500
SD7,20100618,55.5,55.8,54.5,55.1,137600
SD7,20100617,56,56,54.3,55.1,234800
SD7,20100616,56,56.8,55,55.7,206900
SD7,20100615,56.4,56.9,54.9,55.7,170600
SD7,20100614,55.1,56.4,55,56,177400
SD7,20100611,55.4,55.4,53.9,54.4,86700
SD7,20100610,54.8,54.8,53.5,54,49900
SD7,20100609,54.2,55.8,54,54.3,88100
SD7,20100608,53,54.9,52.5,54.1,114700
SD7,20100607,53.1,56.3,53.1,53.5,486600
SD7,20100604,55.5,59,55,57,395700
SD7,20100603,55.7,57,53.7,55.2,86100
SD7,20100602,52.2,54.3,52.2,53.7,211000
SD7,20100601,52.9,54.5,52.9,54,127100
SD7,20100531,57,57,53.6,54.1,230900
SD7,20100528,52.5,54.7,52.5,54.5,201800
SD7,20100527,51.2,52.4,49.5,51.2,186000
SD7,20100526,48.8,51.8,48.8,50.4,190500
SD7,20100525,49,49.2,48,48.5,167400
SD7,20100524,47.7,49.4,47.7,48.4,163700
SD7,20100521,50,50,47,47.7,266500
SD7,20100520,51.9,53,47.7,50.5,270600
SD7,20100519,52.5,53.8,50.5,51.2,228100
SD7,20100518,54.8,55.9,53.2,54.2,280400
SD7,20100517,56,56.8,53.4,54.9,125500
SD7,20100514,55,55.5,54.1,55.1,152500
SD7,20100513,54.5,57,54,55.2,216900
SD7,20100512,56.5,56.5,53.2,54,348000
SD7,20100511,57.7,59,56.1,57.1,217000
SD7,20100510,57,58.3,55,56.8,183400
SD7,20100507,59.2,59.5,57.1,58.1,315900
SD7,20100506,60,60.9,59.1,60,241000
SD7,20100505,59.6,60.9,59,59.8,141800
SD7,20100504,61.5,63.4,61.2,61.8,261300
SD7,20100429,61.5,63,60.5,61.4,342900
SD7,20100428,59,61,58,59.2,389300
SD7,20100427,61,61.5,59.5,60.2,250400
SD7,20100426,62.7,62.7,59,60.4,341900
SD7,20100422,65.2,66.5,60,62.7,464800
SD7,20100421,60,65.1,60,63.8,920400
SD7,20100420,62,62.5,60.1,60.9,264000
SD7,20100419,61,64.5,59,62.3,470600
SD7,20100416,64,64,61.1,61.9,300400
SD7,20100415,59.1,62.5,59,62,655900
SD7,20100414,57,59.3,57,58.5,229400
SD7,20100413,59.5,59.6,57,58.1,295400
SD7,20100412,58.3,62.9,57.9,59.5,324400
SD7,20100409,65,65,59.2,62.2,358200
SD7,20100408,60,63.6,60,63.1,669600
SD7,20100407,58,61,58,59.5,479200
SD7,20100406,56.9,58.8,56.8,58.1,723400
SD7,20100405,53.5,56.5,53.5,55,245100
SD7,20100402,53,54,52.7,53.3,170000
SD7,20100401,52,53.1,51.1,52.1,132300
SD7,20100331,52,53.8,51.7,52.2,154800
SD7,20100330,54.9,54.9,53.1,53.5,138200
SD7,20100329,53.5,54.5,52.5,53.5,188200
SD7,20100326,52.4,53.2,51.5,52.3,109800
SD7,20100325,53.2,54,51.5,52.3,177700
SD7,20100324,53.8,55.9,53.6,54.2,142800
SD7,20100323,54.1,55,53.1,53.8,144300
SD7,20100322,55.9,56,54.7,55.4,122600
SD7,20100319,56.5,58.2,55.3,55.9,186900
SD7,20100318,55.7,57,53.8,55.7,199400
SD7,20100317,56,56.9,53,54.8,294500
SD7,20100316,58,58.5,55.5,56.4,385200
SD7,20100315,59,61,58.8,59.6,259300
SD7,20100312,58.6,59.5,58.2,59,276700
SD7,20100311,58,59.8,58,59,314500
SD7,20100310,57.3,59.5,55.8,57.7,416400
SD7,20100309,57,57.9,56,57,357900
SD7,20100308,59,61,57.7,58.7,218400
SD7,20100305,57.7,59,56.1,58.1,345700
SD7,20100304,58.1,58.1,56,57.9,492300
SD7,20100303,52,55.7,52,54.3,380400
SD7,20100302,51.5,53.2,50.2,52.1,442600
SD7,20100301,49,51.3,49,50,195200
SD7,20100226,48.5,48.9,48.2,48.5,39500
SD7,20100225,48.5,49.5,48.1,48.9,41500
SD7,20100224,47.5,48.7,47.4,48,94600
SD7,20100223,49,49,48,48.2,71700
SD7,20100222,51.1,51.1,49.6,50.1,36100
SD7,20100212,50,50.6,49.5,50.1,55800
SD7,20100211,48,49.7,47.5,49,85100
SD7,20100210,48.3,49.3,48.3,48.9,62200
SD7,20100209,48,49,46.9,47.5,201100
SD7,20100208,49,49.5,48.6,49,52600
SD7,20100205,51,51,49,49.7,158500
SD7,20100204,49.5,51,49.2,50.2,135900
SD7,20100203,48.5,49.5,48.5,49.2,238600
SD7,20100202,49.6,49.6,48.5,49,68200
SD7,20100201,49,50,48.3,49,78100
SD7,20100129,46.5,49.5,46.5,48.5,139600
SD7,20100128,50,50,48,48.6,173900
SD7,20100127,53.9,54,48.7,51.2,241300
SD7,20100126,48.9,50.9,48.9,50.7,124200
SD7,20100125,47,48.2,46.5,47.6,112700
SD7,20100122,43.6,47.8,43.6,46.6,147300
SD7,20100121,47,49,46.3,46.8,340600
SD7,20100120,52.1,52.1,48.2,49.7,115300
SD7,20100119,47.8,53,47.4,51.5,129500
SD7,20100118,53.5,54.1,50.5,50.9,204600
SD7,20100115,57,57,52.6,54.2,154500
SD7,20100114,54.6,54.6,53.2,54.5,333800
SD7,20100113,50,55.4,48.3,51.1,400900
SD7,20100112,52.5,54.2,50.5,51.9,300300
SD7,20100111,55.7,55.9,53.2,54.2,168600
SD7,20100108,53.9,58.4,51,55.4,343500
SD7,20100107,55,56,52.5,54.6,429500
SD7,20100106,55.6,57.5,54.5,56.3,412900
SD7,20100105,57.7,57.7,55.5,57.3,313800
SD7,20100104,53.6,54,53.5,54,42600
SD7,20091231,50,50.8,48,50.5,402300
SD7,20091230,44.5,49,44.5,47.5,277800
SD7,20091229,47.2,48,45,46,448900
SD7,20091228,46.9,47.5,45,47.2,390500
SD7,20091225,44,44.4,44,44.4,67600
SD7,20091224,41,42.5,39.5,41.5,243500
SD7,20091223,37.5,41.1,37,39.8,363900
SD7,20091222,38.5,38.8,37.5,38.5,324400
SD7,20091221,36.4,36.4,35,36.3,81700
SD7,20091218,33,34.3,33,34.1,172200
SD7,20091217,32.1,34,31.9,32.1,197400
SD7,20091216,36.5,36.5,34.1,34.3,82100
SD7,20091215,36.8,37.8,35.5,36.6,83200
SD7,20091214,37,38.2,33.7,36.9,153100
SD7,20091211,36.5,38,36,36.1,129700
SD7,20091210,40,41.5,38,38.7,153400
SD7,20091209,42,42,40.7,40.8,143300
SD7,20091208,45.1,45.3,43,43.7,81200
SD7,20091207,45.1,46,44.1,45.4,133000
SD7,20091204,44.9,45.5,43.7,44.7,170600
SD7,20091203,43.5,45.9,42.9,44,127900
SD7,20091202,48.5,48.5,44.4,45.9,161500
SD7,20091201,45.5,47.9,45.5,47.6,244800
SD7,20091130,40.8,46,40.8,44.8,132600
SD7,20091127,42.6,47.9,42.6,43.8,356600
SD7,20091126,46.7,46.7,45.6,45.7,53000
SD7,20091125,52,52,48.4,49,278700
SD7,20091124,53.5,54,50.8,52,280500
SD7,20091123,56.8,57,53.3,53.9,190100
SD7,20091120,58.2,58.5,56.5,57.3,181200
SD7,20091119,59.5,59.5,57.7,58.2,201900
SD7,20091118,57,58.1,55.2,57.2,251700
SD7,20091117,60,60,57.1,57.7,183800
SD7,20091116,54.5,58.1,54.5,57.5,564100
SD7,20091113,53.8,55.9,51.9,54.3,182700
SD7,20091112,53.5,55,51,54.3,232900
SD7,20091111,52.5,54.4,51,52.8,262200
SD7,20091110,54.5,56,51.7,52.3,349600
SD7,20091109,57,57,55.3,55.5,119400
SD7,20091106,59.5,60.2,57,59.4,395100
SD7,20091105,53.8,57.4,53.8,56.3,320000
SD7,20091104,52,56,51.4,53.7,357500
SD7,20091103,58,58,54.5,55.1,197000
SD7,20091102,58.4,61.1,58.4,58.5,124300
SD7,20091030,62,63.8,60.5,62.7,283200
SD7,20091029,63.5,63.5,59,59.7,253200
SD7,20091028,57,64.5,57,63.4,287200
SD7,20091027,62,62.4,60.4,60.9,414500
SD7,20091026,63,70,62.6,64.9,360600
SD7,20091023,72,72,66.5,67.2,581100
SD7,20091022,73,73,70,71.5,420500
SD7,20091021,76,76,71.5,73.2,578700
SD7,20091020,78,78,74.5,76.5,707100
SD7,20091019,73,73,70,72.9,527100
SD7,20091016,71,71.8,66.8,68.3,916600
SD7,20091015,76.9,78.5,69.5,71.8,744500
SD7,20091014,75.4,75.4,69.8,73.4,811800
SD7,20091013,70.9,70.9,68,70.8,886700
SD7,20091012,66.3,66.3,66.3,66.3,114200
SD7,20091009,60,62.1,60,62,839500
SD7,20091008,60.5,60.5,56,58.1,550800
SD7,20091007,56,57.4,55.1,57.3,275500
SD7,20091006,54,55.5,52.1,53.7,450500
SD7,20091005,52.2,54.5,51.8,52.9,255700
SD7,20091002,53,54,52.4,52.7,557300
SD7,20091001,59,60.5,54.5,56.3,635000
SD7,20090930,58.9,58.9,56,58.6,782400
SD7,20090929,53.5,56.2,52.6,55.1,749800
SD7,20090928,53.5,54.9,51.8,52.6,571500
SD7,20090925,52,53.5,49.4,51.9,554900
SD7,20090924,50.3,53.9,50.3,52,573600
SD7,20090923,54.6,54.6,51,53.9,709298
SD7,20090922,51.5,51.5,50,51.1,522500
SD7,20090921,47.5,48.4,47,48.2,597900
SD7,20090918,44,46.8,43.5,45.3,332500
SD7,20090917,45.1,45.5,43,44.1,360600
SD7,20090916,47,47.4,44.5,45.7,375500
SD7,20090915,47,47.5,44.4,46.6,414900
SD7,20090914,43.5,46.1,43.1,45.4,866400
SD7,20090911,43,43.8,42.5,43.1,492600
SD7,20090910,41,42.5,40.3,41.2,438300
SD7,20090909,41,41.8,40.3,40.9,188200
SD7,20090908,41,42.3,40,41.2,239500
SD7,20090907,41,41.7,38.5,39.8,260600
SD7,20090904,41.5,42.8,39.3,41,349200
SD7,20090903,42,42.5,41,41.6,286800
SD7,20090901,45,45,42.3,43.8,278200
SD7,20090831,44,45.2,43,44.5,513900
SD7,20090828,41,43,41,42.3,448300
SD7,20090827,40.5,41.9,39.8,40.7,334000
SD7,20090826,41,42,39.7,41,290600
SD7,20090825,40,42.9,40,41.3,284900
SD7,20090824,42.1,42.1,40.3,41.7,813900
SD7,20090821,38,39.9,38,39.4,789500
SD7,20090820,37.3,38.5,36.8,37.3,209500
SD7,20090819,37,37.5,36,36.6,219100
SD7,20090818,34.8,36.2,34.7,35.8,176300
SD7,20090817,35.7,36.5,35.3,35.9,184200
SD7,20090814,36,36.5,35.1,35.9,188000
SD7,20090813,39.4,39.5,36.6,37.5,313500
SD7,20090812,38.9,40,38,39.3,458000
SD7,20090811,36.2,38.1,35.4,37.4,510600
SD7,20090810,34.5,36.2,34.5,35.7,275100
SD7,20090807,33.5,34,33.5,33.9,141800
SD7,20090806,33,34.4,33,33.8,111300
SD7,20090805,34,34,33.1,33.7,74600
SD7,20090804,34.4,34.5,33.5,34,84000
SD7,20090803,33.9,34.8,33,33.5,49200
SD7,20090731,34.6,34.7,33,33.9,105300
SD7,20090730,32.2,33.2,32,32.6,93900
SD7,20090729,33.2,34.7,32.7,33.3,125100
SD7,20090728,34.2,35.4,33,33.8,160200
SD7,20090727,36.4,36.5,34,35.2,200700
SD7,20090724,34,34.3,34,34.2,134400
SD7,20090723,31,32.5,29,32.1,136300
SD7,20090722,30.5,30.9,30,30.4,86400
SD7,20090721,30.5,31,30,30.2,95100
SD7,20090720,31,31,29.4,29.8,109300
SD7,20090717,32,32,31,31.6,90600
SD7,20090716,33.7,33.7,31.5,32.2,77800
SD7,20090715,32,32,30.9,31.5,180200
SD7,20090714,33,33,30.3,31.5,124600
SD7,20090713,33,33.3,31.5,32.3,59300
SD7,20090710,33.9,34,32.6,33.3,138700
SD7,20090709,32,33.9,32,33.7,399400
SD7,20090708,31,32.3,30.7,31.7,127100
SD7,20090707,33.5,33.5,30.5,31.9,94800
SD7,20090706,30.3,32.1,30.3,31.9,93000
SD7,20090703,29,30.8,28.5,30,46700
SD7,20090702,31,31.4,29.4,30.4,105400
SD7,20090701,29.7,29.7,29.3,29.4,219200
SD7,20090630,32,33,30.5,31.5,146400
SD7,20090629,32.5,32.5,31.3,31.9,155000
SD7,20090626,34.7,34.7,31.9,32.5,129400
SD7,20090625,32,35,31.7,32.6,174200
SD7,20090624,31.1,33.3,31.1,33.2,113300
SD7,20090623,31.1,32.9,31.1,31.2,217000
SD7,20090622,35.8,35.8,33.3,33.4,145600
SD7,20090619,37.5,37.8,34,35.8,127600
SD7,20090618,35.9,35.9,35,35.7,138400
SD7,20090617,33.7,35.6,32.2,33.6,298000
SD7,20090616,35.5,35.5,34.6,34.6,117200
SD7,20090615,37.6,38,36.9,37.1,268600
SD7,20090612,40.9,41.5,38,39.6,291100
SD7,20090611,37.1,39.9,37.1,39.2,360900
SD7,20090610,38.5,38.5,37,37.3,507700
SD7,20090609,42.5,43.8,38.7,39.7,679500
SD7,20090608,41.6,41.6,41.6,41.6,98100
SD7,20090605,38.9,38.9,38.9,38.9,125100
SD7,20090604,34.9,37.3,33.3,36.4,673600
SD7,20090603,36,36,34,34.9,238000
SD7,20090602,36.8,36.8,35.3,36.4,237000
SD7,20090601,34.6,34.9,33.4,34.4,195700
SD7,20090529,31.9,34.5,31.9,32.7,618300
SD7,20090528,34.2,34.2,34.2,34.2,52000
SD7,20090527,39.5,39.5,36.6,36.7,262500
SD7,20090526,40.8,40.9,37.1,39.3,454400
SD7,20090525,38.3,38.3,38,38.3,297100
SD7,20090522,36,36,34,35.8,962800
SD7,20090521,32.8,34.4,32.2,33.7,291400
SD7,20090520,31.4,33,31.4,32.2,306600
SD7,20090519,34.1,34.9,32.4,33,350900
SD7,20090518,34.6,34.6,32.4,33,217300
SD7,20090515,30.9,32.6,30.9,32.3,283100
SD7,20090514,30.2,31.3,28.9,30.4,371700
SD7,20090513,30.4,30.7,28.6,29.9,502500
SD7,20090512,28.4,30.4,27.5,29.2,233200
SD7,20090511,30.4,30.4,28.9,29.4,287000
SD7,20090508,28.5,30.8,28.4,30.1,297000
SD7,20090507,30.4,30.8,29.8,30.5,307600
SD7,20090506,29.9,29.9,28,28.7,342600
SD7,20090505,30.2,30.2,28.9,30.2,456600
SD7,20090504,28.2,28.2,28.2,28.2,26500
SD7,20090429,25.6,26.9,25.4,26.3,194500
SD7,20090428,24.2,26.3,24.2,25.4,219600
SD7,20090427,23.6,25.9,23.6,24.7,114900
SD7,20090424,25.3,25.4,23.8,24.5,180300
SD7,20090423,25.8,26.6,24.9,25.6,164500
SD7,20090422,25.3,26,24.9,25.8,253600
SD7,20090421,24.1,24.9,24.1,24.2,351400
SD7,20090420,26,26,26,26,23800
SD7,20090417,31.7,31.9,27.7,28,248500
SD7,20090416,31.4,32.4,28.7,29.8,386000
SD7,20090415,31.4,32.4,30.7,30.9,346900
SD7,20090414,34.5,34.6,31.9,33.1,443200
SD7,20090413,32.3,32.3,32.1,32.3,121100
SD7,20090410,29.9,30.1,29.7,30.1,225000
SD7,20090409,28.4,30.4,27.4,28.1,291800
SD7,20090408,30.9,30.9,27.7,28.8,361500
SD7,20090407,29.3,30,27.4,29.1,451300
SD7,20090403,27.4,28.1,26.4,28,369700
SD7,20090402,26.4,26.8,25.6,26.2,204600
SD7,20090401,24.7,25.2,24.2,25,118900
SD7,20090331,23.2,24.8,22.4,23.5,255000
SD7,20090330,24.6,25,23.8,24.2,158900
SD7,20090327,25.8,26.4,24.6,25.4,229300
SD7,20090326,26.4,26.6,25.4,25.8,224500
SD7,20090325,25.4,26.3,24.4,25.5,191400
SD7,20090324,25.4,25.4,24.9,25.4,188600
SD7,20090323,23.6,25,23.4,23.7,209800
SD7,20090320,26.1,26.3,24.6,25.2,255500
SD7,20090319,27.3,27.3,25,26.3,365000
SD7,20090318,25.4,25.5,25.1,25.5,162900
SD7,20090317,22.6,24,22.6,23.8,259300
SD7,20090316,22.4,22.7,22,22.4,177100
SD7,20090313,21.6,23.1,21.6,22.2,118000
SD7,20090312,22,22.6,21.1,21.6,203600
SD7,20090311,22.4,22.7,22.1,22.6,214800
SD7,20090310,20.6,21.9,20.2,21.2,175600
SD7,20090309,20.9,20.9,20.3,20.6,83200
SD7,20090306,20,20.4,19.9,20.3,90900
SD7,20090305,20.6,20.9,20.3,20.6,159900
SD7,20090304,19.2,19.7,19.1,19.5,50100
SD7,20090303,19.1,19.4,19,19.2,62100
SD7,20090302,19.4,20.4,19,19.9,91800
SD7,20090227,18.9,20.3,18.8,19.9,88000
SD7,20090226,20.7,20.7,18.6,19.6,148000
SD7,20090225,19,19.3,18.9,19.3,131000
SD7,20090224,18,18.4,17.7,18,126600
SD7,20090223,19.4,19.9,18.8,19.1,95800
SD7,20090220,20.6,20.6,19.4,20.2,42600
SD7,20090219,20.4,21.2,20.1,20.6,125700
SD7,20090218,20.6,20.9,19.9,20.3,86900
SD7,20090217,21.9,22,20.9,21.3,141400
SD7,20090216,22.4,23.2,22,22.3,82500
SD7,20090213,22.2,22.5,22.2,22.4,37000
SD7,20090212,21.9,22.9,21.9,22.5,43300
SD7,20090211,22.3,22.6,21.9,22.4,58600
SD7,20090210,23.5,23.5,22.5,22.8,46700
SD7,20090209,22.9,23.9,22.5,23.5,98300
SD7,20090206,20.5,23,20.5,22.3,111900
SD7,20090205,22.9,22.9,21.7,22,98000
SD7,20090204,23.4,24.2,22.4,23.4,54300
SD7,20090203,24.6,24.6,23,23.3,114100
SD7,20090202,25,25.2,24.2,24.8,35700
SD7,20090123,25.6,25.6,25,25.2,115400
SD7,20090122,25.4,26.1,25.4,25.6,8700
SD7,20090121,25.7,25.7,25.2,25.3,33600
SD7,20090120,25.5,25.7,25.4,25.5,36700
SD7,20090119,26.2,26.2,25.6,25.8,31300
SD7,20090116,26.4,26.5,26.1,26.3,40000
SD7,20090115,26.4,26.5,25.9,26.2,78900
SD7,20090114,26.8,26.9,26,26.3,56300
SD7,20090113,26.3,26.3,25.6,26,78300
SD7,20090112,26.9,27,26.3,26.5,63500
SD7,20090109,26.4,27.1,26.4,26.8,92000
SD7,20090108,26,27.4,26,26.6,129800
SD7,20090107,27.9,28,27.3,27.8,291500
SD7,20090106,25.3,26.7,24.9,26.1,147400
SD7,20090105,25.4,25.4,24.4,24.9,46900
SD7,20090102,25.2,25.2,24.9,25.1,52800
SD7,20081231,25.6,25.9,25.1,25.3,72000
SD7,20081230,24.6,25.6,24.6,25.3,79000
SD7,20081229,24.6,25.5,24.6,25.2,50300
SD7,20081226,24.9,25.7,24.4,25.2,76700
SD7,20081225,25.4,26.1,24.4,25.3,69600
SD7,20081224,26.1,26.3,24.9,25.9,57500
SD7,20081223,26.4,26.4,26,26.1,162800
SD7,20081222,27.9,28.6,27.4,28,190400
SD7,20081219,26.5,27.3,25.9,26.7,193800
SD7,20081218,26,26.3,25.5,26,100500
SD7,20081217,26,26.6,25,25.8,209800
SD7,20081216,27.9,28.4,24.7,25.8,169600
SD7,20081215,26.6,26.6,25.9,26.6,183100
SD7,20081212,23.4,25,23.4,24.8,165000
SD7,20081211,22.5,23.9,22.1,23.3,132900
SD7,20081210,22.5,22.9,21.9,22.3,68300
SD7,20081209,23.4,24.4,22.4,23.3,77100
SD7,20081208,24.1,24.1,22.5,22.7,131300
SD7,20081205,25.4,25.4,24,24.3,96400
SD7,20081204,25.9,26.3,25.3,25.7,96200
SD7,20081203,25.2,25.6,24.9,25.2,62500
SD7,20081202,24.9,25.4,24.6,25.1,94400
SD7,20081201,26.8,26.9,24.6,26,184700
SD7,20081128,24.3,25.3,23.9,25.1,112400
SD7,20081127,24.3,25.3,23.2,23.6,140600
SD7,20081126,25,25.4,23.9,24.3,121600
SD7,20081125,26,26,24.3,25,172000
SD7,20081124,25.3,25.4,23.7,24.3,184900
SD7,20081124,25.3,25.4,23.7,24.3,184900
SD7,20081121,22.9,25.2,22.9,23.7,255100
SD7,20081120,24.8,25.4,24.7,24.7,157100
SD7,20081119,28.6,28.6,26,26.6,90900
SD7,20081118,27.5,27.9,27.2,27.5,144500
SD7,20081117,28.4,29.4,27.8,28.6,81000
SD7,20081114,30,30,28,29.5,273900
SD7,20081113,26.3,29.3,26.3,28,174500
SD7,20081112,28,30.2,28,28.4,359000
SD7,20081111,32,32,29.7,30.2,158900
SD7,20081110,32.1,32.1,30.9,32,352100
SD7,20081107,28.9,32.4,28.4,29.9,463000
SD7,20081106,30.4,30.8,27.4,30.6,583700
SD7,20081105,28.7,28.7,28.7,28.7,10400
SD7,20081104,26.8,26.8,26.4,26.8,85500
SD7,20081103,25.7,25.7,23.9,25,382900
SD7,20081031,24,24,24,24,69400
SD7,20081030,21.9,22.6,21.9,22.4,170300
SD7,20081029,21.1,21.1,20.7,21.1,133500
SD7,20081028,19.1,21.4,19.1,19.7,267600
SD7,20081027,20.7,22.2,20.6,20.6,261300
SD7,20081024,22.9,22.9,22.1,22.2,78900
SD7,20081023,24.2,24.4,23.7,23.8,84700
SD7,20081022,25.7,25.9,25.2,25.6,71900
SD7,20081021,25.6,27.5,25.6,26.5,181900
SD7,20081020,26.4,27.8,24.9,25.6,80100
SD7,20081017,27,27,25.2,26,120100
SD7,20081016,24.4,26.3,24.1,25.2,123600
SD7,20081015,26.7,26.8,23.9,26,304300
SD7,20081014,25,25,25,25,1600
SD7,20081013,25.4,25.4,22.4,23.3,92800
SD7,20081010,24.1,24.1,24.1,24.1,31600
SD7,20081009,25.2,28.7,25.2,26,311800
SD7,20081008,27.2,28.4,27.2,27.2,197900
SD7,20081007,29.3,29.3,29.3,29.3,7100
SD7,20081006,33.9,33.9,31.4,31.6,100700
SD7,20081003,33.4,34.9,33.2,33.8,90100
SD7,20081002,33.9,35.4,33.4,34.5,152400
SD7,20081001,33.4,35.4,31.7,33.7,152400
SD7,20080930,33.4,33.4,33.4,33.4,15500
SD7,20080929,36.4,37.6,33.4,36,259200
SD7,20080926,35.5,35.5,33.5,35.3,357600
SD7,20080925,29.7,34.1,29.7,33.1,292600
SD7,20080924,31.4,33.1,30.4,31.8,155300
SD7,20080923,33.1,34.4,30.7,32,410400
SD7,20080922,33.1,33.1,33.1,33.1,30100
SD7,20080919,28.7,33.1,28.7,30.8,166600
SD7,20080918,30.9,30.9,30.9,30.9,10500
SD7,20080917,33.3,33.3,33.3,33.3,95700
SD7,20080916,38.4,38.6,35.5,35.9,96800
SD7,20080915,37.2,42.3,37.2,38.2,608500
SD7,20080912,40.1,40.1,40.1,40.1,58000
SD7,20080911,43.1,44.4,43.1,43.2,227400
SD7,20080910,45.6,48.4,45.3,46.4,120600
SD7,20080909,47.3,53.9,47.3,48.8,517100
SD7,20080908,50.9,50.9,50.9,50.9,65800
SD7,20080905,60,60.3,52.4,54.8,819000
SD7,20080904,56.5,56.5,53.4,56.4,396900
SD7,20080903,52.7,52.7,52.7,52.7,19900
SD7,20080829,49.4,49.5,46.4,49.2,529100
SD7,20080828,46.6,46.6,43.5,46.2,1087300
SD7,20080827,43.5,43.5,43.5,43.5,2000
SD7,20080826,40.6,40.6,40.6,40.6,100
SD7,20080825,37.9,37.9,37.9,37.9,26900
SD7,20080822,35.4,35.4,35.4,35.4,42500
SD7,20080821,33.1,33.1,31.3,33,96100
SD7,20080820,31.4,31.4,28.2,30.9,613500
SD7,20080819,29.5,29.5,27.5,29.3,706000
SD7,20080818,27.5,27.5,26.5,27.5,194900
SD7,20080815,25.6,25.6,25.6,25.6,29300
SD7,20080814,24.6,24.6,23.5,24.6,145900
SD7,20080813,23.9,23.9,22.6,23.6,234000
SD7,20080812,23.1,23.1,22.4,23,190600
SD7,20080811,22.2,22.2,22.2,22.2,10200
SD7,20080808,20.6,21.6,20.4,21.3,120200
SD7,20080807,20.4,21.1,19.9,20.8,130800
SD7,20080806,19.8,21.3,19.8,20.3,250100
SD7,20080805,20.6,20.6,20.6,20.6,3400
SD7,20080804,21.5,21.5,21.5,21.5,22500
SD7,20080801,22.4,23.4,22.3,22.4,240400
SD7,20080731,23.9,24.1,22.3,23.2,224700
SD7,20080730,24.2,24.3,22.3,23.2,145400
SD7,20080729,23.2,23.4,22.4,23.3,139200
SD7,20080728,21.7,23.2,21.7,22.4,252900
SD7,20080725,22.7,22.8,22.7,22.7,120500
SD7,20080724,23.2,25,23.2,23.7,530900
SD7,20080723,24.2,24.2,24.2,24.2,2200
SD7,20080722,25.3,25.3,25.3,25.3,100
SD7,20080721,27,27,26.4,26.4,59500
SD7,20080718,28,28,25.9,27.6,690800
SD7,20080717,26.9,26.9,26.9,26.9,10000
SD7,20080716,26.1,26.1,23.9,25.8,548000
SD7,20080715,25,25,25,25,45900
SD7,20080714,24,24,24,24,17300
SD7,20080711,23,23,23,23,25100
SD7,20080710,22,22.1,21.2,22.1,92500
SD7,20080709,21.2,21.2,20.3,21.2,241400
SD7,20080708,20.7,21.2,19.4,20.4,420600
SD7,20080707,20.8,20.8,19,20.3,716500
SD7,20080704,19.9,19.9,19.9,19.9,79900
SD7,20080703,19.1,19.1,19.1,19.1,23800
SD7,20080702,18.4,18.4,17.4,18.3,531800
SD7,20080701,17.6,17.6,17.4,17.6,87400
SD7,20080630,15.9,17.3,15.9,16.9,211600
SD7,20080627,16.2,17.2,16,16.6,226200
SD7,20080626,16.9,17.6,16.2,16.7,397100
SD7,20080625,16.7,18.1,16.7,16.9,515600
SD7,20080624,17.5,17.5,17.5,17.5,36900
SD7,20080623,18.3,18.3,18.3,18.3,75400
SD7,20080620,19.1,19.1,19.1,19.1,100
SD7,20080619,20,20,20,20,2000
SD7,20080618,21.1,21.1,19.9,20.9,145100
SD7,20080617,20.5,20.5,20.5,20.5,6100
SD7,20080616,19.6,20.8,19.6,19.9,1019200
SD7,20080613,20.2,20.2,20.2,20.2,41300
SD7,20080612,20.9,20.9,20.9,20.9,12200
SD7,20080611,21.6,21.6,21.6,21.6,147500
SD7,20080610,22.3,22.3,22.3,22.3,38200
SD7,20080609,23,23,23,23,10100
SD7,20080606,23.7,23.7,23.7,23.7,100
SD7,20080605,24.5,24.5,24.5,24.5,20100
SD7,20080603,25.3,25.3,25.3,25.3,10200
SD7,20080602,26.1,26.1,26.1,26.1,100
SD7,20080530,26.9,26.9,26.9,26.9,100
SD7,20080528,27.8,27.8,27.8,27.8,800
SD7,20080526,28.7,28.7,28.7,28.7,100
SD7,20080522,30.5,30.5,30.5,30.5,100
SD7,20080521,31.5,31.5,31.5,31.5,100
SD7,20080520,32.5,32.5,32.5,32.5,1700
SD7,20080519,33.5,33.5,33.5,33.5,100
SD7,20080516,34.6,34.6,34.6,34.6,10100
SD7,20080515,35.7,35.7,35.7,35.7,100
SD7,20080514,36.8,36.8,36.8,36.8,100
SD7,20080513,38,38,38,38,100
SD7,20080512,39.2,39.2,39.2,39.2,100
SD7,20080509,40.4,40.4,40.4,40.4,13400
SD7,20080507,41.7,41.7,41.7,41.7,100
SD7,20080506,43,43,43,43,20700
SD7,20080505,44.4,44.4,44.4,44.4,200
SD7,20080429,45.8,45.8,45.8,45.8,100
SD7,20080428,47.3,47.3,47.3,47.3,106100
SD7,20080425,48.8,48.8,48.8,48.8,7100
SD7,20080424,50.3,50.3,50.3,50.3,100
SD7,20080423,51.9,51.9,51.9,51.9,200
SD7,20080422,53.5,53.5,53.5,53.5,100
SD7,20080421,55.2,55.2,55.2,55.2,200
SD7,20080418,56.9,56.9,56.9,56.9,2000
SD7,20080417,58.6,60.4,58.6,58.7,469500
SD7,20080416,60.4,60.4,60.4,60.4,100
SD7,20080410,62.3,62.3,62.3,62.3,200
SD7,20080409,64.4,64.4,64.3,64.3,6300
SD7,20080408,68.3,68.3,64.3,66.4,39800
SD7,20080407,66.3,66.3,66.3,66.3,5500
SD7,20080404,64.3,64.3,64.3,64.3,100
SD7,20080403,63,63,63,63,300
SD7,20080402,61.8,61.8,61.8,61.8,100
SD7,20080401,60.6,60.6,60.6,60.6,100
SD7,20080331,59.4,59.4,59.4,59.4,1900
SD7,20080328,58.2,58.2,58.2,58.2,100
SD7,20080327,56.2,57.1,56.2,57.1,4000
SD7,20080326,52.3,64.5,52.3,56,26200
SD7,20080325,58.4,58.4,58.4,58.4,1400
SD7,20080324,65.2,65.2,65.2,65.2,2600
SD7,20080321,75.8,75.9,70.7,72.7,17000
SD7,20080320,80.2,81.2,73.2,78.5,16900
SD7,20080319,80.8,87.2,77.2,80.1,22400
SD7,20080318,87.3,87.3,80.7,80.8,30100
SD7,20080317,91.2,91.7,89.4,89.9,21400
SD7,20080314,100.2,103.7,96.3,99.6,12100
SD7,20080313,102.2,105.2,101.2,102.5,17200
SD7,20080312,95.7,104.2,95.7,101.8,14400
SD7,20080311,94.7,100.2,94.1,94.8,26800
SD7,20080310,107.7,107.7,97.7,104.8,49400
SD7,20080307,97.7,97.7,97.7,97.7,6200
SD7,20080306,88.6,88.6,88.6,88.6,1900
SD7,20080305,79.6,87.2,79.6,80.3,32700
SD7,20080304,92.3,92.3,88.1,88.7,6600
SD7,20080303,105.2,107.2,95.7,98.2,18400
SD7,20080229,104.2,108.2,104.2,105.9,15100
SD7,20080228,116.1,116.1,104.2,107.1,18500
SD7,20080227,103.2,116.2,103.2,110,26300
SD7,20080226,125.1,125.1,102.7,107.3,22800
SD7,20080225,112.2,114.5,112.2,114.3,6100
SD7,20080222,97.2,112.2,97.2,103.9,43400
SD7,20080221,107.2,107.2,105,105.2,15100
SD7,20080220,123.2,125.2,111.3,116.9,21400
SD7,20080219,120.2,130.2,119.2,123.6,21600
SD7,20080218,122.2,127.2,118.7,123.6,21800
SD7,20080215,134.2,134.2,129.3,131.3,18500
SD7,20080214,134.2,142.1,134.2,137.1,32700
SD7,20080213,139.2,139.2,134.2,136.3,14900
SD7,20080212,147.2,147.2,127.3,139.2,26200
SD7,20080201,138.2,140.4,137.2,139.9,20900
SD7,20080131,131.9,131.9,117.2,127.4,61900
SD7,20080130,119.7,119.7,119.7,119.7,5600
SD7,20080129,104.2,113.7,104.2,108.6,30700
SD7,20080128,105.8,108.2,101.2,103.3,27200
SD7,20080125,98.2,103.2,97.2,101.3,5000
SD7,20080124,107.1,107.2,93.2,100.9,13900
SD7,20080123,101.2,102.2,95.2,98.8,11100
SD7,20080122,110.1,110.1,99.8,104.2,20800
SD7,20080121,109.2,111.7,109.2,110.6,4800
SD7,20080118,112.7,117,109.2,112.8,12400
SD7,20080117,117.2,117.8,105.4,112.7,20300
SD7,20080116,107.4,107.4,102.2,106.9,11500
SD7,20080115,107.2,107.2,97.1,97.4,12600
SD7,20080114,113.2,113.2,105.2,108.1,12000
SD7,20080111,111.2,122.2,111.2,116.5,12500
SD7,20080110,113.5,113.5,110.7,112,4400
SD7,20080109,120.2,120.7,117.2,118.4,2400
SD7,20080108,117.2,127.2,117.2,120.4,7000
SD7,20080107,122.7,122.7,115.2,117,6200
SD7,20080104,127.7,127.7,122.2,125.1,9000
SD7,20080103,132.2,134.2,132.2,132.5,2500
SD7,20080102,134.3,137.2,134.3,135.1,1200
SD7,20071228,138.2,138.2,136.3,137.7,5900
SD7,20071227,142.2,142.2,136.2,137.9,5600
SD7,20071226,136.2,141.2,136.2,138,7700
SD7,20071225,138.3,138.3,134.7,137,4400
SD7,20071224,137.2,139.7,137.2,138.8,2800
SD7,20071221,125,140.2,125,139.1,10500
SD7,20071220,142,142,138.2,139.1,2300
SD7,20071219,144.2,145,142.2,143.8,16900
SD7,20071218,132.2,138.7,131.2,136.1,9100
SD7,20071217,138.9,139.2,133.2,136.4,7300
SD7,20071214,142.2,142.2,140.2,140.9,10300
SD7,20071213,144.2,144.7,141.2,142,16300
SD7,20071212,140.7,148.2,140.2,144.8,17700
SD7,20071211,142.3,144.7,141.2,142.3,19400
SD7,20071210,152.2,152.2,144.2,147.6,12100
SD7,20071207,147.2,153.2,146.2,150.2,16100
SD7,20071206,152.2,153.2,145.7,148.9,29000
SD7,20071205,154.7,162.2,148.2,153.3,32100
SD7,20071204,143.2,154.3,143.2,153.5,69700
SD7,20071203,145.2,145.2,137.3,140.1,25300
SD7,20071130,142.2,142.2,133.2,138.4,33600
SD7,20071129,142.2,147.2,141.2,145.1,18700
SD7,20071128,144.2,145.2,141.2,142.6,9200
SD7,20071127,141.3,146.7,138.2,142.9,25500
SD7,20071126,136.2,142.2,135.2,137.5,12100
SD7,20071123,135.2,138.2,135.2,136.6,15200
SD7,20071122,130.4,144.2,130.4,140.1,25200
SD7,20071121,139.2,139.7,128.1,133.5,16200
SD7,20071120,152.2,157.2,138.2,142.6,19900
SD7,20071119,147.2,147.2,145.2,146.7,22400
SD7,20071116,147.2,149.2,145.2,147.1,15900
SD7,20071115,167.2,168,152.2,156.7,20100
SD7,20071114,151.2,155.7,132.2,155.3,99500
SD7,20071113,156.2,156.2,140.4,141.3,12900
SD7,20071112,162.2,162.2,154.1,156.3,27900
SD7,20071109,177.2,177.2,170.1,171.5,44300
SD7,20071108,193.2,197.2,184.2,189.3,27700
SD7,20071107,186.2,207.3,186.2,201.9,36000
SD7,20071106,197.2,202.2,192.2,195.6,20400
SD7,20071105,217.2,227.2,200.7,206.8,24000
SD7,20071102,232.8,232.8,198.2,221.5,45900
SD7,20071101,178.9,219.1,178.9,211.4,40600
SD7,20071031,215.2,215.2,197.3,199,51700
SD7,20071030,247.2,247.2,204.2,219.5,41700
SD7,20071029,233.8,233.8,207.2,224.8,92700
SD7,20071026,212.3,212.3,212.3,212.3,31600
SD7,20071025,192.8,192.8,192.8,192.8,27400
SD7,20071024,175.1,175.1,175.1,175.1,100
SD7,20071023,159,159,159,159,200
SD7,20071022,144.9,144.9,137.9,489.3,163338
SD7,20071019,124.2,136.8,118.2,446.7,207854
SD7,20071018,144.2,144.3,117.6,422,232288
SD7,20071017,131,131,127.2,444.9,193462
SD7,20071016,118.8,118.8,118.8,404.3,48867
SD7,20071015,107.9,107.9,104.8,367.3,67946
SD7,20071012,99.7,99.7,92.8,334.1,190784
SD7,20071011,90.4,90.4,90.4,309.1,124177
SD7,20071010,75.5,86.9,75.2,280.8,85351
SD7,20071009,83.2,83.2,77.8,270.1,113466
SD7,20071008,92.8,92.8,80.9,296.8,68615
SD7,20071005,86.8,87.5,82.3,295.4,156978
SD7,20071004,80.2,80.2,74,272.1,142586
SD7,20071003,73.3,73.3,65.6,249.8,294879
SD7,20071002,66.4,66.4,66.4,228.7,26442
SD7,20071001,59.9,60.1,59.9,207.7,36483
SD7,20070928,51,55,51,188.6,99074
SD7,20070927,48.3,51.4,47.8,166.6,115809
SD7,20070926,48,48.6,47.2,166.6,60917
SD7,20070925,48,48.6,47.4,167.3,60917
SD7,20070924,45,47.4,45,162.1,46524
SD7,20070921,45,45,44,155.2,80665
SD7,20070920,45,45.6,44.4,157.6,69619
SD7,20070919,45,45,43.9,156.4,85016
SD7,20070918,45,45.1,42.9,146,107776
SD7,20070917,40,44,39.9,146,50875
SD7,20070914,42,42,39,140.3,45185
SD7,20070913,43.5,45.2,40.8,148.8,63260
SD7,20070912,46.5,46.5,40.5,157.5,123507
SD7,20070911,42.1,42.1,40.5,147.2,55896
SD7,20070910,38.3,38.3,37.8,133.8,86355
SD7,20070907,34.5,35.1,33.9,122.4,16400
SD7,20070906,34.5,34.5,32.8,119.1,20752
SD7,20070905,34.8,34.8,34.4,122.3,44516
SD7,20070904,34.5,34.8,33.6,121.3,11380
SD7,20070831,33.1,33.4,33.1,117.4,6024
SD7,20070830,32,33.1,31.6,114.7,42173
SD7,20070829,31.7,32,31.7,112.9,3681
SD7,20070828,32.2,32.2,31.6,113.3,4016
SD7,20070827,33.1,33.1,32.2,116.1,9706
SD7,20070824,31.6,33.1,31.6,114.3,17739
SD7,20070823,31.6,31.6,31,110.8,13723
SD7,20070822,33.1,33.1,31.7,115.1,20417
SD7,20070821,34.8,34.8,33.1,119.1,8702
SD7,20070820,34.7,34.7,34.7,122.7,334
SD7,20070817,33.6,33.6,33.1,117.4,20082
SD7,20070816,34.8,34.8,34.5,122.9,4685
SD7,20070815,34.8,35.4,34.8,123.4,12384
SD7,20070814,36,36,35.1,124.4,8033
SD7,20070813,35.7,35.7,35.1,125.4,2008
SD7,20070810,35.7,35.7,35.6,125.9,2677
SD7,20070809,35.7,36,35.7,126.5,6359
SD7,20070808,36.9,36.9,35.7,126.9,12049
SD7,20070807,35.3,36,35.3,126.8,20417
SD7,20070806,35,35.4,34.8,124.8,6359
SD7,20070803,36,36,35,126,3347
SD7,20070802,36,36.2,35.8,126.8,5690
SD7,20070801,36.3,38.1,36.3,132.9,15396
SD7,20070731,35.7,35.7,34.5,123.4,5355
SD7,20070730,36.6,36.6,36,128.3,11045
SD7,20070727,36.6,36.6,36.6,129.2,2008
SD7,20070726,36,36,35.7,126.8,6024
SD7,20070725,42,42,36.5,134.3,18074
SD7,20070724,39,41,39,143.4,30458
SD7,20070723,36,38.9,36,130.5,31797
SD7,20070720,35.1,35.4,34.8,124.2,27111
SD7,20070719,34.8,34.9,34.5,123.2,42173
SD7,20070718,35.7,36,34.5,125,9037
SD7,20070717,35.1,35.1,35.1,124.2,3012
SD7,20070716,34.5,34.8,34.2,122.5,15731
SD7,20070713,35.4,36.9,34.5,127.4,23094
SD7,20070712,34.5,35.7,34.2,122.9,15396
SD7,20070711,36,36,35.7,127,14057
SD7,20070710,34.5,35.7,34.1,124,19413
SD7,20070709,34.5,34.5,33.1,119.3,9037
SD7,20070706,33.1,35.4,32.5,120.1,10710
SD7,20070705,36.3,36.3,32.4,118.3,18074
SD7,20070704,34.8,37.5,34.8,127.9,34140
SD7,20070703,34.8,34.8,34.8,122.9,11380
SD7,20070702,42,42.2,37.7,136.8,17739
SD7,20070629,42.3,42.3,42,147.8,5690
SD7,20070628,42.3,42.8,41.4,154.3,17070
SD7,20070627,43.8,43.8,42.9,151.6,14392
SD7,20070626,44.1,44.3,43.8,154.2,15396
SD7,20070625,43.8,44.3,43.8,154.3,5020
SD7,20070622,45,45,42.2,153.8,9037
SD7,20070621,45.6,45.6,44.9,157.4,50206
SD7,20070620,46.2,46.2,44.9,158.3,16400
SD7,20070619,46.9,47.7,46.2,163.6,8702
SD7,20070618,46.2,46.9,46.2,162.9,13723
SD7,20070615,46.8,46.8,46.5,163,19078
SD7,20070614,46.9,47.4,46.9,164.1,23764
SD7,20070613,46.8,48,46.8,165.2,59913
SD7,20070612,46.5,47.4,46.3,163,52884
SD7,20070611,47.1,47.1,46.2,162,31128
SD7,20070608,47.1,47.7,46.2,162.6,24768
SD7,20070607,46.5,46.8,45.6,161.1,21756
SD7,20070606,45,47.7,43.8,157.6,51880
SD7,20070605,46.5,46.5,44.7,157.8,76313
SD7,20070604,48.3,48.3,46.7,165.5,55227
SD7,20070601,51,51,48,169.7,109450
SD7,20070531,50.4,50.6,49.5,174,109115
SD7,20070530,50.1,51,48,171.9,89032
SD7,20070529,52.2,52.7,48.9,172.4,84012
SD7,20070528,48.5,48.5,45.9,167,164007
SD7,20070525,39.7,48,39.7,153.2,196809
SD7,20070524,45,45,44.3,155,38156
SD7,20070523,50,50,45,172.4,177396
SD7,20070522,45.2,45.2,45.2,157.8,47194
SD7,20070521,38.7,40.8,38.7,143.2,33805
SD7,20070518,34.8,38.1,34.8,130.1,108780
SD7,20070517,34.1,34.8,34.1,121.9,10376
SD7,20070516,33.4,34.6,33.4,120.5,32801
SD7,20070515,34.5,35.1,33.6,121.3,56231
SD7,20070514,33.1,34.8,33.1,121.3,42842
SD7,20070511,33.9,34.2,33.4,120,35813
SD7,20070510,35.4,35.4,34.2,122.6,12384
SD7,20070509,35.7,36,34.5,125.6,34475
SD7,20070508,30.1,36,30.1,124.1,29789
SD7,20070507,34.2,34.2,33.1,119.6,16066
SD7,20070504,35.1,35.1,34.2,122.7,6024
SD7,20070503,34.8,35.1,34.5,123.2,7028
SD7,20070502,34.4,36,33.1,121,13723
SD7,20070425,31.9,34.4,31.4,116.8,12718
SD7,20070424,32.5,32.5,30.1,110.5,27780
SD7,20070423,33.4,34.8,31.6,115.4,21421
SD7,20070420,36,36,34.8,124.2,40499
SD7,20070419,38.4,38.4,34.5,128.2,14392
SD7,20070418,35.3,37.5,34.5,129.5,96061
SD7,20070417,35.6,37.5,34.5,122.6,31797
SD7,20070416,42.9,42.9,37.9,135.9,43846
SD7,20070413,44.9,44.9,40.5,148.4,43512
SD7,20070412,40.8,40.8,38.7,142.3,127189
SD7,20070411,35.1,37.9,35.1,129.9,107776
SD7,20070410,33.9,35.7,33.1,121.1,49871
SD7,20070409,31.3,33.1,31.3,116.1,65268
SD7,20070406,33.1,33.1,30.1,111.2,7363
SD7,20070405,31.3,33.1,31.3,112.5,70623
SD7,20070404,26.4,32.9,26.4,111.5,41838
SD7,20070403,30.4,30.4,29.6,105.9,4351
SD7,20070402,32.5,34.5,31,117.5,29789
SD7,20070330,35.1,35.1,32.5,122.4,19747
SD7,20070329,28.6,32.3,28.6,113.9,62925
SD7,20070328,31.5,31.6,28.2,104,26776
SD7,20070327,31.9,31.9,30.5,112.6,6359
SD7,20070326,33.1,36.9,33.1,120.8,29119
SD7,20070323,36,36,34.5,124.5,7028
SD7,20070322,32.5,36,32.5,119.8,56231
SD7,20070321,36.9,36.9,35.4,128.3,11714
SD7,20070320,39.3,39.3,36.9,135.5,14392
SD7,20070319,35.5,35.5,35.5,125.3,73301
SD7,20070319,35.5,35.5,35.5,125.3,73301
SD7,20070316,30.9,34.3,27.7,113.7,7698
SD7,20070315,30.9,30.9,30.9,110.1,61586
SD7,20070314,34.6,34.8,34.6,122.6,29119
SD7,20070313,38.7,41.4,36.6,136.3,62256
SD7,20070312,41.4,41.4,39,143.7,39161
SD7,20070309,41,42,41,145,43512
SD7,20070308,44.2,44.2,39.3,143.7,45855
SD7,20070307,40.9,41,37.1,140.2,34140
SD7,20070306,39.7,39.7,35.6,132,74640
