<Ticker>,<DTYYYYMMDD>,<Open>,<High>,<Low>,<Close>,<Volume>
SDU,20100729,70.2,71,69.9,70,118100
SDU,20100728,74.5,74.5,69.7,70.3,155900
SDU,20100727,69.7,69.7,69.7,69.7,23000
SDU,20100726,65.2,65.2,65.2,65.2,159500
SDU,20100723,61.5,61.5,60.3,61,25600
SDU,20100722,61.6,61.7,60.8,61.1,21300
SDU,20100721,62.8,62.8,61,61.7,17700
SDU,20100720,63,63.3,61.5,62.2,51400
SDU,20100719,63,63.2,61.5,62.1,40000
SDU,20100716,65,65,62.8,63,22900
SDU,20100715,64.1,64.1,62.8,63,113500
SDU,20100714,61,63.9,61,62.9,102400
SDU,20100713,59.3,62.2,58.7,60.9,74800
SDU,20100712,59.3,59.3,58.6,58.8,23000
SDU,20100709,59.5,59.5,58.5,58.9,27300
SDU,20100708,59.1,59.8,58.5,59,25300
SDU,20100707,58.5,59.6,58.5,59.1,36200
SDU,20100706,60.8,60.8,59.2,59.3,59100
SDU,20100705,58.7,59.5,58.5,59.2,28700
SDU,20100702,57.8,60,57.5,58.7,68100
SDU,20100701,59,59,57.3,58.2,72000
SDU,20100630,59.8,59.8,57.5,58.7,163200
SDU,20100629,58.5,61.4,58.5,59.8,95700
SDU,20100628,55,58.5,54.8,58,95300
SDU,20100625,58,58,57,57.2,4400
SDU,20100624,60,60,57.7,58,7400
SDU,20100623,58,58,57.3,57.7,29300
SDU,20100622,58.3,58.3,57,57.5,16300
SDU,20100621,58.3,58.3,57.5,58.3,20700
SDU,20100618,59,59,57.8,58.2,16500
SDU,20100617,58.2,59,56.5,57.8,46400
SDU,20100616,55,58.5,55,58.2,28000
SDU,20100615,57,58.9,57,57.8,500
SDU,20100614,59.2,59.2,59.2,59.2,100
SDU,20100611,56.3,57.8,56.3,57.5,71400
SDU,20100610,57,57.5,56.8,57.1,5400
SDU,20100609,58.5,59,57.6,58.5,25200
SDU,20100608,57,59.5,57,58.3,6400
SDU,20100607,59.7,59.7,58.5,59,17100
SDU,20100604,60,60,58.8,59.6,13400
SDU,20100603,60,60.1,59.6,59.9,219700
SDU,20100602,60.7,60.7,59.5,59.9,109000
SDU,20100601,61,61.1,60.5,60.7,36400
SDU,20100531,61,61.6,60.9,61,23200
SDU,20100528,61,62.8,60,60.9,94400
SDU,20100527,60.5,61,59.5,60.2,24200
SDU,20100526,61,61.5,59.8,60.9,52100
SDU,20100525,59.5,60,58,59.7,18700
SDU,20100524,60,60.1,58,59.5,90300
SDU,20100521,58.5,59,56.2,56.8,73500
SDU,20100520,60,60.6,58.8,59.6,63600
SDU,20100519,62.1,62.1,59.6,60.6,131400
SDU,20100518,57.5,59.8,56.3,58.7,226500
SDU,20100517,56.3,57.5,55.1,56.6,758300
SDU,20100514,55.8,57.5,55.5,56.6,126100
SDU,20100513,56,56.5,55,55.8,324300
SDU,20100512,57.2,57.3,55.3,56.1,290800
SDU,20100511,57.5,58.3,56,57.2,176700
SDU,20100510,57,57,56,56.1,140600
SDU,20100507,57,59,55.3,57.6,582600
SDU,20100506,58.3,58.9,58.3,58.6,411800
SDU,20100505,59.3,59.3,57.1,58.3,363500
SDU,20100504,57.9,59.5,57.9,59.1,213700
SDU,20100429,55.8,58.5,55.8,57.9,434500
SDU,20100428,54,55.8,54,55.4,354200
SDU,20100427,55.5,55.9,55,55.5,441200
SDU,20100426,56,56.5,54,55.5,501100
SDU,20100422,56,56.3,54,55.9,852300
SDU,20100421,52.5,53.3,51.5,53.3,651000
SDU,20100420,49.5,51.5,48,50.5,205700
SDU,20100419,50,50,48.5,50,501700
SDU,20100416,45.3,47.5,45.3,47.4,425400
SDU,20100415,44.3,46,44.3,45.1,223300
SDU,20100414,42.8,44.2,42.8,44,129300
SDU,20100413,44,44,43.5,43.8,43600
SDU,20100412,45,45,44,44.3,39800
SDU,20100409,44.8,45,44.2,44.5,82400
SDU,20100408,44.3,45,44,44.4,42800
SDU,20100407,44,44,43.5,43.9,40700
SDU,20100406,43.7,44.3,43.7,44,293300
SDU,20100405,43.7,43.9,43.5,43.7,110100
SDU,20100402,44,44.2,43.4,43.7,120100
SDU,20100401,44,44,43.1,43.6,202400
SDU,20100331,44.3,44.4,43.5,43.9,118100
SDU,20100330,45.2,45.2,43.8,44.2,164400
SDU,20100329,44.3,45,44,44.6,288400
SDU,20100326,45.4,45.4,43.5,44.6,159800
SDU,20100325,45,45,43.5,44.3,100000
SDU,20100324,45.5,45.5,44.5,44.7,98600
SDU,20100323,45.3,46,44.3,45.1,74800
SDU,20100322,45.1,45.1,44.3,44.7,82100
SDU,20100319,45.3,45.5,44.6,45.1,128700
SDU,20100318,45.3,45.5,44.3,45,120000
SDU,20100317,45.5,46,44.3,45.3,74500
SDU,20100316,46,46.7,44.5,45.5,123500
SDU,20100315,47.5,47.5,45.8,46.7,78700
SDU,20100312,47.5,47.5,46.8,47.1,125700
SDU,20100311,46.5,48,46.5,47.1,147600
SDU,20100310,46.1,47,45.3,46.4,256000
SDU,20100309,46.8,47,46,46.5,136900
SDU,20100308,47.3,47.8,46.3,47.1,132400
SDU,20100305,44.8,47.4,44.8,46.3,221300
SDU,20100304,45,45.5,44.4,45,198300
SDU,20100303,43.8,45,43.6,44.2,136500
SDU,20100302,43,44.1,43,43.6,161400
SDU,20100301,43,43.5,43,43.2,124800
SDU,20100226,43.2,43.3,42.5,43.1,68600
SDU,20100225,43,44,42.3,43.2,105600
SDU,20100224,41.8,44.2,41.8,42.3,72200
SDU,20100223,41.9,42.8,41.8,42,55800
SDU,20100222,43,43,42.5,42.7,53800
SDU,20100212,41.8,42.5,41.8,42.3,41200
SDU,20100211,42,42.3,41.8,42.1,40600
SDU,20100210,41.4,42,41.4,41.7,111400
SDU,20100209,42,42,40.1,41.4,71400
SDU,20100208,41.3,42.2,41.3,41.9,61800
SDU,20100205,41,43,40.3,41.5,20000
SDU,20100204,41,41,40.5,40.9,9800
SDU,20100203,40,41,40,40.8,34600
SDU,20100202,40.5,40.5,39.8,40,41900
SDU,20100201,41,41,40.3,40.8,5300
SDU,20100129,40.8,41,40.7,40.8,24500
SDU,20100128,40,40.5,40,40.3,19500
SDU,20100127,40,41,40,40.6,7400
SDU,20100126,41.8,41.9,41,41.7,19000
SDU,20100125,39,40.5,39,39.9,11500
SDU,20100122,37.3,40.5,37.3,38.5,27300
SDU,20100121,39.3,40.5,38.5,39.2,27300
SDU,20100120,41,41,40,40.6,10200
SDU,20100119,40.3,41.3,40,40.8,10800
SDU,20100118,41,41,40,40.3,27300
SDU,20100115,42.9,43,42,42.3,12800
SDU,20100114,43.3,43.3,42.8,42.9,21600
SDU,20100113,41.6,43.4,40.8,42.7,74200
SDU,20100112,43,43.2,42,42.7,54700
SDU,20100111,44.1,44.3,43,43.8,24400
SDU,20100108,46,46.1,43.9,45.1,51400
SDU,20100107,45,47.5,45,46.4,134600
SDU,20100106,45.3,46.3,44,45,88500
SDU,20100105,45,46.3,44.2,45.4,19500
SDU,20100104,43.8,44.4,42.5,44,76300
SDU,20091231,42.1,42.8,41,42.2,48200
SDU,20091230,41.3,41.9,41,41.7,32400
SDU,20091229,41.3,42,40.5,41.7,44400
SDU,20091228,41.1,42,41,41.6,16800
SDU,20091225,43.1,43.1,40.1,42,51600
SDU,20091224,41,42,40.1,41.2,57500
SDU,20091223,41.2,41.4,39.1,40.9,40300
SDU,20091222,43,43,40,41.2,13500
SDU,20091221,41.4,41.7,41.1,41.4,45000
SDU,20091218,39.8,39.8,39.3,39.6,24200
SDU,20091217,39.5,39.5,36.3,39,106900
SDU,20091216,39,39,38,38.2,14500
SDU,20091215,40.9,40.9,40,40.1,17100
SDU,20091214,40.5,41.5,39.8,40.6,99200
SDU,20091211,40.8,41,39.7,40.5,43500
SDU,20091210,39,43.1,38.8,41.3,109100
SDU,20091209,41.8,41.8,40.3,40.9,65600
SDU,20091208,40.6,43.2,40.5,42.2,123600
SDU,20091207,41.9,44.3,40.6,42.8,64400
SDU,20091204,42.2,43.7,40.8,42.9,127500
SDU,20091203,41.3,43.4,41.3,42,78300
SDU,20091202,43.8,44.5,42.7,43.4,398800
SDU,20091201,41.8,42.7,41.8,42.5,37100
SDU,20091130,39.2,40.7,39.2,40.6,122500
SDU,20091127,38.3,39.8,38,38.7,32900
SDU,20091126,39.9,42.5,39.9,40.2,65900
SDU,20091125,41.8,44,41.6,42.2,89900
SDU,20091124,43.8,44.8,43.3,44,36900
SDU,20091123,45.1,45.1,43.3,44,73400
SDU,20091120,45.3,45.4,44.8,45.1,15200
SDU,20091119,45,45.5,45,45.2,33500
SDU,20091118,45.2,45.5,44.5,45.3,32100
SDU,20091117,45.5,45.5,44.5,45.2,35400
SDU,20091116,45.5,45.7,45,45.4,30300
SDU,20091113,45.3,45.8,44.3,45.3,46200
SDU,20091112,45.3,45.8,44.7,45.3,46700
SDU,20091111,44,44.9,42.6,44,78400
SDU,20091110,42.4,43.8,40.1,42.6,54800
SDU,20091109,42.8,42.8,42,42.4,66200
SDU,20091106,47,47,42.3,44.4,49500
SDU,20091105,43.3,45,42.8,44.7,64700
SDU,20091104,39.4,43.5,39.4,42.7,89400
SDU,20091103,41.8,43.5,41.2,41.5,105600
SDU,20091102,44.3,44.3,43.3,43.5,48300
SDU,20091030,47.5,47.5,45.8,45.8,22900
SDU,20091029,46,46,44.3,45.1,86300
SDU,20091028,45.3,47.8,45.3,46.5,77500
SDU,20091027,45.9,46.5,45.7,45.8,85600
SDU,20091026,48.7,49.3,47.3,48.4,133500
SDU,20091023,50.3,50.3,47.8,49.5,290900
SDU,20091022,51.8,51.8,48.3,50.3,232400
SDU,20091021,50.6,50.6,47.9,50.1,469000
SDU,20091020,47.9,47.9,47.9,47.9,31000
SDU,20091019,43.7,46.1,43.7,45.4,267100
SDU,20091016,45.5,45.5,43.3,43.7,190800
SDU,20091015,45.8,46.8,44.6,45.5,147000
SDU,20091014,46.3,46.3,42.8,44.5,116400
SDU,20091013,47.6,47.6,44.5,45.3,138900
SDU,20091012,45.2,45.7,44,45.1,176700
SDU,20091009,43.7,45.2,43.3,44,228400
SDU,20091008,45.8,45.8,43.3,44,78400
SDU,20091007,44,44,43.9,44,89100
SDU,20091006,39.9,42.1,38,41.7,223500
SDU,20091005,39.9,40.9,39.9,40,224100
SDU,20091002,42.1,42.1,42.1,42.1,37700
SDU,20091001,44.5,45.6,44.5,44.6,25500
SDU,20090930,49.8,49.8,46.7,47.1,57100
SDU,20090929,52.5,52.5,47.3,49.5,118700
SDU,20090928,43.5,51.8,43.5,49.7,630600
