<Ticker>,<DTYYYYMMDD>,<Open>,<High>,<Low>,<Close>,<Volume>
TLC,20100729,17,18.3,17,18.2,592100
TLC,20100728,18.8,18.9,17.3,17.5,966900
TLC,20100727,19.4,19.9,18.4,18.6,1051700
TLC,20100726,20.7,20.7,19.2,19.7,841000
TLC,20100723,21.5,21.6,19.8,20.6,971700
TLC,20100722,21.8,22,20.3,20.9,778800
TLC,20100721,21.8,21.8,20.5,21.6,981900
TLC,20100720,19.3,20.5,19.2,20.4,1689500
TLC,20100719,18.9,19.8,18.9,19.2,514600
TLC,20100716,18.8,19.5,18.8,19.1,629000
TLC,20100715,19.7,19.9,18.7,19.3,538700
TLC,20100714,19,20.1,18.7,19.7,1327100
TLC,20100713,18.6,19,18.5,18.8,611100
TLC,20100712,18.5,18.9,17.9,18.3,547300
TLC,20100709,17.5,19,17.5,18.4,517000
TLC,20100708,19,19.5,17.8,18,941500
TLC,20100707,20,20,18.8,19.1,945800
TLC,20100706,19.3,20.6,18.6,20.2,1139100
TLC,20100705,19,19.3,18.6,19.3,597400
TLC,20100702,17.2,18.2,17.2,18.1,990100
TLC,20100701,16.9,18,16.9,17.1,1830100
TLC,20100630,18.1,18.1,18.1,18.1,45800
TLC,20100629,19.7,19.9,18.5,19.4,1381800
TLC,20100628,18.5,18.6,17.8,18.6,250600
TLC,20100625,17,17.4,16.9,17.4,1797900
TLC,20100624,16.1,16.9,15.8,16.3,899300
TLC,20100623,15.6,16.3,14.9,15.8,576300
TLC,20100622,17.2,17.4,15.3,16,629100
TLC,20100621,16.4,16.4,15.5,16.4,686200
TLC,20100618,14.5,15.4,14.5,15.4,1245400
TLC,20100617,14.5,14.8,14,14.4,206800
TLC,20100616,15,15,14.3,14.6,249000
TLC,20100615,15,15,14.2,14.7,332800
TLC,20100614,13.6,14.5,13.4,14.2,789400
TLC,20100611,13.6,14,13.3,13.6,297900
TLC,20100610,13.5,13.9,13.1,13.5,122700
TLC,20100609,13.8,14,13.4,13.6,96900
TLC,20100608,12.4,13.9,12.4,13.4,167800
TLC,20100607,13.5,13.5,13.1,13.1,380600
TLC,20100604,14.3,14.3,13.8,14,161300
TLC,20100603,15,15,14.1,14.4,204300
TLC,20100602,13.5,14.5,13.5,14.1,182900
TLC,20100601,13.6,14.4,13.4,13.9,255000
TLC,20100531,14.3,15.1,14.3,14.4,303400
TLC,20100528,15.2,15.4,14.8,15.3,674500
TLC,20100527,14.4,14.6,13.8,14.4,687500
TLC,20100526,13.7,13.8,13,13.7,117600
TLC,20100525,12.6,13,12.2,12.9,271300
TLC,20100524,11.1,12.6,11,12.2,215500
TLC,20100521,12,12.1,11.8,11.8,497300
TLC,20100520,13.2,13.4,12.2,12.6,502300
TLC,20100519,13,14,13,13.1,426800
TLC,20100518,15.2,15.3,13.4,13.9,197400
TLC,20100517,13.6,14.5,13.6,14.4,641400
TLC,20100514,13.1,14.2,13.1,13.6,488700
TLC,20100513,14,14.8,14,14,786000
TLC,20100512,15.3,15.3,15,15,257300
TLC,20100511,16.8,18,15.9,16.1,879900
TLC,20100510,17.7,18.4,16.9,17,592900
TLC,20100507,19.8,19.8,17.5,18.1,1109700
TLC,20100506,18.6,18.8,18.6,18.8,535000
TLC,20100505,17.7,17.7,16.6,17.6,1770500
TLC,20100504,16.6,16.6,16.6,16.6,300900
TLC,20100429,15.7,15.7,15.2,15.6,645600
TLC,20100428,14.7,14.7,14,14.7,796200
TLC,20100427,12.5,13.9,12.5,13.8,651300
TLC,20100426,13.7,13.8,12.9,13,693800
TLC,20100422,14.4,14.4,12.6,13.8,1335400
TLC,20100421,13.5,13.5,13,13.5,682700
TLC,20100420,12.7,12.7,12.5,12.7,354100
TLC,20100419,11.9,11.9,11.3,11.9,787100
TLC,20100416,11.2,11.2,11,11.2,668100
TLC,20100415,10.4,10.7,9.9,10.5,426200
TLC,20100414,10,10.4,9.9,10,212600
TLC,20100413,11.6,11.6,10.3,10.4,277900
TLC,20100412,11,11,10.5,11,698800
TLC,20100409,9.8,10.3,9.8,10.3,809100
TLC,20100408,9.5,9.9,9.5,9.7,188700
TLC,20100407,9.6,9.8,9.4,9.6,95300
TLC,20100406,9.7,10.1,9.4,9.7,102900
TLC,20100405,9.4,9.8,9.2,9.7,270700
TLC,20100402,9.4,9.4,9,9.2,49600
TLC,20100401,9.2,9.3,9.1,9.2,49900
TLC,20100331,9.2,9.3,9,9.1,86100
TLC,20100330,9.5,9.6,9.1,9.2,115500
TLC,20100329,9.4,9.5,9.3,9.4,142500
TLC,20100326,9.6,9.6,9.2,9.3,94900
TLC,20100325,9.6,9.6,9.3,9.5,81800
TLC,20100324,9.8,9.8,9.6,9.6,73200
TLC,20100323,9.9,9.9,9.4,9.6,86600
TLC,20100322,9.7,9.9,9.5,9.6,136800
TLC,20100319,9.9,10,9.7,9.8,84700
TLC,20100318,9.9,9.9,9.6,9.8,87100
TLC,20100317,9.8,9.9,9.5,9.7,64100
TLC,20100316,10,10,9.5,9.8,172000
TLC,20100315,10,10.4,9.9,10,178400
TLC,20100312,9.8,10.1,9.7,9.9,146600
TLC,20100311,10,10,9.7,9.8,117200
TLC,20100310,10.1,10.2,9.8,9.9,143100
TLC,20100309,10.4,10.8,9.7,10.3,96600
TLC,20100308,10,10.4,9.9,10.4,286100
TLC,20100305,9.7,10.1,9.6,9.8,323300
TLC,20100304,9.3,9.8,9.3,9.7,252900
TLC,20100303,9.1,9.4,9,9.2,108200
TLC,20100302,9.4,9.4,9,9.3,99300
TLC,20100301,9.1,9.3,9.1,9.3,102600
TLC,20100226,9.1,9.3,9,9.1,120500
TLC,20100225,9.1,9.2,8.9,9,43700
TLC,20100224,8.8,9,8.7,8.9,59700
TLC,20100223,9.1,9.1,8.7,8.8,63500
TLC,20100222,9.2,9.3,9,9.1,33400
TLC,20100212,9,9.3,8.9,9.1,76600
TLC,20100211,9.1,9.1,8.8,8.9,58700
TLC,20100210,9,9,8.9,9,25100
TLC,20100209,8.8,8.8,8.6,8.7,63700
TLC,20100208,9,9,8.6,8.8,72400
TLC,20100205,9,9.1,8.9,9,39400
TLC,20100204,9,9.2,8.9,9,145900
TLC,20100203,9.1,9.1,8.9,9,72200
TLC,20100202,9.4,9.4,8.9,9.1,60600
TLC,20100201,9.3,9.3,9,9.1,90000
TLC,20100129,9.1,9.3,9,9.2,72800
TLC,20100128,9.5,9.5,9.1,9.2,110600
TLC,20100127,10,10.1,9.3,9.7,144000
TLC,20100126,9.3,9.6,9.1,9.5,136000
TLC,20100125,9.1,9.2,8.9,9,113500
TLC,20100122,8.7,9.2,8.7,8.9,96600
TLC,20100121,9.5,9.5,8.8,9,74500
TLC,20100120,9.8,9.8,9.1,9.3,110300
TLC,20100119,9.5,9.6,9.3,9.5,84700
TLC,20100118,9.9,9.9,9.3,9.4,148400
TLC,20100115,10.3,10.3,9.7,9.9,44100
TLC,20100114,10.3,10.4,10,10.2,161600
TLC,20100113,9.8,10.5,9.4,9.8,165700
TLC,20100112,10.5,10.5,9.7,10,125100
TLC,20100111,10.8,10.8,10.1,10.3,119900
TLC,20100108,10.2,10.9,10,10.5,225500
TLC,20100107,10.2,10.5,10.1,10.2,431400
TLC,20100106,11.4,11.4,10.6,10.8,279700
TLC,20100105,11.3,11.4,11,11.3,158200
TLC,20100104,10.6,10.7,10.6,10.7,74600
TLC,20091231,9.7,10.1,9.7,10,689300
TLC,20091230,9.5,9.7,9.2,9.5,167200
TLC,20091229,9.6,9.8,9.3,9.4,134000
TLC,20091228,10.1,10.1,9.5,9.8,184100
TLC,20091225,9.9,10,9.7,10,265900
TLC,20091224,9.1,9.6,8.8,9.4,366300
TLC,20091223,8.6,9.2,8.6,9,147700
TLC,20091222,9.9,9.9,8.8,9.1,198000
TLC,20091221,9.1,9.4,9,9.4,194500
TLC,20091218,8.6,8.8,8.3,8.8,119700
TLC,20091217,8.2,8.7,8.2,8.3,267200
TLC,20091216,9.2,9.4,8.6,8.8,144000
TLC,20091215,9.5,9.5,9,9.2,172400
TLC,20091214,8.5,9.3,8.2,9.2,173500
TLC,20091211,9.6,9.6,8.6,8.7,361500
TLC,20091210,10,10,9,9.2,202500
TLC,20091209,9.5,10.1,9.5,9.6,280400
TLC,20091208,10.7,10.7,9.9,10.2,131800
TLC,20091207,11,11,10.5,10.6,89100
TLC,20091204,10.6,11,10.4,10.6,216800
TLC,20091203,10.3,10.8,10.1,10.4,213200
TLC,20091202,11.8,11.8,10.7,10.8,140400
TLC,20091201,11.4,11.6,11.2,11.5,308400
TLC,20091130,10.5,11.1,10.5,10.9,208600
TLC,20091127,10,11.3,10,10.4,381400
TLC,20091126,11,11,10.7,10.7,327800
TLC,20091125,12.7,12.7,11.2,11.4,298300
TLC,20091124,13,13,11.8,12,238000
TLC,20091123,12.8,13.1,12,12.6,551800
TLC,20091120,11.7,12.5,11.6,12.3,722000
TLC,20091119,11.7,12,11.6,11.7,266700
TLC,20091118,11.6,11.8,11.2,11.5,226400
TLC,20091117,11.6,11.8,11.4,11.6,121700
TLC,20091116,11.6,11.9,11.4,11.6,175600
TLC,20091113,11.5,12,11.1,11.8,187100
TLC,20091112,11.8,12.2,11.5,11.8,261800
TLC,20091111,11.5,12,11,11.5,258900
TLC,20091110,12,12,11.2,11.3,280800
TLC,20091109,12.5,12.5,12,12,241900
TLC,20091106,13.6,13.7,12.2,12.9,234600
TLC,20091105,12.7,13.3,12.7,13,302300
TLC,20091104,13.5,13.5,12.4,12.7,384000
TLC,20091103,13.6,13.8,12.5,13.3,459800
TLC,20091102,13.2,13.2,12,12.9,746900
TLC,20091030,12.4,12.4,12.4,12.4,94200
TLC,20091029,11.3,12.9,11.3,11.6,1156700
TLC,20091028,12.1,12.1,12.1,12.1,142300
TLC,20091027,13,13,13,13,85900
TLC,20091026,14.8,14.8,13.8,13.9,277400
TLC,20091023,15.1,15.1,13.3,14.8,1801200
TLC,20091022,14.2,14.2,14.2,14.2,291400
TLC,20091021,13.3,13.3,13.3,13.3,95700
TLC,20091020,12.5,12.5,12.5,12.5,158100
TLC,20091019,11.7,11.7,11.6,11.7,447000
TLC,20091016,11.1,11.1,10.4,11,1287000
TLC,20091015,10.4,10.4,10.4,10.4,161700
TLC,20091014,9.6,10,9.3,9.8,557200
TLC,20091013,9.5,9.6,9.3,9.4,246000
TLC,20091012,9.5,9.5,9.3,9.4,239000
TLC,20091009,9.8,9.9,9.3,9.5,178300
TLC,20091008,9.9,10,9.4,9.5,307900
TLC,20091007,10.2,10.2,9.6,10.1,560300
TLC,20091006,9.6,9.6,9.6,9.6,234600
TLC,20091005,8.7,9,8.7,9,94900
TLC,20091002,8.9,8.9,8.4,8.5,308900
TLC,20091001,9.1,9.2,8.9,9,145600
TLC,20090930,9.2,9.4,9,9.1,210900
TLC,20090929,9.3,9.3,9.1,9.2,145300
TLC,20090928,9.3,9.5,9.1,9.3,146600
TLC,20090925,9.2,9.4,9.2,9.3,133700
TLC,20090924,9.5,9.5,9.1,9.3,192600
TLC,20090923,9.6,9.6,9.3,9.5,192900
TLC,20090922,9,9.7,9,9.5,184800
TLC,20090921,9.5,9.7,9.5,9.6,188600
TLC,20090918,9.6,9.6,9.4,9.5,174300
TLC,20090917,9.6,9.8,9.5,9.5,241500
TLC,20090916,9.7,10,9.2,9.6,234800
TLC,20090915,10,10,9.5,9.7,128900
TLC,20090914,9.8,9.9,9.5,9.7,225100
TLC,20090911,9.8,10.1,9.4,9.6,244000
TLC,20090910,9.4,9.6,9.4,9.5,102200
TLC,20090909,9.8,9.9,9.5,9.6,90000
TLC,20090908,9.3,9.9,9.3,9.7,151300
TLC,20090907,9.4,9.5,9,9.3,148500
TLC,20090904,9.5,9.7,9.2,9.5,285100
TLC,20090903,9.6,9.8,9.4,9.6,196100
TLC,20090901,10,10,9.6,9.8,404200
TLC,20090831,10.9,10.9,10,10.3,479000
TLC,20090828,10.2,10.2,10.2,10.2,474100
TLC,20090827,9.3,9.7,9.3,9.6,176600
TLC,20090826,9,9.2,9,9.1,314600
TLC,20090825,9,9.1,8.8,9,134700
TLC,20090824,8.8,9.1,8.8,9,209200
TLC,20090821,9,9.2,8.9,9,172000
TLC,20090820,9,9,8.8,8.9,71100
TLC,20090819,9,9.2,8.9,9,65900
TLC,20090818,8.9,9,8.8,8.9,98900
TLC,20090817,8.8,9,8.7,8.9,106100
TLC,20090814,9.1,9.1,8.8,9,80600
TLC,20090813,9.4,9.4,9.1,9.2,138500
TLC,20090812,9.5,9.5,9.1,9.3,164100
TLC,20090811,9,9.5,9,9.3,104300
TLC,20090810,9.1,9.5,9.1,9.3,176900
TLC,20090807,9,9.2,8.9,9,102100
TLC,20090806,9,9.2,8.9,9.1,185500
TLC,20090805,9.2,9.2,9,9.1,179000
TLC,20090804,9.4,9.4,9,9.2,132600
TLC,20090803,9.2,9.5,9.1,9.3,64200
TLC,20090731,8.8,9.6,8.8,9.5,177500
TLC,20090730,9.4,9.4,9.2,9.2,411700
TLC,20090729,10,10.1,9.6,9.8,154900
TLC,20090728,10.8,10.8,9.9,10.1,205100
TLC,20090727,10.8,10.8,10,10.6,243300
TLC,20090724,10.1,10.1,10,10.1,103600
TLC,20090723,9,9.8,8.8,9.5,273000
TLC,20090722,9.6,9.7,9,9.2,60300
TLC,20090721,9.2,9.3,9,9.2,51900
TLC,20090720,9.1,9.1,8.8,9,85600
TLC,20090717,9.8,9.8,9.2,9.4,63900
TLC,20090716,9.8,9.8,9.4,9.6,81700
TLC,20090715,9.4,9.5,9.1,9.2,76800
TLC,20090714,9.4,9.6,8.8,9.1,127200
TLC,20090713,9.6,9.9,9,9.2,152200
TLC,20090710,9.6,10.1,9.4,9.6,162100
TLC,20090709,10,10.2,9.6,9.8,132000
TLC,20090708,9.6,10.1,9.6,10,101700
TLC,20090707,10.2,10.2,9.7,10.1,335800
TLC,20090706,9.4,9.7,9.1,9.6,89800
TLC,20090703,8.6,9.4,8.4,9.1,155000
TLC,20090702,8.8,9.2,8.8,9,159500
TLC,20090701,9,9.2,9,9,161300
TLC,20090630,10.2,10.4,9.5,9.6,234800
TLC,20090629,10.5,10.7,10,10.2,173300
TLC,20090626,11,11,10.5,10.8,109400
TLC,20090625,10.9,10.9,10.2,10.7,291600
TLC,20090624,9.3,10.7,9.3,10.2,320200
TLC,20090623,10,10,10,10,37800
TLC,20090622,11,11,10.7,10.7,137000
TLC,20090619,12.3,12.5,11.2,11.5,301100
TLC,20090618,11.7,12.1,11.6,12,296800
TLC,20090617,11.2,12.1,11.2,11.4,602500
TLC,20090616,12,12.8,12,12,278000
TLC,20090615,14.4,14.4,12.6,12.9,586900
TLC,20090612,13.5,13.5,13.5,13.5,290800
TLC,20090611,12,12.7,12,12.7,277400
TLC,20090610,12.9,12.9,11.3,11.9,1568700
TLC,20090609,12.1,12.1,12.1,12.1,501800
TLC,20090608,11.4,11.4,11.4,11.4,30400
TLC,20090605,10.7,10.7,10.7,10.7,84900
TLC,20090604,10,10,10,10,101100
TLC,20090603,9.4,9.4,9.3,9.4,417800
TLC,20090602,8.8,8.8,8.6,8.8,507500
TLC,20090601,8,8.7,8,8.3,907200
TLC,20090529,8.9,9,8.1,8.6,338000
TLC,20090528,9.1,9.1,8.4,8.6,386800
TLC,20090527,8.5,8.9,8.3,8.7,711200
TLC,20090526,8.5,8.8,8,8.4,498600
TLC,20090525,7.9,8.4,7.9,8.3,386400
TLC,20090522,8.3,8.3,7.5,7.9,284900
TLC,20090521,7.5,7.9,7.4,7.9,434200
TLC,20090520,7.3,7.7,6.8,7.4,551700
TLC,20090519,7.7,7.7,7.2,7.3,410800
TLC,20090518,7.9,7.9,7.2,7.3,244000
TLC,20090515,7.6,7.8,7.3,7.6,288700
TLC,20090514,7.9,7.9,7.1,7.3,250900
TLC,20090513,7.7,7.7,7.3,7.6,532100
TLC,20090512,6.9,7.3,6.6,7.2,519200
TLC,20090511,7.2,7.2,6.8,6.9,347000
TLC,20090508,6.5,7,6.5,6.8,256400
TLC,20090507,6.5,6.8,6.5,6.7,416800
TLC,20090506,6.5,6.6,6.4,6.4,276300
TLC,20090505,6.9,6.9,6.5,6.8,264300
TLC,20090504,6.5,6.5,6.5,6.5,9300
TLC,20090429,5.8,6.2,5.8,6.1,146300
TLC,20090428,5.5,6.2,5.5,5.8,184200
TLC,20090427,5.9,6.2,5.9,5.9,95100
TLC,20090424,6.3,6.4,6.3,6.3,56000
TLC,20090423,6.8,7,6.7,6.7,173700
TLC,20090422,6.8,7.5,6.8,7.1,486100
TLC,20090421,7.3,7.3,7.3,7.3,23000
TLC,20090420,8,8.4,7.5,7.8,135500
TLC,20090417,8,8,7.4,8,986500
TLC,20090416,7.5,7.5,7.5,7.5,29400
TLC,20090415,7.2,7.2,6.6,7.1,495200
TLC,20090414,6.8,6.8,6.4,6.8,402600
TLC,20090413,6.3,6.4,6.3,6.4,14800
TLC,20090410,6,6,5.8,6,118600
TLC,20090409,6.1,6.1,5.6,5.7,172600
TLC,20090408,6,6.1,5.5,5.8,312900
TLC,20090407,5.8,5.8,5.6,5.8,209400
TLC,20090403,5.5,5.5,5.5,5.5,122800
TLC,20090402,5.1,5.3,5,5.2,305400
TLC,20090401,5.2,5.2,4.8,5,75700
TLC,20090331,5,5,4.9,4.9,20600
TLC,20090330,4.8,5,4.8,4.9,33800
TLC,20090327,5,5.1,4.9,5,94100
TLC,20090326,5.4,5.4,5,5.1,77000
TLC,20090325,5,5.2,4.9,5.1,71400
TLC,20090324,5.1,5.1,4.8,5,67900
TLC,20090323,5,5,4.7,4.8,73200
TLC,20090320,4.9,5.1,4.9,5,57800
TLC,20090319,5.5,5.5,5,5.2,146700
TLC,20090318,5.2,5.2,4.9,5.2,296700
TLC,20090317,4.7,4.9,4.7,4.9,125700
TLC,20090316,4.5,4.8,4.5,4.6,121700
TLC,20090313,5,5,4.7,4.8,73500
TLC,20090312,5.2,5.2,4.7,5,322400
TLC,20090311,4.9,4.9,4.9,4.9,12400
TLC,20090310,4.6,4.6,4.6,4.6,47000
TLC,20090309,4.3,4.3,4.3,4.3,40200
TLC,20090306,3.9,4.1,3.9,4.1,95100
TLC,20090305,3.8,3.9,3.8,3.9,110600
TLC,20090304,3.6,3.8,3.6,3.7,52000
TLC,20090303,3.5,3.7,3.5,3.6,39000
TLC,20090302,3.6,3.7,3.6,3.6,15500
TLC,20090227,3.7,3.8,3.6,3.7,40200
TLC,20090226,3.8,3.8,3.6,3.7,28200
TLC,20090225,3.8,3.9,3.8,3.8,63300
TLC,20090224,3.8,3.8,3.7,3.7,28200
TLC,20090223,3.9,3.9,3.8,3.9,37900
TLC,20090220,3.6,3.8,3.6,3.8,43500
TLC,20090219,3.5,3.7,3.5,3.6,86300
TLC,20090218,3.6,3.6,3.5,3.5,19500
TLC,20090217,3.7,3.8,3.7,3.7,54600
TLC,20090216,3.8,4,3.7,3.9,22400
TLC,20090213,3.9,4,3.8,3.9,38400
TLC,20090212,4,4,3.7,3.8,16700
TLC,20090211,4,4,3.9,3.9,19600
TLC,20090210,4.1,4.1,4,4.1,8400
TLC,20090209,4.2,4.3,4.1,4.2,25200
TLC,20090206,4.1,4.2,4,4.1,36600
TLC,20090205,4.3,4.4,4.1,4.2,18800
TLC,20090204,4.3,4.4,4.3,4.4,21000
TLC,20090203,4.4,4.5,4.3,4.4,23500
TLC,20090202,4.5,4.6,4.5,4.5,18600
TLC,20090123,4.7,4.7,4.6,4.6,13900
TLC,20090122,4.6,4.7,4.5,4.6,11400
TLC,20090121,4.5,4.6,4.5,4.6,20400
TLC,20090120,4.6,4.6,4.5,4.5,48300
TLC,20090119,4.5,4.6,4.5,4.6,27300
TLC,20090116,4.7,4.7,4.5,4.6,26000
TLC,20090115,4.6,4.7,4.6,4.7,36400
TLC,20090114,4.6,4.8,4.6,4.7,66900
TLC,20090113,4.6,4.8,4.5,4.7,81300
TLC,20090112,4.8,4.8,4.6,4.7,19100
TLC,20090109,4.7,4.8,4.6,4.7,92000
TLC,20090108,4.6,4.7,4.5,4.6,34100
TLC,20090107,4.8,4.8,4.7,4.8,44400
TLC,20090106,4.6,4.8,4.5,4.7,58700
TLC,20090105,4.5,4.6,4.5,4.5,15200
TLC,20090102,4.7,4.7,4.5,4.6,16100
TLC,20081231,4.8,4.8,4.6,4.7,35000
TLC,20081230,4.7,4.8,4.6,4.7,44000
TLC,20081229,4.5,4.7,4.5,4.6,21200
TLC,20081226,4.7,4.7,4.6,4.7,31600
TLC,20081225,5,5,4.7,4.7,19300
TLC,20081224,4.6,4.9,4.6,4.7,44600
TLC,20081223,5.1,5.1,4.7,4.8,41400
TLC,20081222,4.7,4.8,4.7,4.8,54800
TLC,20081219,4.6,4.6,4.4,4.5,35900
TLC,20081218,4.6,4.7,4.6,4.6,13900
TLC,20081217,4.5,4.6,4.5,4.5,26100
TLC,20081216,5,5,4.7,4.7,23500
TLC,20081215,5.1,5.1,4.9,5,20200
TLC,20081212,5,5.2,5,5.1,52700
TLC,20081211,5.2,5.2,4.8,5,39900
TLC,20081210,5,5.1,4.8,5,37900
TLC,20081209,5.1,5.2,4.9,5.1,31100
TLC,20081208,5,5,4.9,4.9,7200
TLC,20081205,5.1,5.2,5.1,5.1,46700
TLC,20081204,5.4,5.6,5.3,5.4,33700
TLC,20081203,5.2,5.4,5,5.3,75900
TLC,20081202,5.3,5.5,5.2,5.2,36500
TLC,20081201,5.8,5.8,5.3,5.5,33100
TLC,20081128,5.3,5.6,5,5.5,24700
TLC,20081127,5.6,5.6,5.3,5.3,75300
TLC,20081126,5.8,5.8,5.5,5.6,20700
TLC,20081125,6,6,5.6,5.8,74200
TLC,20081124,6.3,6.3,5.8,6,37500
TLC,20081124,6.3,6.3,5.8,6,37500
TLC,20081121,6,6,5.8,5.9,73700
TLC,20081120,6.1,6.2,6,6,96500
TLC,20081119,6.4,6.5,6.2,6.3,39000
TLC,20081118,6.3,6.3,6.1,6.2,47200
TLC,20081117,6.2,6.4,6.2,6.3,44000
TLC,20081114,6.3,6.7,6.3,6.5,48100
TLC,20081113,6.2,6.4,6.2,6.3,80200
TLC,20081112,6.1,6.6,6,6.2,55200
TLC,20081111,6.4,6.7,6.3,6.3,114100
TLC,20081110,7,7,6.5,6.7,130800
TLC,20081107,6.9,6.9,6.9,6.9,12200
TLC,20081106,7.7,7.7,7.3,7.4,80100
TLC,20081105,7.6,7.9,7.4,7.8,269600
TLC,20081104,7.4,7.5,7,7.4,137400
TLC,20081103,7.4,7.4,6.9,7.1,118700
TLC,20081031,6.8,7.1,6.8,7.1,161200
TLC,20081030,6.8,6.8,6.4,6.7,105600
TLC,20081029,6.4,6.4,6.3,6.4,101700
TLC,20081028,5.8,6.2,5.8,6,58200
TLC,20081027,6.5,6.5,6.2,6.2,131300
TLC,20081024,6.7,6.8,6.5,6.6,128000
TLC,20081023,6.9,7.1,6.7,6.9,88700
TLC,20081022,7.5,7.5,7,7.2,46200
TLC,20081021,7.7,7.7,7.2,7.4,64300
TLC,20081020,7.5,7.6,7,7.2,83000
TLC,20081017,8,8,7.4,7.5,52500
TLC,20081016,7.4,7.6,7.4,7.5,111900
TLC,20081015,8,8,7.5,7.9,273200
TLC,20081014,7.5,7.5,7.5,7.5,15400
TLC,20081013,7.3,7.4,6.9,7.1,68900
TLC,20081010,7.3,7.5,7,7.1,151300
TLC,20081009,6.8,7.8,6.8,7.5,153500
TLC,20081008,7.4,7.6,7.2,7.3,210300
TLC,20081007,8,8,7.7,7.7,235200
TLC,20081006,8.1,8.9,8.1,8.2,133800
TLC,20081003,8.8,9.1,8.4,8.7,111900
TLC,20081002,8.6,9.1,8.3,8.9,159400
TLC,20081001,8.4,8.8,8,8.6,209100
TLC,20080930,8.4,8.4,8.4,8.4,45700
TLC,20080929,9.6,9.6,8.8,9,134800
TLC,20080926,9,9.6,8.9,9.3,271600
TLC,20080925,9,9.2,8.6,9,218300
TLC,20080924,9.5,9.5,8.8,9,170000
TLC,20080923,9,10.2,9,9.4,406500
TLC,20080922,9.6,9.6,9.6,9.6,401200
TLC,20080919,8.1,9.3,8.1,9,660400
TLC,20080918,8.7,8.7,8.7,8.7,45700
TLC,20080917,9.3,9.3,9.3,9.3,50200
TLC,20080916,11.4,11.4,10,10,130900
TLC,20080915,10.5,11.8,10.5,10.7,619300
TLC,20080912,11.2,11.2,11.2,11.2,51500
TLC,20080911,12,12,12,12,35100
TLC,20080910,13.4,13.4,11.8,12.9,564600
TLC,20080909,12.6,12.6,12.6,12.6,688400
TLC,20080908,11.8,11.8,11,11.8,436600
TLC,20080905,10.5,11.2,10.5,11.1,637200
TLC,20080904,10.5,10.7,10,10.5,363700
TLC,20080903,9.1,10.1,8.9,10,377900
TLC,20080829,9.5,9.5,9.5,9.5,125100
TLC,20080828,11.2,11.2,9.8,10.2,86100
TLC,20080827,10.5,10.5,10.3,10.5,248400
TLC,20080826,9.9,9.9,9.9,9.9,25700
TLC,20080825,9,9.3,9,9.3,103300
TLC,20080822,8.6,8.9,8.4,8.7,134700
TLC,20080821,8,8.6,7.7,8.4,118900
TLC,20080820,8.6,8.6,8,8.1,42800
TLC,20080819,9.1,9.2,8.5,8.6,58700
TLC,20080818,9.1,9.8,8.6,9.1,122600
TLC,20080815,9.2,9.2,9.1,9.2,106900
TLC,20080814,9,9,8.7,8.9,73500
TLC,20080813,9,9,8.6,8.7,82400
TLC,20080812,9,9,8.5,8.9,65800
TLC,20080811,8.7,8.7,8.6,8.7,15400
TLC,20080808,8.4,8.5,8,8.4,27600
TLC,20080807,8.2,8.2,8,8.2,92400
TLC,20080806,7.7,8.3,7.7,7.9,105400
TLC,20080805,8,8,8,8,3000
TLC,20080804,8.3,8.3,8.3,8.3,14800
TLC,20080801,8.6,8.6,8.6,8.6,29800
TLC,20080731,8.9,8.9,8.9,8.9,6000
TLC,20080730,9.2,9.5,9.2,9.2,56700
TLC,20080729,9.4,9.8,9.4,9.5,262200
TLC,20080728,9.7,9.7,9.7,9.7,25300
TLC,20080725,10.1,10.1,10.1,10.1,1200
TLC,20080724,10.5,10.5,10.5,10.5,6000
TLC,20080723,10.9,10.9,10.9,10.9,600
TLC,20080722,11.3,11.3,11.3,11.3,400
TLC,20080721,11.7,11.7,11.7,11.7,12400
TLC,20080718,12.6,12.6,11.8,12.1,173100
TLC,20080717,12.2,12.2,12.2,12.2,22800
TLC,20080716,12,12,11.2,11.8,183600
TLC,20080715,11.6,11.6,11.6,11.6,56900
TLC,20080714,11.2,11.2,11,11.2,74900
TLC,20080711,10.8,10.8,10.8,10.8,94200
TLC,20080710,10.4,10.4,10.4,10.4,11000
TLC,20080709,10,10,9.8,10,76400
TLC,20080708,9.7,10,9.4,9.7,136800
TLC,20080707,9.8,9.8,9.2,9.7,218000
TLC,20080704,9.5,9.5,9.5,9.5,27400
TLC,20080703,9.2,9.2,9.2,9.2,37600
TLC,20080702,8.9,8.9,8.7,8.9,59000
TLC,20080701,8.4,8.6,8.4,8.6,31700
TLC,20080630,7.9,8.5,7.9,8.3,83900
TLC,20080627,8.3,8.5,8,8.2,64400
TLC,20080626,8.5,8.5,7.9,8.3,74000
TLC,20080625,8.1,8.2,7.9,8.2,31500
TLC,20080624,8,8,7.7,7.9,58600
TLC,20080623,7.5,8.1,7.5,7.7,82200
TLC,20080620,7.8,7.8,7.8,7.8,12200
TLC,20080619,8.1,8.1,8.1,8.1,4600
TLC,20080618,8.5,8.5,8.1,8.4,60200
TLC,20080617,8.3,8.3,8.3,8.3,34100
TLC,20080616,8.1,8.1,8.1,8.1,4300
TLC,20080613,7.9,7.9,7.9,7.9,15800
TLC,20080612,7.7,7.7,7.7,7.7,9800
TLC,20080611,7.5,7.5,7.5,7.5,37700
TLC,20080610,7.1,7.5,7.1,7.3,73800
TLC,20080609,7.3,7.3,7.3,7.3,1400
TLC,20080606,7.5,7.5,7.5,7.5,4400
TLC,20080605,7.7,7.7,7.7,7.7,3600
TLC,20080604,7.9,7.9,7.9,7.9,11700
TLC,20080603,8.1,8.1,8.1,8.1,16600
TLC,20080602,8.3,8.5,8.3,8.3,14000
TLC,20080530,8.5,8.6,8.3,8.5,37600
TLC,20080529,8.4,8.7,8.4,8.5,61900
TLC,20080528,8.6,8.8,8.6,8.6,66800
TLC,20080527,8.8,8.8,8.8,8.8,9000
TLC,20080526,9,9,9,9,1400
TLC,20080522,9.5,9.5,9.5,9.5,1700
TLC,20080521,9.8,9.8,9.8,9.8,2200
TLC,20080520,10.1,10.1,10.1,10.1,5700
TLC,20080519,10.8,10.8,10.4,10.4,15800
TLC,20080516,10.6,11.2,10.6,10.7,50300
TLC,20080515,10.9,10.9,10.9,10.9,13900
TLC,20080514,11.2,11.2,11.2,11.2,700
TLC,20080513,11.5,11.5,11.5,11.5,2200
TLC,20080512,11.8,11.8,11.8,11.8,3500
TLC,20080509,12.1,12.1,12.1,12.1,11100
TLC,20080508,12.4,12.4,12.4,12.4,2500
TLC,20080507,12.8,12.8,12.8,12.8,4600
TLC,20080506,13.2,13.2,13.2,13.2,8700
TLC,20080505,13.9,13.9,13.5,13.6,11400
TLC,20080429,14.4,14.4,13.7,13.9,26500
TLC,20080428,13.4,14.2,13.4,14.1,34900
TLC,20080425,13.7,14,13.6,13.8,33900
TLC,20080424,13.8,14.4,13.8,14,57800
TLC,20080423,14.2,14.2,14.2,14.2,2900
TLC,20080422,14.6,14.6,14.6,14.6,15800
TLC,20080421,15.2,15.2,15,15,22200
TLC,20080418,15.9,15.9,15.3,15.4,29400
TLC,20080417,15.3,16.1,15.3,15.7,73800
TLC,20080416,15.7,15.7,15.7,15.7,8000
TLC,20080411,16.2,16.2,16.2,16.2,1700
TLC,20080410,16.7,16.7,16.7,16.7,5000
TLC,20080409,17.6,18.1,17.1,17.2,38300
TLC,20080408,18.1,18.1,17.1,17.6,105900
TLC,20080407,17.6,17.6,17.6,17.6,4600
TLC,20080404,17.1,17.1,17.1,17.1,100
TLC,20080403,16.8,16.8,16.8,16.8,100
TLC,20080402,16.5,16.5,16.5,16.5,500
TLC,20080401,16.2,16.2,16.2,16.2,6900
TLC,20080331,15.9,15.9,15.9,15.9,1200
TLC,20080328,15.6,15.6,15.6,15.6,700
TLC,20080327,15.3,15.3,15.3,15.3,3400
TLC,20080326,13.4,15.6,12.9,15,63400
TLC,20080325,14.5,14.5,14.2,14.2,88500
TLC,20080324,16.9,16.9,15.6,15.8,65700
TLC,20080321,17.8,18.1,17,17.3,34200
TLC,20080320,18.1,18.8,17.6,18.2,27800
TLC,20080319,18.3,19,17.4,18.1,43500
TLC,20080318,18.4,18.4,17.4,17.5,83000
TLC,20080317,20.5,20.5,19,19.4,48000
TLC,20080314,21.4,21.4,20.9,21.1,38100
TLC,20080313,22.9,23.3,21.4,21.9,39400
TLC,20080312,21.1,22.8,21.1,21.9,45900
TLC,20080311,22.4,22.4,20.9,21.1,87500
TLC,20080310,23.8,23.8,21.7,23.2,138100
TLC,20080307,21.6,21.6,21.6,21.6,17200
TLC,20080306,19.6,19.6,19.6,19.6,32000
TLC,20080305,17.4,18.6,17.4,17.8,92300
TLC,20080304,19.9,20,19.2,19.4,43600
TLC,20080303,23.4,23.4,21,21.3,65000
TLC,20080229,24.4,24.4,23.2,23.4,53200
TLC,20080228,25.4,25.5,24.3,24.8,49000
TLC,20080227,26.2,27.3,24.9,25.7,72600
TLC,20080226,30.2,30.2,25.8,26.7,53100
TLC,20080225,26.4,28.8,26.4,28.5,35900
TLC,20080222,24.9,28.9,24.7,26.2,60300
TLC,20080221,28.3,28.4,27.3,27.4,33100
TLC,20080220,34.4,34.4,29.5,30.4,44100
TLC,20080219,31.1,31.9,30.4,31.4,30700
TLC,20080218,32.5,33.2,30,31.3,65700
TLC,20080215,33.4,33.5,32.8,33.2,16700
TLC,20080214,32.4,34.3,32.4,33.7,35300
TLC,20080213,33.9,34.4,33.2,33.4,14600
TLC,20080212,34.9,35.4,33.4,34.5,13200
TLC,20080201,36.4,37.4,34.4,35.8,51400
TLC,20080131,38.4,38.4,31.9,34.3,38400
TLC,20080130,35.2,35.5,35.2,35.5,86000
TLC,20080129,31.4,32.9,31.4,32.3,69900
TLC,20080128,31.5,32.2,30.5,31.4,46200
TLC,20080125,32.1,32.4,30.4,31.7,35900
TLC,20080124,31.7,33.6,31.1,32.1,11500
TLC,20080123,33.9,33.9,30.6,31.7,33400
TLC,20080122,33,33.9,32.4,33.3,28000
TLC,20080121,33.4,34.4,32.4,33.3,47100
TLC,20080118,33.4,35.3,32.4,34,61100
TLC,20080117,36.4,36.4,32.3,34,50700
TLC,20080116,32.4,33.3,32.4,33.1,17700
TLC,20080115,33.4,33.4,29.8,30.3,55900
TLC,20080114,34.4,34.4,31.9,33.1,21200
TLC,20080111,35.2,35.4,33.5,34.8,56900
TLC,20080110,35.6,35.8,33,34,27100
TLC,20080109,36.4,36.9,35.5,36.1,17800
TLC,20080108,34.9,38,34.9,37,36300
TLC,20080107,38.5,38.5,35.4,36.1,26200
TLC,20080104,38.9,39.9,38.2,38.9,11700
TLC,20080103,39.9,40.4,38.9,39.3,13800
TLC,20080102,40.9,40.9,39.4,40.4,16200
TLC,20071228,40.9,41.4,40.9,41.1,24300
TLC,20071227,41.4,41.4,41.2,41.4,14500
TLC,20071226,40.9,41.9,40.9,41.4,23300
TLC,20071225,41.4,41.8,40.9,41.3,15100
TLC,20071224,41.6,41.9,41.4,41.6,36400
TLC,20071221,41.8,42.4,41.5,41.5,32400
TLC,20071220,42.9,42.9,40.6,41.5,14600
TLC,20071219,42.3,43.9,42.3,43.1,31000
TLC,20071218,40.9,42.4,40.2,41.1,22200
TLC,20071217,42.4,42.4,40.4,41.6,22700
TLC,20071214,42.4,43,42,42.5,41800
TLC,20071213,43.9,43.9,42.6,43,23500
TLC,20071212,43.4,44.7,42.5,44.1,22500
TLC,20071211,44.5,44.5,42.9,43.4,44700
TLC,20071210,47.9,47.9,44.4,45.6,63200
TLC,20071207,44.2,47.3,44.2,46,89000
TLC,20071206,44.4,45.9,44.1,44.3,53200
TLC,20071205,45.9,46,43.3,44.3,82000
TLC,20071204,42.9,45.4,42.4,44.8,83800
TLC,20071203,42.4,42.8,41.4,42.2,29500
TLC,20071130,42.4,42.4,41.4,42,24700
TLC,20071129,42.8,42.9,42.1,42.4,22000
TLC,20071128,42.8,42.8,41.9,42.2,33500
TLC,20071127,42.9,43.3,42.1,42.8,43700
TLC,20071126,41.9,42.9,41.4,42.1,45700
TLC,20071123,43.4,43.4,41.5,41.9,41150
TLC,20071122,40.4,43.3,40.4,42.6,85300
TLC,20071121,41,42.2,40.4,41.5,88400
TLC,20071120,42.8,44.4,41.4,42.5,32700
TLC,20071119,44.4,44.4,42.4,42.8,42600
TLC,20071116,43.7,44.4,41.1,42.5,31600
TLC,20071115,47.9,47.9,42.4,43.7,40300
TLC,20071114,40.9,44,40.9,43.8,18300
TLC,20071113,43.2,43.2,39.5,40,81600
TLC,20071112,45.4,46.3,42.4,43.9,70600
TLC,20071109,48.9,49.2,46.4,47.1,78800
TLC,20071108,49.9,51.4,49.1,49.9,53800
TLC,20071107,49.3,51.3,47.4,50,103200
TLC,20071106,51.3,51.3,48.5,49.3,85300
TLC,20071105,54.1,54.4,49.9,51.3,55800
TLC,20071102,57.4,58,50.4,53.4,155300
TLC,20071101,53.9,54.9,46.4,52.7,141600
TLC,20071031,51,53.6,48.7,49.9,330100
TLC,20071030,59.4,59.4,52.1,54.1,193700
TLC,20071029,60.4,60.4,55.4,57.9,67300
TLC,20071026,58.4,63.4,58.4,60.1,176800
TLC,20071025,59.9,62.4,58.5,60.5,286400
TLC,20071024,59.4,60.4,58.3,59.4,152900
TLC,20071023,61.4,61.4,57.9,59,95600
TLC,20071022,60.6,64.4,59.4,61.4,130200
TLC,20071019,56.4,60.6,55.4,59,134600
TLC,20071018,55.4,56.4,54.8,55.1,125300
TLC,20071017,67.7,67.7,56.5,60.9,98200
TLC,20071016,61.6,61.6,59.4,61.5,146800
TLC,20071015,54.9,57.9,53.6,56,100400
TLC,20071012,55.4,55.4,51.4,52.6,80400
TLC,20071011,52.4,53.4,51.4,52.5,61400
TLC,20071010,50.4,51.9,50.4,51.2,56300
TLC,20071009,51.4,51.4,50.1,50.8,53900
TLC,20071008,53.9,56.4,50.9,52.4,50900
TLC,20071005,54.4,55.4,50.4,53.9,85500
TLC,20071004,52.4,54.4,52.4,53.9,63900
TLC,20071003,55.4,55.4,50.4,52.4,55200
TLC,20071002,54.1,54.1,49.4,53.1,104200
TLC,20071001,47.4,50.1,46.4,49.2,39300
TLC,20070928,44.4,46.1,44.4,45.5,38900
TLC,20070927,44.4,44.6,44,44.9,27500
TLC,20070926,45.6,45.9,43.9,44.9,38200
TLC,20070925,44.4,45.4,43.4,44.6,33300
TLC,20070924,43.2,43.4,42.9,43.3,14000
TLC,20070921,43.9,44.4,41.6,42.7,15800
TLC,20070920,44.4,44.9,43.5,44.4,14600
TLC,20070919,42.5,44.9,42.5,44.3,22700
TLC,20070918,40.4,44.4,40.4,40.5,17000
TLC,20070917,41.9,41.9,39.5,40.5,18200
TLC,20070914,45,45.1,41.9,43.5,22200
TLC,20070913,47.2,47.2,45.4,46.3,31800
TLC,20070912,45.4,47.4,45.2,45.7,62500
TLC,20070911,42.9,47.1,39.5,45.2,70400
TLC,20070910,42.9,42.9,40,42.8,33200
TLC,20070907,37.5,39.9,37.5,39,17200
TLC,20070906,36.7,37.3,35.9,36.3,25800
TLC,20070905,34.8,35.5,33.9,34.9,13500
TLC,20070904,35.4,35.4,32.4,33.7,14800
TLC,20070831,31.9,32.4,31.9,32.2,7200
TLC,20070830,32.2,32.9,31.4,32.2,5300
TLC,20070829,31.4,32.9,31.4,32.5,3500
TLC,20070828,33.9,33.9,33.7,33.9,2300
TLC,20070827,33.7,33.9,33.7,33.8,3800
TLC,20070824,33.4,34.2,33.2,33.6,11800
TLC,20070823,33.4,33.9,33.4,33.6,3300
TLC,20070822,34.9,35.1,34.2,34.5,3800
TLC,20070821,34.5,35.4,34.5,34.9,2400
TLC,20070820,34.9,35.2,34.3,34.8,5900
TLC,20070817,36.4,36.4,35.3,35.5,12700
TLC,20070816,36.4,36.4,36,36.2,8900
TLC,20070815,36.4,36.8,36.2,36.4,12800
TLC,20070814,37.4,37.6,36.4,37,17000
TLC,20070813,37.9,38.4,37.4,38,5200
TLC,20070810,40,40,38.4,38.8,14700
TLC,20070809,37.9,39.4,37.9,39,14900
TLC,20070808,38.4,39.4,37.4,38,10600
TLC,20070807,37.4,37.4,37.1,37.4,12200
TLC,20070806,37.4,37.9,36.9,37.4,3900
TLC,20070803,38.8,38.9,35.9,37.6,16400
TLC,20070802,42.4,42.4,38.9,39.8,5500
TLC,20070801,39.4,42.4,39.4,41.5,10500
TLC,20070731,41.4,41.4,38.9,39.6,13400
TLC,20070730,44.4,44.4,41.4,43.2,7600
TLC,20070727,44.4,44.6,44.2,44.4,9300
TLC,20070726,45.9,45.9,44.4,45.1,9900
TLC,20070725,46.9,46.9,46.4,46.6,700
TLC,20070724,46.6,46.9,46.4,46.7,4100
TLC,20070723,46.9,47,46.4,46.6,5500
TLC,20070720,47.4,47.4,46.9,47.2,5100
TLC,20070719,47.4,47.4,46.9,47.3,6900
TLC,20070718,47.4,47.9,47.4,47.5,3500
TLC,20070717,47.5,47.6,47.4,47.4,8200
TLC,20070716,48.4,48.4,47.4,47.5,6900
TLC,20070713,47.6,48.4,46.9,48.1,3500
TLC,20070712,48.9,48.9,47.4,48.2,7900
TLC,20070711,49.9,50.4,49.4,49.9,12700
TLC,20070710,49.5,50.4,47.4,49.1,19200
TLC,20070709,48.4,48.4,48.4,48.4,800
TLC,20070706,46.9,48.3,46.4,47.6,5000
TLC,20070705,49.2,49.4,46.4,48,19300
TLC,20070704,47.4,50.4,46.6,48.3,28400
TLC,20070703,45.9,46.6,45.4,45.8,20700
TLC,20070702,48.4,49.4,46.4,47.7,7500
TLC,20070629,52.9,52.9,49.6,50.6,18200
TLC,20070628,55.9,55.9,52.4,56.3,5100
TLC,20070627,51.4,56.4,51.4,55.8,26200
TLC,20070626,55.4,57.4,55.4,56.8,5400
TLC,20070625,56.9,57.3,55.4,56.3,700
TLC,20070622,55.4,55.9,55.3,55.6,8100
TLC,20070621,56.9,57.2,56.4,56.8,14600
TLC,20070620,57.4,57.5,56.4,57.2,8100
TLC,20070619,59.4,59.4,57.4,58,15900
TLC,20070618,59.4,59.4,58,58.5,10700
TLC,20070615,59.2,60.4,58.4,59,12300
TLC,20070614,59.6,59.6,58.9,59.4,3100
TLC,20070613,59.5,59.9,59.4,59.5,4200
TLC,20070612,60.2,60.4,59.4,59.8,12300
TLC,20070611,61,61,59.4,59.6,9300
TLC,20070608,62.4,62.4,59.4,61,7600
TLC,20070607,61.9,62.1,61.9,61.9,9200
TLC,20070606,61.7,62.4,61.4,61.6,13000
TLC,20070605,62.1,63.4,61.4,61.7,33500
TLC,20070604,63.4,64.4,61.4,62,15200
TLC,20070601,66.4,66.4,63.4,63.9,12900
TLC,20070531,63.4,65.4,63.4,64.5,18000
TLC,20070530,67.4,67.4,62.4,63.8,7200
TLC,20070529,67.4,67.4,63.4,65,16200
TLC,20070528,68.4,68.4,65.4,66.8,41200
TLC,20070525,63.9,67.4,62.4,64.7,46100
TLC,20070524,67.4,67.4,62.4,64.4,39500
TLC,20070523,69.8,69.8,64.4,66.5,34700
TLC,20070522,61.6,64.4,61.6,63.4,30900
TLC,20070521,61.5,62.4,60.5,61.6,13200
TLC,20070518,61.5,61.9,61.2,61.5,22200
TLC,20070517,60.9,62.3,60.9,61.9,13900
TLC,20070516,62.9,64.4,61.5,61.9,13900
TLC,20070515,63.4,64.4,62.3,62.6,31900
TLC,20070514,60.5,64.4,60.5,63.1,18600
TLC,20070511,59.4,61.8,59.4,61.1,9900
TLC,20070510,65.4,65.4,60.4,60.7,12300
TLC,20070509,64.4,64.4,60.4,61.8,14300
TLC,20070508,62.9,63.4,61.9,62.6,14300
TLC,20070507,58.3,62.4,58.3,60.3,21200
TLC,20070504,58.1,59.4,58.1,59.2,10800
TLC,20070503,59.9,60.4,59.4,59.7,12600
TLC,20070502,63.4,63.4,59.4,61.4,8100
TLC,20070425,62.4,62.9,60.4,61.7,16900
TLC,20070424,58.4,60.2,58.4,59.7,8000
TLC,20070423,55.4,60.4,55,59.9,13100
TLC,20070420,63.4,63.4,60.5,61.1,11400
TLC,20070419,64.1,68.3,62.4,66.3,28800
TLC,20070418,62.4,65.1,59.4,64.1,20500
TLC,20070417,59.4,60.4,57.4,59.2,29000
TLC,20070416,65.4,65.4,60.9,62.6,16600
TLC,20070413,66.4,67.3,65.9,66.8,10100
TLC,20070412,70.4,70.4,67.5,68.1,10600
TLC,20070411,71.4,71.4,70.4,70.5,19300
TLC,20070410,71.9,71.9,69.4,70.8,15800
TLC,20070409,73.4,73.4,65.9,70.5,11600
TLC,20070406,72.2,72.2,70.9,71.4,17000
TLC,20070405,75.4,75.4,70.4,72.2,10000
TLC,20070404,71.1,77.2,71.1,74.3,14300
TLC,20070403,69.4,74.3,66.8,71.1,14700
TLC,20070402,77.4,77.4,74,74.2,13500
TLC,20070330,85.4,85.4,77.4,82.2,51600
TLC,20070329,77.9,77.9,77.9,77.9,12300
TLC,20070328,69.4,79.1,65.4,70.8,14600
TLC,20070327,75.4,76.4,70.6,71.9,15900
TLC,20070326,83.9,84.4,75.9,78.5,18200
TLC,20070323,86.4,86.4,82.4,84.3,37600
TLC,20070322,90.4,90.4,84.4,88.5,27700
TLC,20070321,91.4,94.4,89.4,91.2,44100
TLC,20070320,99.4,99.4,92.4,94.7,42200
TLC,20070319,96.4,97.9,87.4,96.5,129200
TLC,20070319,96.4,97.9,87.4,96.5,129200
TLC,20070316,91.4,97.4,89.5,95,70500
TLC,20070315,93.2,93.4,87.9,90.2,67300
TLC,20070314,94.4,94.4,92.4,93.3,81400
TLC,20070313,94.4,94.4,90.9,92.5,85200
TLC,20070312,97.8,97.8,87.9,90,78200
TLC,20070309,89.4,89.4,87.4,88.9,60300
TLC,20070308,89.4,89.4,85.9,87.9,27800
TLC,20070307,92.4,92.4,85.4,87.1,48000
TLC,20070306,88.4,91.2,87.4,89.1,56600
