<Ticker>,<DTYYYYMMDD>,<Open>,<High>,<Low>,<Close>,<Volume>
TMC,20100729,30,30.3,30,30.3,1000
TMC,20100728,30.6,30.6,30.6,30.6,500
TMC,20100727,31,31.1,30,30.6,5800
TMC,20100726,30.5,31.9,30,31.3,9500
TMC,20100723,30.5,30.5,30.5,30.5,1000
TMC,20100722,30.5,30.5,30.5,30.5,500
TMC,20100721,32.5,32.5,32,32.3,3600
TMC,20100720,32.9,32.9,32.2,32.7,3700
TMC,20100719,32.1,32.1,32.1,32.1,1000
TMC,20100716,34,34.8,33.9,34,6100
TMC,20100715,34,34,34,34,460100
TMC,20100714,33.8,34.1,33.8,34,21700
TMC,20100713,34.2,34.2,33.5,34.1,7200
TMC,20100712,33.9,34,33.6,33.8,7600
TMC,20100709,33.8,33.8,33.8,33.8,1000
TMC,20100708,34,34.3,33.3,33.6,9900
TMC,20100707,33.3,35,32.8,34,22600
TMC,20100706,32.5,33,32.5,32.8,16000
TMC,20100705,33,33,32.5,33,11100
TMC,20100702,32.6,32.9,32.5,32.8,17600
TMC,20100701,32.4,32.5,32.4,32.5,8000
TMC,20100630,32,32.6,32,32.4,44400
TMC,20100629,33.8,33.8,32.6,32.7,11400
TMC,20100628,33.5,33.5,32.3,32.6,3200
TMC,20100625,32,32,31,31.8,9400
TMC,20100624,31.2,32,30.7,31.5,45800
TMC,20100623,29.7,31.1,29.7,30.6,51800
TMC,20100622,30.2,31,30.1,30.5,16200
TMC,20100621,30,30.3,30,30.1,8000
TMC,20100618,29.5,30.1,29.5,30,26200
TMC,20100617,30,30.5,30,30,22700
TMC,20100616,28.8,30.2,28.8,29.9,25900
TMC,20100615,30,30.4,30,30.1,13800
TMC,20100614,31.8,31.8,30,31,7300
TMC,20100611,30.5,31.5,30.5,31.2,3800
TMC,20100610,32,32,32,32,1300
TMC,20100609,32,32,32,32,3000
TMC,20100607,32,32.5,32,32.3,5600
TMC,20100603,32,32.3,32,32.2,2000
TMC,20100531,32.5,32.5,32.5,32.5,1000
TMC,20100528,32.5,32.5,32.5,32.5,2000
TMC,20100527,32,32.4,32,32.2,9600
TMC,20100526,31.5,32.5,31.5,32.4,1800
TMC,20100525,31.5,31.5,31.5,31.5,1000
TMC,20100524,31.5,32,31.5,31.6,14600
TMC,20100521,31.5,31.5,31.5,31.5,9500
TMC,20100520,31.5,32,31.5,31.8,6800
TMC,20100519,31.8,31.8,31.5,31.8,8500
TMC,20100518,31.8,32,31.8,31.8,10300
TMC,20100514,31.8,31.8,31.8,31.8,2000
TMC,20100513,32,32,31.6,31.8,5200
TMC,20100512,32,32,32,32,12200
TMC,20100511,32,32.5,32,32.4,12800
TMC,20100510,29.8,32,29.8,31.6,9300
TMC,20100507,32.1,32.6,32,32.1,11100
TMC,20100506,31.6,33,31.5,32.3,14000
TMC,20100505,31,32,31,31.6,300
TMC,20100504,32,32,32,32,21200
TMC,20100429,31.5,32,31.5,32,15600
TMC,20100428,32,32,32,32,10400
TMC,20100427,32,32,31.8,32,21100
TMC,20100426,32.4,32.4,30.5,31.1,3400
TMC,20100422,32.8,33,30.2,32.6,466000
TMC,20100421,33.4,33.5,32,32.5,2300
TMC,20100420,32.9,33,31.1,32.1,10700
TMC,20100419,33.8,33.9,31,32.1,9700
TMC,20100416,32,33.2,32,32.9,5800
TMC,20100415,31.6,32,30.8,31.6,20900
TMC,20100414,30.7,31.5,30.7,30.8,12100
TMC,20100413,31.5,31.5,30.8,31.1,12100
TMC,20100412,32.4,32.4,30.8,31.3,24900
TMC,20100409,31.2,32,31.2,31.6,23300
TMC,20100408,30.5,31,30,30.5,22000
TMC,20100407,28.7,30,28.7,29,56100
TMC,20100406,29,29,28.6,28.7,7700
TMC,20100405,28.6,28.8,28.5,28.6,17600
TMC,20100402,28.8,28.8,28,28.4,4200
TMC,20100401,28,28,28,28,5400
TMC,20100331,28.2,28.2,28,28,2200
TMC,20100330,28.5,28.5,28.3,28.5,12100
TMC,20100326,28.8,28.8,28,28.2,5800
TMC,20100325,28.5,28.8,28.5,28.6,5000
TMC,20100324,27.8,28.5,27.8,28.2,3900
TMC,20100323,28,28,27.6,27.8,10700
TMC,20100322,28.5,29,27.5,28.1,6900
TMC,20100319,28.5,29,28.5,28.8,14800
TMC,20100318,29.8,29.8,29,29.3,1200
TMC,20100316,28.9,28.9,28.5,28.6,10000
TMC,20100315,29.3,30,29.1,29.6,5800
TMC,20100312,28.5,29,28.5,28.9,12400
TMC,20100311,28.8,28.9,28.8,28.8,1400
TMC,20100310,28.5,28.8,28.5,28.5,5400
TMC,20100309,28,28.5,28,28.2,7900
TMC,20100308,28,28.1,27.5,27.9,11800
TMC,20100305,27,28,27,27.7,9700
TMC,20100304,28,28,27.7,27.9,10400
TMC,20100303,27.3,27.6,27,27.4,5600
TMC,20100302,28.7,28.7,27,27.3,6100
TMC,20100301,27.2,27.2,27.2,27.2,11200
TMC,20100226,27,27,27,27,3300
TMC,20100225,27,27,27,27,4800
TMC,20100224,26.2,27.1,26.2,26.9,3700
TMC,20100223,27.1,27.1,26.8,27,10600
TMC,20100222,28.8,28.8,27,27.1,2000
TMC,20100212,28.4,28.4,27,27,5100
TMC,20100211,26.5,26.6,26.5,26.5,3100
TMC,20100210,27,27,26.5,26.6,600
TMC,20100209,26.5,26.5,26.2,26.5,4000
TMC,20100208,26.5,26.5,26.5,26.5,2300
TMC,20100205,26,26.8,26,26.5,5700
TMC,20100204,26.5,27.5,26.5,26.9,9300
TMC,20100203,27,27,26.3,26.6,700
TMC,20100202,26.5,26.5,26,26,1300
TMC,20100201,25.9,25.9,25.9,25.9,200
TMC,20100129,25.9,25.9,25.9,25.9,300
TMC,20100127,26.2,26.2,25.6,25.9,3000
TMC,20100126,25,26.5,25,26.2,4900
TMC,20100125,25,25,24.8,25,1900
TMC,20100122,27.2,27.2,24.1,25.8,5900
TMC,20100121,27,27,25.8,25.9,3700
TMC,20100120,27.5,28.5,27,27.5,3500
TMC,20100119,28.6,28.6,28.6,28.6,2500
TMC,20100118,27.5,27.5,26.4,26.9,7100
TMC,20100115,29.5,30,28,28.3,6200
TMC,20100114,28,28.1,27.9,28.1,17800
TMC,20100113,25.5,27.9,25.5,26.2,5500
TMC,20100112,26.6,26.6,25.8,26.1,16700
TMC,20100111,29.2,29.2,27.2,27.7,6900
TMC,20100108,30.5,30.5,28.5,29.2,10800
TMC,20100107,30,31,29.8,30,6000
TMC,20100106,31.9,31.9,31.5,31.9,2800
TMC,20100105,32.7,32.7,31,32.6,32000
TMC,20100104,30.5,30.5,30.5,30.5,1100
TMC,20091231,28.3,28.8,28.3,28.5,24600
TMC,20091230,28.3,28.8,27.3,28,17100
TMC,20091229,30.3,30.3,28.8,28.9,3800
TMC,20091228,30,30.2,28.6,29.7,15500
TMC,20091225,29.3,29.3,28.3,28.5,11700
TMC,20091224,28.3,28.3,27.6,28.1,3000
TMC,20091223,28.3,28.3,27.8,28.2,1700
TMC,20091222,27.8,27.8,27.8,27.8,25300
TMC,20091221,26.5,26.8,26.5,26.8,11600
TMC,20091218,25.2,25.5,24.8,25.2,10400
TMC,20091217,25.3,25.3,22.8,24,2800
TMC,20091216,26,26,24.2,24.2,12100
TMC,20091215,25.8,26.8,25.4,25.8,2700
TMC,20091214,27.3,27.3,26.5,27.1,3000
TMC,20091209,27.8,27.8,27.2,27.3,4800
TMC,20091208,27.8,29.2,27.8,27.8,23000
TMC,20091207,27.8,28.3,27.8,28.1,2700
TMC,20091203,29,29,29,29,200
TMC,20091202,29.1,29.1,28.8,28.8,2400
TMC,20091201,27.5,27.5,27.5,27.5,3500
TMC,20091130,25.9,25.9,25.9,25.9,3400
TMC,20091127,24.3,26.4,24.3,24.4,20800
TMC,20091126,26,26,25.9,25.9,2200
TMC,20091125,28.6,28.6,27.2,27.7,4900
TMC,20091124,29.4,29.4,28.9,29.1,1200
TMC,20091123,30.4,30.4,29.1,29.9,1600
TMC,20091120,31.1,31.1,29.4,30.2,2500
TMC,20091119,28.4,29.8,28.4,29.4,24300
TMC,20091118,27.6,29,27.6,28,24500
TMC,20091117,28.5,28.9,27.9,28.5,15600
TMC,20091116,28.6,28.9,28.6,28.9,11300
TMC,20091113,29.4,29.4,28.8,28.9,1900
TMC,20091112,28.1,28.9,28.1,28.3,2400
TMC,20091111,26.9,28.4,26.9,27.3,3400
TMC,20091110,27.4,27.4,26.9,27.1,17400
TMC,20091109,28.9,29.1,27.2,27.6,11200
TMC,20091106,30.4,30.4,28.6,29.1,8600
TMC,20091105,28.9,29.6,28.9,29,5600
TMC,20091104,29.4,29.4,28.4,28.6,7100
TMC,20091103,31.6,31.6,28.7,29.7,5000
TMC,20091102,30.4,30.4,30.4,30.4,18800
TMC,20091030,32.8,32.8,32.1,32.4,6600
TMC,20091029,31.9,31.9,29.8,30.8,5700
TMC,20091028,31.9,32.1,31.6,31.8,25500
TMC,20091027,31.7,32.1,31.5,31.7,6400
TMC,20091026,33.3,33.3,31.4,32.3,7000
TMC,20091023,33.6,33.9,31.7,32.7,24100
TMC,20091022,32.9,34.4,32.9,33.9,38400
TMC,20091021,32.9,32.9,32.4,32.7,15000
TMC,20091020,32.7,33.1,32.7,33,27200
TMC,20091019,31.4,32.7,30.9,32.6,36000
TMC,20091016,31.9,31.9,30.2,30.8,21000
TMC,20091015,32.1,32.3,31.1,31.6,26700
TMC,20091014,31.5,31.5,31.1,31.4,11100
TMC,20091013,30.2,31.9,30.2,31.4,800
TMC,20091012,31.6,32.2,31.6,32,43100
TMC,20091009,30.9,30.9,29.9,30.3,8400
TMC,20091008,29.1,30.6,29.1,30.3,9500
TMC,20091007,28.8,29.9,28.8,29.1,3500
TMC,20091006,30.1,30.1,29.4,30,5000
TMC,20091005,30.3,30.4,29.4,30,7500
TMC,20091002,30.6,30.9,29.9,30.4,4700
TMC,20091001,29.6,31.5,29.6,30.7,13400
TMC,20090930,29.4,30.4,29.4,29.6,4200
TMC,20090929,31.4,31.4,29.9,30.6,14200
TMC,20090928,30.9,31,30.9,30.9,29600
TMC,20090925,29.9,31.4,29.4,30.5,13200
TMC,20090924,31.4,31.4,30.9,31.1,26500
TMC,20090923,32.4,33.4,31.5,32.6,23500
TMC,20090922,30.4,31.9,30.4,31.5,51300
TMC,20090921,29.6,30.5,29.6,30,30500
TMC,20090918,28.6,28.8,28.5,28.7,4400
TMC,20090917,28.6,28.9,28.6,28.7,22100
TMC,20090916,28.6,29.6,28.6,29,6400
TMC,20090915,29.9,29.9,29.1,29.4,10700
TMC,20090914,28.9,30.3,28.9,29.9,27600
TMC,20090911,29.3,29.3,28.6,28.8,26400
TMC,20090910,27.9,27.9,27.6,27.8,15600
TMC,20090909,29.6,29.6,27.9,28.3,16100
TMC,20090908,29.4,29.4,28.4,28.9,18200
TMC,20090907,32.5,32.5,28.6,29.4,27000
TMC,20090904,30.6,30.6,29.9,30.6,109100
TMC,20090903,28.8,28.8,28.8,28.8,50400
TMC,20090901,27.1,27.1,27.1,27.1,23300
TMC,20090831,25.5,25.5,25.5,25.5,15700
TMC,20090828,22.7,24,22.7,24,23500
TMC,20090827,22.6,22.8,22.4,22.6,5500
TMC,20090826,21.6,22.4,21.6,22.1,8600
TMC,20090825,21.4,21.4,21.4,21.4,6100
TMC,20090824,21.3,21.3,21.3,21.3,8000
TMC,20090821,21.4,21.4,21.1,21.3,2000
TMC,20090820,20.9,21.1,20.6,20.8,3400
TMC,20090819,20.9,21.1,20.9,21,300
TMC,20090818,19.9,20.4,19.9,20,500
TMC,20090817,21.9,21.9,19.9,20.4,8000
TMC,20090814,20.6,20.6,20.6,20.6,4000
TMC,20090813,21.4,21.4,20.9,20.9,5500
TMC,20090812,21.4,21.4,21.4,21.4,6000
TMC,20090811,21.1,21.4,21.1,21.3,11500
TMC,20090810,20.9,20.9,20.9,20.9,2500
TMC,20090807,20.6,20.6,20.4,20.5,1900
TMC,20090805,20.4,20.5,20.4,20.5,8000
TMC,20090804,20.5,20.5,20.5,20.5,3000
TMC,20090803,20.4,20.5,20.4,20.4,3500
TMC,20090731,20.1,20.6,20.1,20.3,13800
TMC,20090730,19.9,19.9,19.9,19.9,2800
TMC,20090729,19.9,19.9,19.9,19.9,2200
TMC,20090728,19.4,20.1,19.4,19.9,8200
TMC,20090727,20.2,20.4,20.2,20.4,6400
TMC,20090724,20.1,20.2,20.1,20.2,5400
TMC,20090723,18.6,19.6,18.6,19.2,3600
TMC,20090722,18.9,19.4,18.9,19.3,2200
TMC,20090721,19.4,19.4,19.3,19.4,3400
TMC,20090720,18.6,19.1,18.6,19,1000
TMC,20090717,18.9,19.4,18.9,19.3,3400
TMC,20090716,19.4,19.4,19.3,19.4,3000
TMC,20090715,19.4,19.4,18.9,19.4,3000
TMC,20090714,18.9,18.9,18.9,18.9,7500
TMC,20090713,18.4,18.9,18.4,18.7,4200
TMC,20090710,18.4,18.9,18.4,18.7,4500
TMC,20090709,18.1,19.3,18.1,18.8,12100
TMC,20090708,18.5,19.1,17.4,18.7,8100
TMC,20090707,18.2,19.1,18,18.4,7000
TMC,20090706,18.2,18.2,18.2,18.2,5000
TMC,20090703,17.2,17.6,17.2,17.2,4400
TMC,20090702,18.4,18.4,17.5,18.3,900
TMC,20090701,17.4,17.9,16.9,17.6,15200
TMC,20090630,18.4,18.4,17.8,17.9,4400
TMC,20090629,19.6,19.6,18.7,18.8,1100
TMC,20090626,19.4,19.6,18.6,19.1,4900
TMC,20090625,18.5,18.5,18.4,18.5,8600
TMC,20090624,17.1,18.1,17.1,17.4,1000
TMC,20090623,18.1,18.1,18.1,18.1,100
TMC,20090622,17.4,17.9,17.4,17.5,1200
TMC,20090619,19.1,19.5,17.6,18.3,8400
TMC,20090618,17.6,19.2,17.6,18.4,400
TMC,20090617,18,18.9,18,18.3,8100
TMC,20090616,19.1,19.1,19.1,19.1,1000
TMC,20090615,20.4,20.4,20.4,20.4,2000
TMC,20090612,21.4,21.4,21.1,21.3,1500
TMC,20090611,21.2,21.2,21.2,21.2,7000
TMC,20090610,20,20,19.9,20,18200
TMC,20090609,18.9,18.9,18.9,18.9,1700
TMC,20090608,17.8,17.8,17.8,17.8,6600
TMC,20090528,16.3,16.8,16.3,16.3,7420
TMC,20090527,16.9,16.9,16.6,16.8,2160
TMC,20090526,17.1,17.2,16.6,17.1,7130
TMC,20090525,17.3,17.3,16.8,17.1,11700
TMC,20090522,17.1,17.1,16.9,16.9,6580
TMC,20090521,17.4,17.4,16.9,17,8570
TMC,20090520,17.1,17.4,17.1,17.3,12360
TMC,20090519,17.6,17.6,17.3,17.3,2110
TMC,20090518,17.9,17.9,17.1,17.6,24350
TMC,20090515,17,18.2,17,17.4,464910
TMC,20090514,16.9,17.8,16.9,17.6,44280
TMC,20090513,17.1,17.9,16.9,17.4,27070
TMC,20090512,16.6,17.4,16.6,17.2,13000
TMC,20090511,16.9,17.5,16.9,17.2,12570
TMC,20090508,17.4,17.4,17.1,17.2,12690
TMC,20090507,17.6,17.6,17.4,17.5,22700
TMC,20090506,17.1,17.1,16.9,17,22200
TMC,20090505,17.4,17.5,17.1,17.3,9380
TMC,20090504,16.6,16.8,16.6,16.8,9100
TMC,20090429,15.9,16.2,15.9,16,12700
TMC,20090428,15.1,15.8,15.1,15.6,14900
TMC,20090427,15.4,15.6,15.1,15.4,7200
TMC,20090424,15.4,15.4,14.9,15,6290
TMC,20090423,14.8,15,14.1,14.9,6600
TMC,20090422,14.4,14.4,14.4,14.4,1360
TMC,20090421,13.9,13.9,13.9,13.9,6500
TMC,20090420,14.6,14.6,14.5,14.6,8800
TMC,20090417,15.4,15.4,15.2,15.2,19090
TMC,20090416,16.1,16.4,15.9,16,10990
TMC,20090415,16.6,16.9,16.3,16.6,1610
TMC,20090414,17.2,17.2,17.1,17.2,8140
TMC,20090413,17.1,17.1,16.9,17,21510
TMC,20090410,16.8,16.8,16.5,16.6,13010
TMC,20090409,16.8,16.8,16.4,16.4,20900
TMC,20090408,16.1,16.4,16.1,16.1,20410
TMC,20090407,15.4,16.1,15.4,15.6,13570
TMC,20090403,15.7,15.7,15.7,15.7,9210
TMC,20090402,15.1,15.1,14.5,14.7,8810
TMC,20090401,14.5,14.5,14.1,14.4,20550
TMC,20090331,13.9,13.9,13.8,13.9,22630
TMC,20090330,12.9,13.5,12.9,13.3,19400
TMC,20090327,12.9,13.1,12.9,13,2300
TMC,20090326,12.9,13.6,12.9,13.1,230
TMC,20090325,13.1,13.2,13.1,13.2,4260
TMC,20090324,13.1,13.1,12.9,13,680
TMC,20090323,13.1,13.1,12.6,12.7,2260
TMC,20090320,12.6,12.6,12.5,12.5,350
TMC,20090319,13.1,13.1,12.9,13.1,6000
TMC,20090318,13.4,13.4,13.1,13.4,8030
TMC,20090317,12.9,12.9,12.6,12.9,3830
TMC,20090316,12.5,12.5,12.1,12.4,2770
TMC,20090313,11.9,12.4,11.9,12.3,2680
TMC,20090312,12.4,12.4,12.1,12.4,1540
TMC,20090311,12.9,12.9,12.6,12.7,5200
TMC,20090310,12.3,12.4,12.3,12.3,2720
TMC,20090309,12.4,12.4,12.3,12.4,2020
TMC,20090306,12.5,12.5,12.4,12.5,3920
TMC,20090305,12.5,12.7,12.5,12.5,2200
TMC,20090304,11.9,12.6,11.9,12.1,3050
TMC,20090303,11.5,12.4,11.5,11.6,720
TMC,20090302,11.9,12.6,11.9,12.1,3060
TMC,20090227,12.3,12.3,12.3,12.3,1180
TMC,20090226,11.7,12.3,11.7,11.7,2620
TMC,20090225,11.8,12.1,11.8,12,5650
TMC,20090224,11.9,11.9,11.2,11.6,1590
TMC,20090223,11.5,11.5,11.5,11.5,1620
TMC,20090220,11.5,11.9,11.5,11.6,3770
TMC,20090219,11.4,12.4,11.4,11.8,4240
TMC,20090218,12,12,11.9,11.9,3520
TMC,20090217,12.2,12.2,12.2,12.2,200
TMC,20090216,12.4,12.6,12.4,12.5,2000
TMC,20090213,12.6,12.6,12.4,12.5,6400
TMC,20090212,13.1,13.1,12.6,12.6,4620
TMC,20090211,12.9,12.9,12.4,12.6,610
TMC,20090210,13.6,13.6,12.7,13,30
TMC,20090209,13.1,13.2,13.1,13.2,2790
TMC,20090206,12.4,12.9,12.4,12.7,4310
TMC,20090205,12.1,12.4,12.1,12.3,1630
TMC,20090204,12.4,12.4,12.4,12.4,1100
TMC,20090203,13.2,13.2,12.5,13,1920
TMC,20090202,12.9,12.9,12.9,12.9,30
TMC,20090123,13.1,13.1,12.9,12.9,3250
TMC,20090122,12.9,12.9,12.6,12.7,140
TMC,20090121,12.9,12.9,12.9,12.9,5260
TMC,20090120,12.8,12.8,12.4,12.4,290
TMC,20090119,13.4,13.4,12.8,13.3,1090
TMC,20090116,13.3,13.3,13.1,13.2,14450
TMC,20090115,12.6,12.9,12.6,12.9,1010
TMC,20090114,12.4,12.9,12.4,12.6,4830
TMC,20090113,12.6,12.6,12.6,12.6,3680
TMC,20090112,12.6,12.6,12.6,12.6,600
TMC,20090109,12.4,12.4,12.4,12.4,30
TMC,20090108,12.6,12.9,12.5,12.8,3190
TMC,20090107,12.9,12.9,12.6,12.8,2850
TMC,20090106,12.9,13.1,12.5,12.9,5800
TMC,20090105,12.9,12.9,12.9,12.9,1000
TMC,20090102,12.8,13.1,12.8,12.8,2490
TMC,20081231,12.9,12.9,12.6,12.7,4500
TMC,20081230,12.4,12.9,12.1,12.6,8560
TMC,20081229,12.1,12.4,11.8,12.1,5200
TMC,20081226,12.1,12.1,11.4,12.1,2780
TMC,20081225,11.7,11.9,11.7,11.8,1930
TMC,20081224,11.6,12.1,11.5,12,2080
TMC,20081223,11.8,11.8,11.7,11.8,3340
TMC,20081222,12,12.1,12,12.1,6890
TMC,20081219,12.7,12.7,12.2,12.2,1570
TMC,20081218,12.3,12.7,12.3,12.4,2010
TMC,20081217,12,12.9,12,12.1,10360
TMC,20081216,12.9,12.9,12.4,12.4,4850
TMC,20081215,12.9,12.9,12.6,12.8,11110
TMC,20081212,12.1,12.4,12.1,12.3,11000
TMC,20081211,11.5,11.9,11.5,11.7,7900
TMC,20081210,11.4,11.6,11.4,11.5,8220
TMC,20081209,11.5,11.5,11.4,11.4,4610
TMC,20081208,12.1,12.1,11.6,11.8,12630
TMC,20081205,12.8,12.8,12,12,1710
TMC,20081204,12.7,12.7,12.3,12.4,1000
TMC,20081203,12,12.8,12,12.1,16970
TMC,20081202,12.5,12.9,12.4,12.8,1910
TMC,20081201,12.9,13.1,12.6,12.8,3570
TMC,20081128,12.9,12.9,12.9,12.9,7610
TMC,20081127,12.4,12.6,12.4,12.5,2290
TMC,20081126,12.9,13.4,12.9,12.9,1320
TMC,20081125,13.4,13.4,12.8,12.9,15060
TMC,20081124,13.3,13.4,13.3,13.4,1810
TMC,20081121,13.8,13.8,12.8,12.9,10320
TMC,20081120,13.8,13.8,13.4,13.4,4710
TMC,20081119,13.7,14,13.4,13.5,6080
TMC,20081118,13.3,13.6,13,13.3,6050
TMC,20081118,13.3,13.6,13,13.3,6050
TMC,20081117,13.3,13.4,13.3,13.3,7210
TMC,20081114,13.9,13.9,13.6,13.9,13090
TMC,20081113,13.4,14.3,13.4,13.4,6360
TMC,20081112,13.8,14.4,13.8,13.8,16510
TMC,20081111,14.4,14.4,14.4,14.4,600
TMC,20081110,14.6,14.6,14.3,14.6,1390
TMC,20081107,14.3,14.6,14.3,14.4,10170
TMC,20081106,14.9,15.4,14.9,14.9,12100
TMC,20081105,15.5,15.5,15,15.4,23070
TMC,20081104,14.9,14.9,14.4,14.6,9170
TMC,20081103,14.6,14.7,13.9,14.5,7520
TMC,20081031,14.4,14.6,14,14.4,12710
TMC,20081030,14.6,14.6,14.1,14.3,12810
TMC,20081029,14.8,14.8,14.5,14.7,14040
TMC,20081028,14.2,14.2,14.2,14.2,19330
TMC,20081027,14.8,14.8,14.8,14.8,6830
TMC,20081024,15.5,15.7,14.8,15.2,16580
TMC,20081023,15.5,15.6,15.5,15.5,10310
TMC,20081022,16.2,16.2,16.1,16.2,5520
TMC,20081021,16.2,16.9,16,16.4,11870
TMC,20081020,18,18,16.7,16.8,9440
TMC,20081017,17.5,17.5,17,17.3,12340
TMC,20081016,17,17,15.9,16.3,10660
TMC,20081015,16.6,16.6,16.1,16.5,16560
TMC,20081014,15.9,15.9,15.9,15.9,20
TMC,20081013,16.6,16.6,15.2,16.1,8770
TMC,20081010,15.9,15.9,15.9,15.9,16970
TMC,20081009,16.7,17.5,16.7,16.8,22570
TMC,20081008,17.4,17.5,17.4,17.4,20290
TMC,20081007,18.2,18.2,18.2,18.2,23220
TMC,20081006,20,20,19.1,19.2,14220
TMC,20081003,19.5,20.1,19.5,19.9,23480
TMC,20081002,19.4,19.4,19,19.3,31800
TMC,20081001,18.5,18.5,18,18.5,26540
TMC,20080930,17.7,17.7,17.7,17.7,650
TMC,20080929,19.2,19.4,18.6,19.2,11370
TMC,20080926,19.3,19.3,18.6,19.2,21860
TMC,20080925,17.4,18.5,17.4,18,11060
TMC,20080924,17,18,17,17.5,10060
TMC,20080923,17.4,18.1,16.7,17.6,30580
TMC,20080922,17.4,17.4,17.4,17.4,2050
TMC,20080919,16.6,16.7,16.6,16.6,27210
TMC,20080918,16,16,16,16,7800
TMC,20080917,16.7,16.7,16.7,16.7,5960
TMC,20080916,17.5,17.5,17.5,17.5,12130
TMC,20080915,17.5,18.9,17.5,17.9,30400
TMC,20080912,18.1,18.1,18.1,18.1,20750
TMC,20080911,19.1,19.2,19,19,13970
TMC,20080910,21,21,19.8,20,22080
TMC,20080909,20.8,21.8,20.8,21,31880
TMC,20080908,21.8,21.8,21.8,21.8,11610
TMC,20080905,22,22.8,22,22.5,39520
TMC,20080904,21.8,21.8,21.7,21.8,84380
TMC,20080903,20.9,20.9,20.9,20.9,7650
TMC,20080829,20,20,19.6,20,64000
TMC,20080828,19.5,19.5,19.1,19.3,11090
TMC,20080827,20.5,20.9,20,20.5,41840
TMC,20080826,20.3,20.3,20,20.2,28940
TMC,20080825,19.3,19.4,19,19.4,35970
TMC,20080822,19.6,19.6,18.6,19.2,27580
TMC,20080821,18,18.9,18,18.6,9450
TMC,20080820,17.1,18.7,17.1,18.1,51020
TMC,20080819,18.5,18.5,17.3,18,21730
TMC,20080818,16.6,17.9,16.6,17.3,45620
TMC,20080815,17.2,17.2,17.2,17.2,11600
TMC,20080814,16.2,16.7,16.2,16.6,60430
TMC,20080813,16.2,16.5,16.1,16.2,42810
TMC,20080812,16.6,16.6,16,16.5,30970
TMC,20080811,16.2,16.2,16.2,16.2,7940
TMC,20080808,16.2,16.2,15.8,15.8,24810
TMC,20080807,17,16.5,16.5,16.6,38760
TMC,20080806,16.5,16.5,16.5,16.5,38760
TMC,20080805,16.1,16.2,16.1,16.1,8950
TMC,20080804,16.6,16.6,16.5,16.6,28310
TMC,20080801,16.2,16.2,16,16.2,31430
TMC,20080731,15.6,15.8,15.4,15.6,41220
TMC,20080730,15.4,15.4,15.4,15.4,38080
TMC,20080729,14.6,15,14.6,14.7,1530
TMC,20080728,14.6,14.6,14.5,14.6,12700
TMC,20080725,14,14.5,14,14.2,9760
TMC,20080724,14.3,14.9,14.3,14.4,79590
TMC,20080723,14.6,14.6,14.6,14.6,5330
TMC,20080722,15,15,15,15,5250
TMC,20080721,15.4,15.5,15.4,15.4,4130
TMC,20080718,15.8,15.8,15.8,15.8,50750
TMC,20080717,15.4,15.4,15.4,15.4,12420
TMC,20080716,15,15,15,15,38080
TMC,20080715,14.7,14.7,14.7,14.7,110
TMC,20080714,14.3,14.3,14.3,14.3,2700
TMC,20080711,14,14,14,14,16450
TMC,20080710,13.6,13.6,13.6,13.6,3900
TMC,20080709,13.3,13.3,13.3,13.3,4900
TMC,20080708,12.3,12.9,12.3,12.4,22770
TMC,20080707,13.3,13.3,12.6,13.2,26280
TMC,20080704,13,13,13,12.7,2170
TMC,20080703,12.7,12.7,12.7,12.7,5000
TMC,20080702,12.4,12.4,12.4,12.4,21720
TMC,20080701,11.9,12.1,11.9,12,13200
TMC,20080630,11.8,11.8,11.5,11.8,33640
TMC,20080627,11.2,11.8,11.2,11.5,11630
TMC,20080626,11.8,11.8,11.5,11.8,10130
TMC,20080625,11.5,11.5,11.4,11.5,13890
TMC,20080624,11.2,11.2,11.1,11.2,29320
TMC,20080623,10.9,11,10.9,10.9,41940
TMC,20080620,10.4,10.8,10.4,10.5,17550
TMC,20080619,10.7,10.7,10.7,10.7,21260
TMC,20080618,11.3,11.3,10.9,11.3,44130
TMC,20080617,11.1,11.1,11.1,11.1,10
TMC,20080616,11,11,11,11,53950
TMC,20080613,10.8,10.8,10.8,10.8,46330
TMC,20080612,10.7,10.7,10.4,10.6,37100
TMC,20080611,10.2,10.5,10.2,10.2,50350
TMC,20080610,10.4,10.4,10.4,10.4,200
TMC,20080609,10.5,10.5,10.5,10.5,820
TMC,20080606,10.7,10.7,10.7,10.7,19050
TMC,20080605,10.8,10.8,10.8,10.8,1300
TMC,20080604,11,11,11,11,2020
TMC,20080603,11.2,11.2,11.2,11.2,8630
TMC,20080602,11.4,11.4,11.4,11.4,20
TMC,20080530,11.6,11.6,11.6,11.6,6150
TMC,20080526,11.8,11.8,11.8,11.8,1000
TMC,20080522,12.2,12.2,12.2,12.2,310
TMC,20080521,12.4,12.4,12.4,12.4,210
TMC,20080520,12.6,12.6,12.6,12.6,11020
TMC,20080519,12.8,12.8,12.8,12.8,15380
TMC,20080516,13,13.2,13,13,47880
TMC,20080515,13.2,13.2,13.2,13.2,37870
TMC,20080514,13.4,13.4,13.4,13.4,30
TMC,20080513,13.6,13.6,13.6,13.6,3010
TMC,20080512,14.1,14.1,13.8,13.9,410
TMC,20080509,14.1,14.1,14.1,14.1,3560
TMC,20080508,14.5,14.6,14.3,14.4,25630
TMC,20080507,15,15,14.6,14.8,64540
TMC,20080506,14.8,14.8,14.8,14.8,41290
TMC,20080505,14.6,14.6,14.6,14.6,66140
TMC,20080429,15.1,15.1,14.7,15.1,4740
TMC,20080428,14.6,14.9,14.6,14.8,2360
TMC,20080425,14.7,14.8,14.6,14.6,6480
TMC,20080424,14.3,14.7,14.3,14.3,5120
TMC,20080423,14.6,14.6,14.6,14.6,6750
TMC,20080422,14.8,14.8,14.4,14.7,21580
TMC,20080421,14.4,14.6,14.1,14.3,3910
TMC,20080418,14.6,14.6,14.4,14.5,14120
TMC,20080417,13.9,14.4,13.9,13.9,10480
TMC,20080416,14.1,14.2,14.1,14.1,1320
TMC,20080411,14.4,14.4,14.4,14.4,15270
TMC,20080410,14.6,14.6,14.6,14.6,13040
TMC,20080409,15.1,15.2,14.9,15,5920
TMC,20080408,15.3,15.3,15.1,15.2,55600
TMC,20080407,15.1,15.1,15.1,15.1,8340
TMC,20080404,14.8,14.8,14.8,14.8,2000
TMC,20080403,14.7,14.7,14.7,14.7,2010
TMC,20080402,14.6,14.6,14.6,14.6,10
TMC,20080401,14.5,14.5,14.5,14.5,740
TMC,20080331,14.4,14.4,14.4,14.4,2010
TMC,20080328,14.3,14.3,14.3,14.3,110
TMC,20080327,14.1,14.2,14.1,14.1,210
TMC,20080326,14,14.1,14,14.1,1900
TMC,20080325,14,14,14,14,8110
TMC,20080324,14.7,14.7,14.7,14.7,12930
TMC,20080321,15.8,15.8,15.1,15.4,24190
TMC,20080320,15.1,15.8,15.1,15.3,30680
TMC,20080319,16.5,16.5,15.7,15.8,25290
TMC,20080318,16.5,16.5,16.5,16.5,14620
TMC,20080317,17.3,18.1,17.3,17.3,13140
TMC,20080314,18.5,18.5,17.7,18.3,8340
TMC,20080313,18.4,18.5,17.6,17.9,39100
TMC,20080312,17.8,19.3,17.7,18,17140
TMC,20080311,18.6,19.1,17.6,18.1,29810
TMC,20080310,20.2,20.2,18.5,19.9,66430
TMC,20080307,19.3,19.3,18.9,19.3,78120
TMC,20080306,18.5,18.5,18.5,18.5,67700
TMC,20080305,17.7,17.7,17.7,17.7,7200
TMC,20080304,18.5,18.5,18.5,18.5,7170
TMC,20080303,19.4,19.6,19.4,19.4,17570
TMC,20080229,20.6,20.9,20.4,20.6,9990
TMC,20080228,21.2,21.4,20.9,21.1,20080
TMC,20080227,21.6,21.9,21.1,21.6,23160
TMC,20080226,22.9,22.9,21.6,22.3,18940
TMC,20080225,21.7,23.1,21.7,22.6,30900
TMC,20080222,22.6,22.6,22.6,22.6,2670
TMC,20080221,24.1,24.1,23.7,24,2390
TMC,20080220,25.6,25.6,24.9,25,2900
TMC,20080219,24.4,26.1,24.4,24.9,1410
TMC,20080218,25.4,25.6,25.1,25.4,3970
TMC,20080215,26.6,26.6,26.1,26.5,4130
TMC,20080214,25.6,26.9,25.6,26.6,7340
TMC,20080213,26.1,26.4,25.9,26.1,2410
TMC,20080212,26.9,26.9,26.1,26.5,13300
TMC,20080201,26.9,26.9,26.9,26.9,34270
TMC,20080131,26,26,25.6,25.8,6770
TMC,20080130,25.4,26,25.4,25.6,16490
TMC,20080129,24.9,24.9,24.6,24.9,12780
TMC,20080128,23.7,25.1,23.7,24.9,9990
TMC,20080125,24.9,24.9,24.9,24.9,2300
TMC,20080124,23.1,24.9,23.1,23.5,1380
TMC,20080123,24.2,24.2,24.2,24.2,3730
TMC,20080122,25.6,25.6,24.4,25,1840
TMC,20080121,25.6,25.6,25.6,0,3300
TMC,20080118,25.1,25.1,24.9,0,6900
TMC,20080117,25.6,25.6,25.1,0,1710
TMC,20080116,24.1,24.8,24.1,0,12910
TMC,20080115,24.9,25.6,23.7,0,13430
TMC,20080114,24.9,25.1,24.9,0,9320
TMC,20080111,24.8,26.1,24.8,0,15200
TMC,20080110,24.9,25.9,24.9,0,104470
TMC,20080109,25.9,25.9,25.6,0,57030
TMC,20080108,26.1,26.4,26.1,0,909290
TMC,20080107,26.1,26.1,25.4,0,420
TMC,20080104,26.6,26.6,26.1,0,7650
TMC,20080103,27.1,27.1,27.1,0,800
TMC,20080102,27.4,27.4,27.1,0,4300
TMC,20071228,27.1,27.1,27.1,0,3060
TMC,20071227,27.6,27.6,27.1,0,2530
TMC,20071226,27.1,27.1,27.1,0,10110
TMC,20071225,27.4,27.6,26.9,0,7870
TMC,20071224,27.1,27.4,27.1,0,13340
TMC,20071221,26.6,27.1,26.6,0,3170
TMC,20071220,27.4,27.6,26.6,0,2400
TMC,20071219,27.1,27.4,27.1,0,9100
TMC,20071218,25.6,26.4,25.6,0,310
TMC,20071217,27.1,27.1,25.6,0,3010
TMC,20071214,27.1,27.1,26.9,0,3450
TMC,20071213,27.6,27.6,27.1,0,8110
TMC,20071212,26.9,27.6,26.9,0,8820
TMC,20071211,27.4,27.4,27.1,0,8140
TMC,20071210,28.1,29.1,28.1,0,14700
TMC,20071207,29.4,29.4,28.9,0,3570
TMC,20071206,28.1,29.4,28.1,0,2700
TMC,20071205,28.4,28.4,28.1,0,7470
TMC,20071204,28.6,28.6,28.6,0,16200
TMC,20071203,28.1,29.1,28.1,0,28460
TMC,20071130,28.6,29.1,28.6,0,6700
TMC,20071129,29.9,29.9,28.9,0,11140
TMC,20071128,29.6,29.6,28.6,0,14880
TMC,20071127,29.1,29.4,28.9,0,15140
TMC,20071126,28.4,29.1,28.4,0,53490
TMC,20071123,29.1,29.1,28.9,0,5120
TMC,20071122,29.1,29.1,28.9,0,28730
TMC,20071121,29.4,29.4,29.1,0,7800
TMC,20071120,30.1,30.1,29.6,0,10660
TMC,20071119,30.1,30.1,29.4,0,4100
TMC,20071116,29.1,29.9,29.1,0,14130
TMC,20071115,28.9,29.9,28.9,0,19890
TMC,20071114,28.6,29.9,28.6,0,32500
TMC,20071113,29.1,29.4,28.6,0,6820
TMC,20071112,31.4,31.9,29.9,0,9830
TMC,20071109,30.9,31.4,30.6,0,25850
TMC,20071108,30.9,30.9,30.9,0,20990
TMC,20071107,30.6,30.6,29.6,0,18870
TMC,20071106,30.4,30.4,29.6,0,10780
TMC,20071105,31.1,31.6,30.9,0,16350
TMC,20071102,32.1,32.6,31.9,0,19690
TMC,20071101,32.1,32.6,31.9,0,28620
TMC,20071031,32.6,32.6,32.1,0,15220
TMC,20071030,32.1,32.6,31.9,0,26050
TMC,20071029,34.1,34.1,31.9,0,47010
TMC,20071026,32.6,32.6,32.6,0,47520
TMC,20071025,30.6,31.1,30.4,0,23940
TMC,20071024,30.1,30.4,30.1,0,20000
TMC,20071023,30.6,30.6,30.4,0,17050
TMC,20071022,30.1,31.6,30.1,0,14400
TMC,20071019,29.9,31.1,29.9,0,12070
TMC,20071018,31.6,31.6,31.1,0,29650
TMC,20071017,33.9,34.1,31.6,0,43990
TMC,20071016,32.6,32.6,32.6,0,82410
TMC,20071015,31.1,31.1,30.6,0,60590
TMC,20071012,28.6,29.9,28.6,0,28700
TMC,20071011,28.9,28.9,28.6,0,21160
TMC,20071010,29.1,29.1,28.1,0,15310
TMC,20071009,27.6,28.6,27.6,0,17180
TMC,20071008,27.4,27.6,27.4,0,4800
TMC,20071005,28.9,28.9,28.1,0,9170
TMC,20071004,27.6,27.9,27.6,0,15630
TMC,20071003,28.4,28.4,28.4,0,13490
TMC,20071002,28.9,28.9,28.4,0,11480
TMC,20071001,28.6,28.6,28.4,0,25370
TMC,20070928,28.6,28.6,27.9,0,13090
TMC,20070927,29.1,29.1,28.1,0,27680
TMC,20070926,29.1,29.1,27.9,0,28670
TMC,20070925,27.9,28.1,27.6,0,16850
TMC,20070924,27.6,27.6,26.4,0,31990
TMC,20070921,26.1,26.4,26.1,0,11260
TMC,20070920,25.9,26.4,25.9,0,18390
TMC,20070919,25.9,25.9,25.9,0,1380
TMC,20070918,26.1,26.1,25.9,0,12650
TMC,20070917,25.4,25.4,25.4,0,1430
TMC,20070914,25.6,25.8,25.4,0,14560
TMC,20070913,26.1,26.1,25.9,0,1710
TMC,20070912,26.1,26.1,25.9,0,1500
TMC,20070911,26.6,26.6,26.1,0,12090
TMC,20070910,26.4,26.4,26.1,0,9350
TMC,20070907,26.1,26.1,25.9,0,8400
TMC,20070906,25.6,25.9,25.6,0,7380
TMC,20070905,25.1,25.7,25.1,0,23090
TMC,20070904,25,25.1,25,0,18330
TMC,20070831,24.9,24.9,24.9,0,8880
TMC,20070830,24.9,24.9,24.7,0,6000
TMC,20070829,25,25.1,24.7,0,13050
TMC,20070828,25.1,25.1,24.9,0,13300
TMC,20070827,24.7,25,24.7,0,12500
TMC,20070824,24.7,25.1,24.7,0,7060
TMC,20070823,24.3,24.8,24.3,0,11880
TMC,20070822,24.5,24.5,24.4,0,4960
TMC,20070821,24.5,24.6,24.5,0,5550
TMC,20070820,24.7,24.9,24.6,0,6320
TMC,20070817,24.7,24.7,24.7,0,990
TMC,20070816,25.1,25.1,25.1,0,220
TMC,20070815,25.1,25.4,25.1,0,4400
TMC,20070814,25.1,25.1,25.1,0,2270
TMC,20070813,24.9,24.9,24.9,0,1160
TMC,20070810,25.6,25.8,25.4,0,14200
TMC,20070809,25.1,25.6,25.1,0,5460
TMC,20070808,25.1,25.1,24.9,0,3700
TMC,20070807,25.1,25.2,25.1,0,13100
TMC,20070806,24.9,25.1,24.9,0,7030
TMC,20070803,25.6,25.6,25.2,0,8550
TMC,20070802,26.1,26.1,25.6,0,8060
TMC,20070801,25.6,26.1,25.1,0,11190
TMC,20070731,25.4,25.4,25.1,0,9590
TMC,20070730,25.4,25.6,25.4,0,2770
TMC,20070727,25.6,25.6,25.6,0,6350
TMC,20070726,26.1,26.1,25.9,0,11380
TMC,20070725,26.6,26.6,26.6,0,12750
TMC,20070724,27.1,27.1,26.9,0,4900
TMC,20070723,27.4,27.4,27.4,0,12530
TMC,20070720,27.1,27.4,27.1,0,11820
TMC,20070719,27.4,27.4,27.4,0,16080
TMC,20070718,27.4,27.4,27.4,0,12700
TMC,20070717,26.6,27.4,26.6,0,10420
TMC,20070716,27.1,27.6,26.6,0,26030
TMC,20070713,27.1,27.1,26.6,0,11000
TMC,20070712,27.6,27.6,26.6,0,21870
TMC,20070711,27.6,27.6,27.1,0,13860
TMC,20070710,26.6,26.9,26.6,0,18870
TMC,20070709,25.6,25.8,25.6,0,15790
TMC,20070706,24.6,24.6,24.6,0,11270
TMC,20070705,24.1,24.1,23.7,0,17960
TMC,20070704,23.6,23.7,23.6,0,13910
TMC,20070703,24.1,24.1,23.6,0,4610
TMC,20070702,25.1,25.1,24.4,0,24270
TMC,20070629,25.4,25.4,25.4,0,9050
TMC,20070628,25.2,25.2,25.2,0,19790
TMC,20070627,26.6,26.6,25.8,0,22560
TMC,20070626,28.1,28.1,27.1,0,5640
TMC,20070625,27.9,28.1,27.6,0,15440
TMC,20070622,21,21.1,21,0,31040
TMC,20070621,22.1,22.1,21.7,0,13693
TMC,20070620,21.8,22.1,21.8,0,38613
TMC,20070619,21.5,21.7,21.5,0,20000
TMC,20070618,22.1,22.1,21.5,0,34467
TMC,20070615,22.2,22.2,22.1,0,35880
TMC,20070614,23.2,23.2,22.6,0,35053
TMC,20070613,23.3,23.3,23.2,0,60947
TMC,20070612,22.2,22.4,22.2,0,25120
TMC,20070611,23,23,22.1,0,93307
TMC,20070608,23,23,23,0,58040
TMC,20070607,22.4,22.4,21.8,0,22400
TMC,20070606,21.7,21.8,21.7,0,48467
TMC,20070605,23.2,23.2,22.2,0,25387
TMC,20070604,23.2,23.2,23.2,0,143000
TMC,20070601,22.2,22.2,22.2,0,91147
TMC,20070531,20.1,21.2,20.1,0,34520
TMC,20070530,20.5,20.5,20.4,0,20640
TMC,20070529,20.7,20.7,20.4,0,16320
TMC,20070528,21.2,21.2,20.7,0,35720
TMC,20070525,20.1,20.4,20.1,0,19747
TMC,20070524,20.7,20.7,19.7,0,4400
TMC,20070523,20.7,20.7,20.7,0,19187
TMC,20070522,20.1,20.1,20.1,0,28147
TMC,20070521,19,19.3,19,0,14200
TMC,20070518,18.7,18.7,18.4,0,7827
TMC,20070517,18.7,18.7,18.4,0,13160
TMC,20070516,19,19,18.4,0,12267
TMC,20070515,18.2,18.2,18.2,0,7080
TMC,20070514,16.8,17.5,16.8,0,5267
TMC,20070511,16.9,16.9,16.8,0,2107
TMC,20070510,17,17,16.8,0,707
TMC,20070509,16.9,17,16.9,0,8133
TMC,20070508,17,17,16.6,0,5893
TMC,20070507,16.5,16.5,16.5,0,4267
TMC,20070504,16.6,16.6,16.5,0,18480
TMC,20070503,16.9,16.9,16.6,0,11133
TMC,20070502,16.2,16.3,16.2,0,4760
TMC,20070425,15.6,15.6,15.6,0,2267
TMC,20070424,14.9,15.1,14.9,0,12160
TMC,20070423,15.6,15.6,15.6,0,7907
TMC,20070420,16.9,16.9,16.3,0,13547
TMC,20070419,16.9,16.9,16.9,0,12933
TMC,20070418,15.1,16.2,15.1,0,12813
TMC,20070417,15.6,15.6,15.6,0,11973
TMC,20070416,16.3,16.3,16.3,0,2187
TMC,20070413,17,17,17,0,5800
TMC,20070412,17.9,17.9,17.9,0,2800
TMC,20070411,18.7,18.9,18.7,0,7760
TMC,20070410,19.3,19.3,18.9,0,6973
TMC,20070409,18.9,19.3,18.9,0,3413
TMC,20070406,20.1,20.1,19.7,0,1800
TMC,20070405,20.1,20.1,20,0,12800
TMC,20070404,19,19.7,19,0,3560
TMC,20070403,19.6,19.6,19.3,0,18480
TMC,20070402,19.7,20.1,19.7,0,3720
TMC,20070330,21,21,20.7,0,11387
TMC,20070329,20.1,20.1,20.1,0,3333
TMC,20070328,19.3,19.3,19.3,0,13600
TMC,20070327,20.7,20.7,20.1,0,6253
TMC,20070326,20,20.4,20,0,11880
TMC,20070323,19.8,20,19.8,0,17240
TMC,20070322,21.2,21.2,20.8,0,11040
TMC,20070321,22.6,22.6,21.7,0,4507
TMC,20070320,22.9,22.9,22.6,0,6800
TMC,20070319,22.9,22.9,22.9,0,7307
TMC,20070316,21.9,21.9,21,0,16893
TMC,20070315,22.4,22.4,21.9,0,3867
TMC,20070314,23.5,23.5,22.9,0,2640
TMC,20070313,22.9,23,22.9,0,18480
TMC,20070312,23.5,23.5,22.5,0,11253
TMC,20070309,23.5,23.5,23.5,0,19320
TMC,20070308,23.2,23.3,22.9,0,10973
TMC,20070308,23.2,23.3,22.9,0,10973
TMC,20070307,22.5,22.6,22.4,0,32400
TMC,20070306,20.4,21.8,20.4,0,41267
TMC,20070305,20.4,21,20.4,0,13400
TMC,20070302,20.1,20.1,19.6,0,59347
TMC,20070301,20.7,20.7,20.1,0,8600
TMC,20070228,22.1,22.1,21,0,11600
TMC,20070227,21.9,21.9,21.9,0,24560
TMC,20070226,21,21,21,0,7000
TMC,20070215,20,20.1,20,0,41240
