<Ticker>,<DTYYYYMMDD>,<Open>,<High>,<Low>,<Close>,<Volume>
TPP,20100729,19.4,20.7,19.4,20,36100
TPP,20100728,20.7,20.7,20.5,20.5,59600
TPP,20100727,22,22.2,21.5,22,29400
TPP,20100726,22,22.3,20.9,21.8,124900
TPP,20100723,21,21.5,20.7,20.9,17600
TPP,20100722,21,21.6,20.2,20.9,66600
TPP,20100721,24,24,21.1,21.6,85600
TPP,20100720,22.5,22.5,22.2,22.5,145600
TPP,20100719,21,21.1,20.9,21.1,73500
TPP,20100716,19.5,20.5,19,19.8,50400
TPP,20100715,20.3,20.3,19.4,19.6,56500
TPP,20100714,21.5,21.5,20,20.8,53600
TPP,20100713,20.3,21.3,20.3,20.8,24200
TPP,20100712,21.5,21.5,20.1,20.3,71400
TPP,20100709,21.9,21.9,20.8,21.6,101200
TPP,20100708,19,21.1,18.5,20.5,143500
TPP,20100707,19.1,20,18.9,19.8,166000
TPP,20100706,18,18.7,18,18.7,95100
TPP,20100705,17.9,17.9,16.2,17.5,51500
TPP,20100702,17.5,17.6,17.2,17.3,26100
TPP,20100701,17.7,17.9,17,17.5,42700
TPP,20100630,17.6,18,17.6,17.7,44700
TPP,20100629,19,19.2,18.5,18.9,69500
TPP,20100628,20,20,18.5,18.9,8600
TPP,20100625,18,19.2,18,18.7,95900
TPP,20100624,17.2,18.1,17.2,18,70500
TPP,20100623,16.8,17.1,16.8,17,10300
TPP,20100622,18,18,17,17.3,7100
TPP,20100621,17,18,17,17.7,45000
TPP,20100618,16.3,17,16.3,16.9,35100
TPP,20100617,16.5,16.9,16.5,16.7,4800
TPP,20100616,17.1,17.1,16.5,16.8,12800
TPP,20100615,17.9,17.9,16.4,17.1,11000
TPP,20100614,16.2,17.3,16.2,16.9,58600
TPP,20100611,16.2,16.2,16.2,16.2,5000
TPP,20100610,15.8,16,15.7,15.8,17200
TPP,20100609,16.7,17,16.2,16.8,19400
TPP,20100608,16,16.9,15.8,16.6,19500
TPP,20100607,15.3,16.4,15.3,15.9,28400
TPP,20100604,17.1,17.1,16.2,16.2,7200
TPP,20100603,18.1,18.1,16,16.5,26700
TPP,20100602,17.4,17.6,16.8,17.2,10600
TPP,20100601,16.3,18,16.2,16.5,25500
TPP,20100531,18.1,18.1,17.3,17.4,17500
TPP,20100528,19,19.1,17.9,18.5,60400
TPP,20100527,17.5,18,17.5,17.9,22900
TPP,20100526,16.5,18,16.5,17.4,23500
TPP,20100525,16.9,17,16.1,17,5100
TPP,20100524,15.5,16.2,15.5,16.1,18500
TPP,20100521,15.5,16,15,15.2,36700
TPP,20100520,15.5,17.3,15.3,16.1,45000
TPP,20100519,17.4,17.4,16.2,16.4,35600
TPP,20100518,16.8,17.5,16.8,17.4,13000
TPP,20100517,18.4,18.4,16.2,16.4,28200
TPP,20100514,17.5,19,17.1,17.4,82900
TPP,20100513,17.5,19.5,17.5,18.4,162600
TPP,20100512,18.5,18.5,18.2,18.3,31800
TPP,20100511,21.5,21.5,19.2,19.6,27500
TPP,20100510,21.7,21.7,20.2,20.6,105500
TPP,20100507,21,22.1,19.5,21.7,218200
TPP,20100506,21.2,21.2,19.5,20.7,141400
TPP,20100505,18.5,20.3,18.5,19.8,50400
TPP,20100504,19.1,19.1,17,19,192900
TPP,20100429,17.9,17.9,17.7,17.9,77800
TPP,20100428,16.7,16.7,16,16.7,34400
TPP,20100427,15.3,16,14.9,15.6,97100
TPP,20100426,14.4,15.4,14.4,15,39900
TPP,20100422,14.5,14.8,13.9,14.4,78700
TPP,20100421,13.1,13.9,13.1,13.8,58200
TPP,20100420,13.1,13.3,12.5,13,22200
TPP,20100419,13.3,13.3,12.4,12.9,6000
TPP,20100416,12.9,13.3,12.9,13.2,15900
TPP,20100415,13,13.3,12.4,12.8,16700
TPP,20100414,11.9,12.6,11.9,12.4,14000
TPP,20100413,12.5,12.6,12.5,12.5,7700
TPP,20100412,13,13,12.5,12.8,11300
TPP,20100409,13.5,13.5,12.7,13,12200
TPP,20100408,12.5,13.3,12.4,12.8,21800
TPP,20100407,12.5,12.5,12.2,12.4,15300
TPP,20100406,12.5,12.5,12.1,12.2,5200
TPP,20100405,12.2,12.5,11.5,12.1,23800
TPP,20100402,12.3,12.5,11.7,12.3,5300
TPP,20100401,12.2,12.3,12,12.1,3100
TPP,20100331,11.8,11.9,11.8,11.9,3900
TPP,20100330,12.2,12.2,11.8,11.9,5600
TPP,20100329,11.8,11.9,11.4,11.7,8000
TPP,20100326,11.5,12.3,11.5,12.1,2000
TPP,20100325,12,12,11.9,12,10500
TPP,20100324,12,12,11.8,11.9,1200
TPP,20100323,12.4,12.4,11.7,11.9,6700
TPP,20100322,12.2,12.2,11.7,12,2100
TPP,20100319,12.5,12.5,12.1,12.2,5000
TPP,20100318,12.5,12.6,12.1,12.5,900
TPP,20100317,12.5,12.5,11.9,12.1,4600
TPP,20100316,12.9,12.9,12.6,12.6,8700
TPP,20100315,13.3,13.7,12.9,13.5,19300
TPP,20100312,13.6,13.6,12.8,12.8,6100
TPP,20100311,13,13.1,12.5,12.9,6500
TPP,20100310,12.8,13,12.4,12.8,36900
TPP,20100309,12.5,12.7,12.4,12.5,26000
TPP,20100308,11.9,12.4,11.9,12.2,15700
TPP,20100305,12,12,11.5,11.6,6700
TPP,20100304,12.2,12.3,11.7,12.2,3800
TPP,20100303,11.7,11.7,11.5,11.5,1800
TPP,20100302,12.1,12.1,10.7,11.4,16900
TPP,20100301,11.5,11.6,11.5,11.5,4800
TPP,20100226,11.5,11.5,11.4,11.5,3400
TPP,20100225,11.5,11.5,11.4,11.5,1700
TPP,20100224,11.5,11.7,11.5,11.5,4200
TPP,20100223,11.4,11.4,11.4,11.4,2900
TPP,20100222,12.5,12.5,11.8,12,300
TPP,20100212,11.9,11.9,11.9,11.9,100
TPP,20100211,11.5,11.7,11.5,11.6,2000
TPP,20100210,12,12,11.4,11.6,600
TPP,20100209,11.4,11.5,11.3,11.4,3200
TPP,20100208,12,12,11.3,11.3,1500
TPP,20100205,11.5,11.5,11.2,11.2,3300
TPP,20100204,11.3,12,11.3,11.7,5500
TPP,20100203,12.3,12.3,11.1,11.3,1200
TPP,20100202,11.5,11.9,11.5,11.6,2300
TPP,20100201,12.5,12.5,11.5,11.9,1900
TPP,20100129,12,12,11.7,11.8,13400
TPP,20100128,12,12.3,11.9,11.9,14800
TPP,20100127,12.5,13,12.5,12.8,800
TPP,20100126,12.5,12.5,12.5,12.5,2100
TPP,20100125,13.2,13.2,13.2,13.2,100
TPP,20100122,12.3,12.5,12.3,12.4,6000
TPP,20100121,13.2,13.2,13.2,13.2,900
TPP,20100119,12.5,12.5,12.5,12.5,2600
TPP,20100118,12.5,12.5,12.4,12.5,5100
TPP,20100115,14,14,13,13.3,1100
TPP,20100114,13.7,13.7,13.4,13.4,1300
TPP,20100113,12.7,13.5,12.7,12.9,4200
TPP,20100112,12.7,12.8,12.6,12.7,4900
TPP,20100111,13.4,15,13.4,13.5,3000
TPP,20100108,14.5,14.5,13.7,14.4,8800
TPP,20100107,14.1,14.1,13.6,13.6,16100
TPP,20100106,14,15,14,14.6,32500
TPP,20100105,16,16,14,15,5200
TPP,20100104,15,15.1,14.8,15,3900
TPP,20091231,14,14.2,13.9,14.1,22800
TPP,20091230,12,13.4,12,13.3,29800
TPP,20091229,12.5,12.5,12.3,12.5,7400
TPP,20091228,12.1,12.2,12,12.1,5200
TPP,20091225,12.6,12.9,12.6,12.9,13500
TPP,20091224,12.7,12.7,11.7,12.1,2400
TPP,20091223,12,12.5,11.7,12,6300
TPP,20091222,13.7,13.7,12.1,12.6,5100
TPP,20091221,12.7,13.4,12.7,12.8,9600
TPP,20091218,12.7,12.7,12.7,12.7,1800
TPP,20091216,13.7,13.7,12.1,12.7,1500
TPP,20091215,13.2,13.2,12.5,13,3800
TPP,20091214,12.3,12.9,12.3,12.4,1500
TPP,20091211,13.6,13.6,12.2,12.3,5200
TPP,20091210,14.5,14.5,13,13.1,8600
TPP,20091209,14.3,14.3,13.8,13.9,800
TPP,20091208,15.8,15.8,14.5,14.8,6300
TPP,20091207,14.8,14.8,14.8,14.8,2800
TPP,20091204,15.9,15.9,15.9,15.9,100
TPP,20091203,15.2,15.2,15.2,15.2,100
TPP,20091202,15.2,15.2,14.3,14.5,600
TPP,20091201,14.2,14.4,14.2,14.3,9300
TPP,20091130,13.6,13.6,13.5,13.5,6000
TPP,20091127,12.4,13.5,12.4,12.7,1700
TPP,20091126,13.5,13.5,13.2,13.3,17500
TPP,20091125,15.9,15.9,14,14.2,24200
TPP,20091124,15,15.5,14.8,15,3100
TPP,20091123,15.1,15.1,14.8,14.9,16400
TPP,20091120,15.5,15.7,15.5,15.5,4900
TPP,20091119,15.3,16.2,15.3,16,25000
TPP,20091118,15.1,15.7,14.9,15.2,30500
TPP,20091117,15.5,15.9,15.5,15.5,8500
TPP,20091116,17.6,17.6,16,16.4,4300
TPP,20091113,17.3,17.4,16.5,16.8,3300
TPP,20091112,15.7,16.7,15.7,16.5,16000
TPP,20091111,15.9,15.9,15,15.6,8900
TPP,20091110,15.4,16.5,14.5,15.2,13200
TPP,20091109,15.5,15.6,15.4,15.5,6800
TPP,20091106,17.3,17.3,15.7,16.5,20700
TPP,20091105,17.3,17.4,16.1,16.8,13200
TPP,20091104,17.2,18,17.2,17.3,23700
TPP,20091103,18.5,18.6,18.5,18.5,15800
TPP,20091102,20,20,19.5,19.9,4000
TPP,20091030,20.5,21.3,20.1,20.9,115800
TPP,20091029,21.5,21.9,19.1,19.9,156300
TPP,20091028,20.5,20.5,20.5,20.5,45500
TPP,20091027,17.3,19.8,17.3,19.2,100800
TPP,20091026,17.7,20.3,17.7,18.5,190100
TPP,20091023,19.1,19.1,18.5,19,89900
TPP,20091022,17.3,18,17.3,17.9,19400
TPP,20091021,16.5,17.5,16.3,16.8,58100
TPP,20091020,16,16.6,15.9,16.4,63700
TPP,20091019,15.2,15.9,15.2,15.5,9900
TPP,20091016,15.9,16.1,15,15.6,6500
TPP,20091015,16.1,16.3,15.4,15.9,77900
TPP,20091014,14.8,15.5,14.6,15.3,32200
TPP,20091013,16.4,16.4,14.5,15.2,34200
TPP,20091012,15,15.8,15,15.6,72900
TPP,20091009,14.8,14.9,14.5,14.8,27800
TPP,20091008,14.5,15,14.2,14.7,61900
TPP,20091007,15.1,15.1,14.2,14.6,16900
TPP,20091006,14.9,14.9,14,14.3,12000
TPP,20091005,15.4,15.4,14,14.8,10600
TPP,20091002,14.3,15.5,14.3,14.7,53300
TPP,20091001,15,15.5,14.9,15.4,118300
TPP,20090930,14.5,14.5,14.2,14.5,42800
TPP,20090929,13.3,14,13.3,13.6,25200
TPP,20090928,13.3,13.5,13.2,13.3,19200
TPP,20090925,12.5,13.6,12.5,12.9,20600
TPP,20090924,13.5,13.5,12.9,13.1,11100
TPP,20090923,13.8,13.8,13.5,13.7,7900
TPP,20090922,14.1,14.1,13.8,14,15100
TPP,20090921,13.9,14,13.5,14,26100
TPP,20090918,13.2,13.9,13,13.1,20600
TPP,20090917,13.5,13.5,13.3,13.5,9900
TPP,20090916,14,14,13.5,13.8,18500
TPP,20090915,15.2,15.2,13.8,14,24500
TPP,20090914,14.8,14.8,14.5,14.7,34300
TPP,20090911,13.5,14.5,13.4,13.8,27900
TPP,20090910,13.5,14.1,13.1,13.6,9300
TPP,20090909,14,14.5,14,14.1,7600
TPP,20090908,13.8,14.7,13.7,14.2,37400
TPP,20090907,15.4,15.4,14.4,14.7,7200
TPP,20090904,16,16,15,15.5,48000
TPP,20090903,15,15.1,14.5,16,47700
TPP,20090901,14.3,14.5,13.8,14.1,102700
TPP,20090831,13.9,14.1,13.7,13.8,40600
TPP,20090828,13.4,13.9,13.2,13.4,126900
TPP,20090827,13.6,13.7,12.9,13.1,124300
TPP,20090826,12.7,13.5,12.7,12.9,49000
TPP,20090825,12.9,13.2,12.9,12.9,92200
TPP,20090824,12.4,12.4,12.2,12.4,78700
TPP,20090821,11.4,11.8,11.3,11.7,14800
TPP,20090820,11.7,11.7,11.2,11.3,39300
TPP,20090819,11.9,12,11.6,11.7,17600
TPP,20090818,12.5,12.5,11.7,11.9,40900
TPP,20090817,11.7,11.7,11.7,11.7,72900
TPP,20090814,11,11.2,10.7,11.1,41000
TPP,20090813,10.9,10.9,10.4,10.5,15800
TPP,20090812,10.1,10.9,10.1,10.3,3200
TPP,20090811,11.3,11.3,10.3,10.5,5700
TPP,20090810,11.1,11.1,10.7,10.9,3700
TPP,20090806,10.5,10.5,10.5,10.5,3600
TPP,20090805,9.9,10.5,9.9,10.3,17500
TPP,20090804,10.5,10.5,9.8,9.9,1700
TPP,20090803,9.6,10.7,9.6,10.3,300
TPP,20090731,10.2,10.2,10.2,10.2,3700
TPP,20090730,10.2,10.2,10.2,10.2,1000
TPP,20090729,10.5,10.5,10.5,10.5,1400
TPP,20090728,10.6,10.6,10.4,10.5,10400
TPP,20090727,11.6,11.6,10.5,11,9300
TPP,20090724,10.9,10.9,10.9,10.9,10900
TPP,20090723,9.7,10.7,9.7,10.3,1800
TPP,20090722,10.6,10.6,9.9,10.3,1800
TPP,20090720,10,10.8,10,10.5,300
TPP,20090717,10.8,10.9,10.2,10.6,300
TPP,20090716,11.2,11.2,10.5,10.5,5200
TPP,20090715,11.2,11.2,11.2,11.2,100
TPP,20090714,11,11,11,11,100
TPP,20090713,10.5,10.5,10.5,10.5,100
TPP,20090710,10.3,10.3,10.3,10.3,5900
TPP,20090709,10.5,10.7,10.1,10.3,7100
TPP,20090708,10.1,10.6,9.8,10.2,7700
TPP,20090707,11.3,11.3,10.4,10.5,3000
TPP,20090706,10.7,11.3,10.7,11,18800
TPP,20090703,10.6,10.7,10.5,10.6,9000
TPP,20090702,9.3,10.5,9.3,10.4,3000
TPP,20090701,10.1,10.1,9.9,9.9,28300
TPP,20090630,10.9,10.9,10.3,10.5,11700
TPP,20090629,11.3,11.3,10.5,10.7,3500
TPP,20090626,11,11,10.9,10.9,2000
TPP,20090625,11.7,11.9,11.7,11.7,6800
TPP,20090624,11.3,11.3,11.3,11.3,9100
TPP,20090623,10.9,10.9,10.6,10.6,24400
TPP,20090622,11.7,11.7,11.3,11.3,16200
TPP,20090619,12,12,11.8,12,47400
TPP,20090618,11.3,11.3,11.3,11.3,1600
TPP,20090617,10.3,10.9,10.3,10.6,10800
TPP,20090616,11.3,11.3,10.9,10.9,8700
TPP,20090615,12.3,12.3,11.5,11.6,26100
TPP,20090612,12.9,12.9,11.9,12.3,36400
TPP,20090611,12.1,12.9,12.1,12.5,27600
TPP,20090610,13,13,12.9,12.9,6000
TPP,20090609,14.5,14.5,12.9,13.8,21000
TPP,20090608,13.6,13.6,13.4,13.6,44000
TPP,20090605,12.6,12.8,12.6,12.8,53900
TPP,20090604,11.9,12.4,11.9,12.1,45100
TPP,20090603,11.9,11.9,11.5,11.8,32900
TPP,20090602,11.9,11.9,11.7,11.9,52200
TPP,20090601,11.1,11.2,11.1,11.2,11300
TPP,20090529,11,11,10.4,10.5,9000
TPP,20090528,10.5,10.5,10.4,10.4,27700
TPP,20090527,11.8,11.8,10.9,11,7700
TPP,20090526,11.3,11.7,11.1,11.2,30100
TPP,20090525,10.5,11.6,10.5,11.6,21400
TPP,20090522,11.3,11.5,10.8,10.9,34100
TPP,20090521,12.1,12.1,11.5,11.5,45800
TPP,20090520,12.6,12.6,11.2,12.3,127900
TPP,20090519,11.9,11.9,11.9,11.9,12600
TPP,20090518,11.2,11.2,11.2,11.2,9800
TPP,20090515,10.5,10.5,10.5,10.5,23900
TPP,20090514,9.9,9.9,9.9,9.9,67600
TPP,20090513,9.3,9.3,9.3,9.3,18100
TPP,20090512,8.3,8.9,8.3,8.8,21000
TPP,20090511,8.5,8.5,8.4,8.5,8500
TPP,20090508,8,8.6,8,8.4,20400
TPP,20090507,8.9,8.9,8.2,8.4,16900
TPP,20090506,8.9,8.9,8.2,8.5,2700
TPP,20090505,8.8,8.8,8.5,8.8,35300
TPP,20090504,8.3,8.5,7.8,8.3,30300
TPP,20090429,8.4,8.4,7.8,8,4400
TPP,20090428,8.1,8.1,7.7,7.9,13100
TPP,20090427,7.7,7.7,7.7,7.7,100
TPP,20090424,7.9,7.9,7.1,7.6,6300
TPP,20090423,8,8,7.4,7.5,4800
TPP,20090422,7.7,7.8,7.7,7.8,7300
TPP,20090421,7.4,7.5,7.4,7.4,19100
TPP,20090420,7.1,7.5,7,7.1,14000
TPP,20090417,7.6,7.7,7.3,7.5,3700
TPP,20090416,7.3,7.8,7.2,7.3,8900
TPP,20090415,8,8,7.6,7.7,5800
TPP,20090414,8.1,8.4,7.6,8.1,7900
TPP,20090413,8.1,8.1,8.1,8.1,29100
TPP,20090410,7.6,7.6,7.4,7.6,16100
TPP,20090409,7.3,7.3,7.2,7.2,2100
TPP,20090408,7.1,7.3,6.7,7,31000
TPP,20090407,6.8,7.2,6.7,6.9,26100
TPP,20090403,6.9,7.3,6.9,7,43100
TPP,20090402,7.3,7.3,6.9,7,1300
TPP,20090401,7.2,7.2,6.9,6.9,1400
TPP,20090331,6.8,6.8,6.8,6.8,1000
TPP,20090330,7.1,7.1,6.6,6.8,11100
TPP,20090327,7,7.2,6.8,6.9,11400
TPP,20090326,7,7,6.5,6.8,500
TPP,20090325,6.6,6.6,6.6,6.6,500
TPP,20090324,6.8,7,6.7,6.8,55600
TPP,20090323,7,7,7,7,100
TPP,20090318,6.8,6.8,6.7,6.8,1400
TPP,20090313,6.4,6.4,6.3,6.4,800
TPP,20090312,6.5,6.6,6.5,6.6,6500
TPP,20090311,6.6,6.6,6.6,6.6,500
TPP,20090310,6.5,6.9,6.5,6.7,2500
TPP,20090309,6.5,6.5,6.5,6.5,500
TPP,20090304,7.3,7.3,6.6,6.9,600
TPP,20090302,7,7,7,7,500
TPP,20090227,7.2,7.2,7.2,7.2,200
TPP,20090226,6.9,6.9,6.9,6.9,500
TPP,20090225,7.3,7.3,7.3,7.3,200
TPP,20090224,7.3,7.3,7.3,7.3,200
TPP,20090218,8.3,8.3,7.3,7.7,2300
TPP,20090216,7.8,7.8,7.8,7.8,100
TPP,20090213,7.4,7.4,7.4,7.4,100
TPP,20090212,7,7,7,7,400
TPP,20090211,6.6,6.6,6.6,6.6,7100
TPP,20090209,7,7,7,7,2000
TPP,20090205,7,7,7,7,1900
TPP,20090204,7,7,7,7,2100
TPP,20090120,7.4,7.4,7.4,7.4,900
TPP,20090119,7.8,7.8,7.8,7.8,1000
TPP,20090116,7.8,7.8,7.8,7.8,500
TPP,20090114,8.2,8.2,8.2,8.2,1400
TPP,20090113,8.7,8.9,8.7,8.8,200
TPP,20090107,9.3,9.3,9.3,9.3,100
TPP,20090102,9,9,9,9,1000
TPP,20081231,8.6,8.6,8.6,8.6,1000
TPP,20081230,8.1,8.1,8.1,8.1,800
TPP,20081229,8.5,8.5,8.5,8.5,1100
TPP,20081226,8.3,8.3,8.3,8.3,300
TPP,20081225,7.8,7.8,7.8,7.8,1300
TPP,20081224,8.3,8.3,8.3,8.3,1400
TPP,20081223,8.6,8.6,8.6,8.6,200
TPP,20081219,8.2,8.2,8.2,8.2,1000
TPP,20081217,8.8,8.8,8.8,8.8,400
TPP,20081215,8.9,8.9,8.6,8.8,4300
TPP,20081212,8.2,8.5,8.2,8.3,5300
TPP,20081211,8.3,8.5,8.3,8.5,4700
TPP,20081209,7.8,8,7.8,7.9,3100
TPP,20081208,7.8,7.8,7.8,7.8,200
TPP,20081203,8.1,8.1,8.1,8.1,1600
TPP,20081202,8.1,8.1,8.1,8.1,2000
TPP,20081201,8.1,8.1,8.1,8.1,2000
TPP,20081128,8.5,8.5,8.5,8.5,700
TPP,20081127,8.1,9.2,8.1,8.5,3000
TPP,20081125,8.6,8.6,8.6,8.6,100
TPP,20081121,8.5,8.5,8.4,8.5,7000
TPP,20081120,8.8,9,8.8,8.9,5000
TPP,20081119,9.3,9.3,9.3,9.3,100
TPP,20081118,9.1,9.1,9.1,9.1,2800
TPP,20081114,9.4,9.8,9.4,9.7,18000
TPP,20081113,9,9.3,9,9.2,6900
TPP,20081112,8.7,8.8,8.7,8.8,11000
TPP,20081111,8.3,8.3,8.1,8.2,3000
TPP,20081110,8.7,8.8,8.7,8.7,1100
TPP,20081107,8.7,8.7,8.7,8.7,1600
TPP,20081106,9.3,9.3,9.3,9.3,500
TPP,20081105,10.1,10.1,10,10,800
TPP,20081104,9.4,9.5,9.3,9.5,13100
TPP,20081103,8.9,8.9,8.9,8.9,3000
TPP,20081031,9.4,9.7,9.3,9.5,13900
TPP,20081030,8.5,9,8.5,9,1700
TPP,20081029,8.9,9.1,8.6,8.9,7600
TPP,20081028,7.7,8.7,7.7,8.5,6300
TPP,20081027,8.2,8.2,8.2,8.2,9700
TPP,20081024,9,9,8.7,8.8,400
TPP,20081023,9.1,9.1,9.1,9.1,12500
TPP,20081022,9.3,10.2,9.3,9.7,1400
TPP,20081021,10.2,10.2,9.5,9.9,13600
TPP,20081020,10.2,10.2,10.2,10.2,500
TPP,20081017,10.5,10.5,10.5,10.5,1000
TPP,20081016,10.5,10.5,10.5,10.5,17000
TPP,20081015,12.2,12.2,11,11.2,7700
TPP,20081014,11.8,11.8,11.8,11.8,32400
TPP,20081013,11,11.8,11,11.1,11300
TPP,20081010,12.9,12.9,11.3,11.8,23700
TPP,20081009,12.1,12.1,12.1,12.1,16000
TPP,20081008,11.3,11.3,11,11.3,17800
TPP,20081007,10.4,11,10.4,10.6,16600
TPP,20081006,11.1,11.2,11.1,11.1,45200
TPP,20081003,11.8,12.2,11.8,11.9,15700
TPP,20081002,12.7,12.8,12.7,12.7,9800
TPP,20081001,13.7,13.7,13.7,13.7,5000
TPP,20080929,14.7,14.7,14.7,14.7,2900
TPP,20080926,17.7,17.7,14.2,15.7,21400
