<Ticker>,<DTYYYYMMDD>,<Open>,<High>,<Low>,<Close>,<Volume>
TST,20100729,41,43,39.5,42.2,75400
TST,20100728,44,44.9,41.7,42.2,147200
TST,20100727,44,46,44,44.8,214000
TST,20100726,44.8,45,43,43.9,224400
TST,20100723,45.3,45.3,41,42.3,158100
TST,20100722,40.5,43.4,40.5,42.6,249900
TST,20100721,44,46.2,43,43.5,201000
TST,20100720,42,44,41.2,43.5,263200
TST,20100719,36.2,41.4,36.2,41.2,217700
TST,20100716,36,39.6,36,38.7,368100
TST,20100715,35,37.3,35,37.1,233600
TST,20100714,34.8,34.9,34,34.9,362000
TST,20100713,31.2,33.3,31,32.7,154300
TST,20100712,30.5,31.5,29.5,31.2,195100
TST,20100709,28.7,30,28.7,29.5,37500
TST,20100708,29.6,29.8,28.9,29.3,69200
TST,20100707,29.8,29.9,28.5,29.2,47400
TST,20100706,29.7,29.7,28.1,28.4,35400
TST,20100705,29.9,30,29.4,29.6,4300
TST,20100702,28,29.1,27,28.4,135800
TST,20100701,29.6,29.8,28,28.7,110900
TST,20100630,30.6,30.6,29.5,29.8,33800
TST,20100629,31.6,31.6,29.5,30.6,103200
TST,20100628,32,32,30.9,31.5,38000
TST,20100625,31.1,32.3,29.2,31.6,191100
TST,20100624,31.5,31.7,30.8,31.2,226300
TST,20100623,28.2,31.8,28,30.2,213000
TST,20100622,30.4,31,28.8,29.8,36800
TST,20100621,30.9,31,29.5,30.4,92100
TST,20100618,28,29.4,28,29.3,305900
TST,20100617,26.6,28.4,26.5,27.5,103500
TST,20100616,26,27.5,26,26.6,24500
TST,20100615,26,26.1,25.8,25.9,16500
TST,20100614,26,26.2,25.8,25.9,27200
TST,20100611,26.6,26.6,25.5,25.7,24300
TST,20100610,25.5,25.7,25.2,25.4,12900
TST,20100609,26.8,26.8,25.3,25.5,2500
TST,20100608,25,25.9,25,25.3,26500
TST,20100607,25.5,26.4,25,25.3,25700
TST,20100604,26.9,27,26.5,26.6,27800
TST,20100603,27.6,27.8,26.5,26.8,53400
TST,20100602,26,26.7,26,26.5,30000
TST,20100601,26.2,27.1,26.2,26.7,38400
TST,20100531,27,28.4,26.5,27.1,31000
TST,20100528,27.5,28,27.5,27.8,77700
TST,20100527,26.3,26.5,25.9,26.2,34800
TST,20100526,26.2,26.8,25.1,26.3,37500
TST,20100525,25.5,25.8,24.3,25.1,46200
TST,20100524,25.3,25.3,23.3,24.4,32300
TST,20100521,23.6,25.1,23.5,23.6,130000
TST,20100520,24.7,27.3,24.7,25.3,70000
TST,20100519,26.8,27.3,26,26.6,87400
TST,20100518,27.3,27.3,26.3,26.6,52300
TST,20100517,28.4,28.5,27.3,28.1,34200
TST,20100514,29.1,29.1,28.1,28.3,50100
TST,20100513,28.3,29.2,27.8,28.3,72500
TST,20100512,28.8,29.3,27.8,28.5,132500
TST,20100511,29.3,29.3,28,28.7,81900
TST,20100510,28.9,29.6,28.2,28.7,98500
TST,20100507,32.1,32.1,29.9,30.3,97800
TST,20100506,31.8,33.3,31.1,32.1,114200
TST,20100505,33,33.8,31.2,32.1,96500
TST,20100504,30.8,32.6,30.8,32.5,269100
TST,20100429,29.9,30.9,29.8,30.4,151800
TST,20100428,29.3,30,29.1,29.7,51400
TST,20100427,28.7,30.3,28.7,29.3,61800
TST,20100426,29.6,29.8,28.4,28.9,39000
TST,20100422,31.2,31.2,28.9,29.6,89400
TST,20100421,29.5,31.6,29.5,31.2,246200
TST,20100420,27.6,29.6,27.6,29.5,110200
TST,20100419,28.1,28.1,27.2,27.6,54100
TST,20100416,28.1,29.1,27.7,28,63000
TST,20100415,28.3,28.5,26.5,27.7,43100
TST,20100414,27.8,28.7,27.3,27.5,13800
TST,20100413,28.6,29.2,27.8,28.4,20900
TST,20100412,31.2,31.2,28.7,29.5,42600
TST,20100409,31.4,31.5,29.4,30.9,150600
TST,20100408,27.6,29.6,27.6,29.4,41000
TST,20100407,27.9,27.9,27.3,27.6,53700
TST,20100406,27.5,28.8,27.5,27.9,32700
TST,20100405,26.9,27.8,26.9,27.5,49300
TST,20100402,27.3,27.5,26.9,27.2,22900
TST,20100401,26.9,28.1,26.9,27.6,8000
TST,20100331,27.8,28.3,26.9,27.5,41200
TST,20100330,28.8,29.3,27.9,28.3,33100
TST,20100329,27.9,29.3,27.9,28.8,69900
TST,20100326,27.9,28.3,26.8,27.6,32000
TST,20100325,28.3,28.3,27.3,27.7,72600
TST,20100324,28.5,29.2,28.4,28.7,51500
TST,20100323,29.3,29.3,27.8,28.5,52700
TST,20100322,30.3,31.3,28.8,29.3,50700
TST,20100319,30.1,30.2,29.2,29.6,38000
TST,20100318,31.1,31.1,29.3,30.1,75600
TST,20100317,32.2,32.2,28.9,29.8,87800
TST,20100316,30.9,31.5,29.5,30.1,159800
TST,20100315,32.3,32.8,30.8,31.8,107900
TST,20100312,33.3,33.9,31.7,32.3,63700
TST,20100311,30.3,32.9,30.3,32.3,203200
TST,20100310,31.3,31.3,30.1,30.7,83800
TST,20100309,33.1,33.2,31.3,32.1,89900
TST,20100308,32.7,33.5,32.4,33.1,165400
TST,20100305,32.5,33.1,32.2,32.7,122500
TST,20100304,34.2,34.3,31.5,32.7,64300
TST,20100303,31.6,33.3,31.6,32.7,140600
TST,20100302,30.1,31.8,30,31.1,84000
TST,20100301,29.5,30.8,29,29.9,134000
TST,20100226,29.3,30.3,28.8,29.5,85700
TST,20100225,29.6,30,29.3,29.9,115700
TST,20100224,25.7,28.8,25.7,28,34200
TST,20100223,28.3,28.3,27.5,27.7,57600
TST,20100222,30.7,31.1,28.8,29.5,31300
TST,20100212,28.9,30.3,28.8,29.1,74600
TST,20100211,29.3,30.3,28,29.2,65000
TST,20100210,29.5,29.8,27.8,28.7,67400
TST,20100209,30.4,31.3,29.6,29.8,48800
TST,20100208,30.3,32.8,30.3,31.9,107500
TST,20100205,31.3,31.3,29.3,31.3,301400
TST,20100204,28.8,29.4,28.3,29.2,72800
TST,20100203,26.6,28.3,26.6,27.4,42000
TST,20100202,29.1,29.8,27.3,28.1,44700
TST,20100201,30,30,28.3,29.1,16700
TST,20100129,28.3,29.7,26.4,28.3,70500
TST,20100128,29.3,29.4,27.8,28.2,58500
TST,20100127,30.8,30.8,28.7,30,122300
TST,20100126,28.6,28.7,28.6,28.7,46900
TST,20100125,27.8,27.8,25.8,26.8,61500
TST,20100122,27.2,28.6,26.3,27.6,63300
TST,20100121,27.3,29.3,26.4,26.7,42900
TST,20100120,31.3,31.3,27.6,28.5,37400
TST,20100119,29.5,30.4,26.8,29.7,141100
TST,20100118,29.5,29.7,28,28.3,44600
TST,20100115,31.3,32.3,28.9,30.2,73700
TST,20100114,30.7,30.7,29.6,30.6,153900
TST,20100113,27.8,29.9,26.3,28.6,146900
TST,20100112,29.3,29.3,27.5,27.9,85200
TST,20100111,29.8,30.3,28.7,29.6,92600
TST,20100108,27.3,29.1,25.8,28.7,197500
TST,20100107,25.9,27.8,25.9,27.1,114700
TST,20100106,27.6,29.1,26.3,27.4,70500
TST,20100105,27.6,27.6,26.8,27.6,79200
TST,20100104,25.6,25.7,25.6,25.7,6700
TST,20091231,24.1,24.1,22.6,24,185300
TST,20091230,21.4,22.6,21.4,22.5,69400
TST,20091229,21.3,21.8,20.8,21.1,80600
TST,20091228,20.8,22.3,20.8,21.6,35400
TST,20091225,21.7,21.8,21.3,21.6,56300
TST,20091224,20.2,20.7,18.8,20.3,70000
TST,20091223,19.6,20.2,18.7,19.3,52900
TST,20091222,20.6,20.6,19.1,20.2,60100
TST,20091221,19.2,19.2,19.1,19.2,49300
TST,20091218,17.8,17.9,17.8,17.9,15800
TST,20091217,16.6,17.4,16.3,16.7,43100
TST,20091216,17.4,18.1,17.2,17.3,40500
TST,20091215,18.8,19.3,18.2,18.6,29000
TST,20091214,18.3,18.5,16.9,18.2,59000
TST,20091211,17.3,17.3,17.2,17.2,43800
TST,20091210,18.3,19.7,18.3,18.6,33500
TST,20091209,21.5,21.5,19.8,19.8,13600
TST,20091208,22.8,22.8,21.1,21.4,48200
TST,20091207,24.2,24.2,21.9,22.8,16700
TST,20091204,24.3,24.3,23.3,23.5,23200
TST,20091203,23.4,24.8,23.3,23.3,133100
TST,20091202,27.3,27.3,24.8,25.1,60700
TST,20091201,26.3,26.7,26.3,26.7,73300
TST,20091130,25.8,25.9,24,24.9,128900
TST,20091127,25.7,28.3,25.7,25.9,173800
TST,20091126,27.7,27.7,27.7,27.7,47600
TST,20091125,32.3,32.3,29.7,29.9,30300
TST,20091124,33.3,33.7,31.5,32,214500
TST,20091123,35.7,35.7,32.4,33.9,82000
TST,20091120,33.5,35.8,33.5,34.7,124400
TST,20091119,38.3,38.3,36,36.1,113900
TST,20091118,40.6,41.2,37.4,38.8,308400
TST,20091117,38.8,38.8,38.3,38.8,652900
TST,20091116,33.8,36.4,33.8,36.2,168800
TST,20091113,33.4,35.1,33.3,34,161700
TST,20091112,35.8,36.3,34.5,35.6,124500
TST,20091111,34.3,35,33.3,34.2,132000
TST,20091110,32.5,33.3,32.1,32.6,149800
TST,20091109,33.8,33.8,31.7,32.5,196100
TST,20091106,34.3,35.8,31.4,33.8,82300
TST,20091105,34.1,34.1,31.8,33.5,257300
TST,20091104,31.3,32,30.8,31.8,230500
TST,20091103,29.3,30.2,29.3,29.8,214800
TST,20091102,31.1,31.1,27.8,28.6,115400
TST,20091030,29.3,29.7,28.9,29.5,94200
TST,20091029,27.3,28.8,26.9,27.7,99000
TST,20091028,26.7,28.6,26.7,28.4,106300
TST,20091027,28.3,28.3,26.4,26.7,77300
TST,20091026,29.3,30.3,28.1,28.5,136700
TST,20091023,31.3,33.1,29,30.3,32700
TST,20091022,31.3,31.7,27.5,31.3,167200
TST,20091021,31.3,31.3,29.1,29.6,151500
TST,20091020,32.3,33.5,29.6,31.4,168700
TST,20091019,35.3,35.3,30.5,31.3,338200
TST,20091016,33.3,33.3,31.1,32.9,308900
TST,20091015,31.1,31.1,31.1,31.1,140700
TST,20091014,28.3,29.1,28.3,29,145100
TST,20091013,27.2,27.2,26.3,27.1,232400
TST,20091012,25.3,25.7,24.5,25.4,162200
TST,20091009,23.3,24,23.3,24,170600
TST,20091008,22.4,23.8,21.8,22.4,138500
TST,20091007,22.3,22.5,22,22.3,62100
TST,20091006,23.3,23.3,21.7,22.1,46300
TST,20091005,22.3,22.8,21.3,22.3,36600
TST,20091002,24.5,24.5,21.1,21.5,104200
TST,20091001,24.8,25.1,22.3,22.8,104400
TST,20090930,23.1,24.8,22.2,24.1,248100
TST,20090929,23.6,23.6,22,23.1,379900
TST,20090928,22,22,22,22,28600
TST,20090925,19.3,20.7,19.3,20.5,52600
TST,20090924,19.8,19.8,18.9,19.3,94700
TST,20090923,20.6,21.1,19.6,20.3,94900
TST,20090922,20.7,21.2,20.3,20.6,94600
TST,20090921,21.3,21.7,20.7,21.1,92400
TST,20090918,21.8,21.8,20.8,21.4,57200
TST,20090917,21.9,22.2,21.3,21.8,127100
TST,20090916,21.3,22,19.7,20.9,207700
TST,20090915,21,22.3,20.1,21.1,102600
TST,20090914,20.7,22.2,19.8,21,149100
TST,20090911,20.7,20.7,20.3,20.7,362600
TST,20090910,19.3,19.3,19.3,19.3,21500
TST,20090909,17.5,18,17.5,18,168400
TST,20090908,17.2,17.3,16.3,16.8,163600
TST,20090907,17.3,17.3,17,17,102100
TST,20090904,19,19.1,16.5,18.4,192100
TST,20090903,17.8,18,16.8,17.8,117700
TST,20090901,17.2,17.2,16,16.8,249800
TST,20090831,16,16,16,16,19300
TST,20090828,14.9,14.9,14.9,14.9,49900
TST,20090827,13.5,14.4,13.4,13.9,71000
TST,20090826,13.5,13.6,13.3,13.4,54500
TST,20090825,13.8,13.8,13.3,13.6,18100
TST,20090824,13.7,13.7,13.5,13.6,21100
TST,20090821,13.8,14,13.3,13.8,19800
TST,20090820,13.6,13.7,13.1,13.5,40700
TST,20090819,13.1,13.6,13.1,13.4,42200
TST,20090818,13,13.2,12.8,12.9,6600
TST,20090817,12.7,12.8,12.7,12.8,7200
TST,20090814,13.1,13.3,12.8,13,12500
TST,20090813,13.1,13.3,12.7,12.8,24400
TST,20090812,12.8,13,12.7,12.9,26800
TST,20090811,13.3,13.6,12.9,13,19100
TST,20090810,12.9,13.1,12.8,12.9,19800
TST,20090807,13.7,13.7,12.4,12.9,3700
TST,20090806,12.9,13.6,12.9,13.3,36900
TST,20090805,13.5,13.5,12.6,12.8,8800
TST,20090804,13.6,13.6,12.6,12.8,25100
TST,20090803,13.1,13.1,12.3,12.8,5100
TST,20090731,12.5,12.5,12.3,12.4,11500
TST,20090730,13.1,13.1,11.9,12.1,16400
TST,20090729,12.4,13,12.3,12.4,17000
TST,20090728,13.9,14.5,12.6,12.8,14300
TST,20090727,14.4,14.4,13.3,13.6,2500
TST,20090724,13.2,13.6,13.1,13.5,43900
TST,20090723,12.3,12.8,12.3,12.6,7800
TST,20090722,12.5,12.7,12.5,12.6,16100
TST,20090721,13.1,13.1,12.3,12.4,9800
TST,20090720,13.1,13.1,12.1,12.4,7000
TST,20090717,12.4,12.4,12.2,12.3,5200
TST,20090716,13.1,13.1,12.4,12.8,2000
TST,20090715,12.5,12.5,12.1,12.3,7500
TST,20090714,12.5,12.5,12.1,12.2,8800
TST,20090713,12.8,12.8,12.2,12.4,9200
TST,20090710,12.9,13.1,12.3,12.4,7300
TST,20090709,12.7,12.7,12.3,12.3,18100
TST,20090708,12,12.5,11.9,12.3,9800
TST,20090707,12.9,12.9,11.9,12.5,5500
TST,20090706,12,12.6,12,12.4,20200
TST,20090703,11.7,11.8,11.3,11.7,9900
TST,20090702,12.2,12.2,11.7,11.8,2800
TST,20090701,13.1,13.1,11.4,11.6,19600
TST,20090630,13.4,13.4,11.8,12.3,6100
TST,20090629,13,13,12.2,12.5,4000
TST,20090626,13.6,13.6,12.3,12.6,9200
TST,20090625,13.5,13.5,12.5,13.1,7200
TST,20090624,12.9,13,12.5,12.8,16400
TST,20090623,13.7,13.7,11.8,12.1,20800
TST,20090622,14.4,14.4,12.5,12.8,24500
TST,20090619,14.7,14.7,13.2,13.5,12300
TST,20090618,13.9,14,13.5,13.8,17200
TST,20090617,12.8,13.3,12.7,13,31400
TST,20090616,14.3,14.4,13.5,13.7,28100
TST,20090615,16.4,16.4,14.3,14.6,51200
TST,20090612,15.7,15.9,14.8,15.4,31500
TST,20090611,15.2,15.7,14.1,15,71600
TST,20090610,15.2,16,15.2,15.2,47500
TST,20090609,17.5,17.5,15.8,16.4,39700
TST,20090608,15.4,16.5,15.4,16.5,45800
TST,20090605,15.3,15.4,15.3,15.4,174000
TST,20090604,14.6,14.7,13.8,14.3,120300
TST,20090603,14.1,14.8,13.4,13.7,25900
TST,20090602,14.6,14.6,13.4,13.9,52600
TST,20090601,14.3,14.3,13.6,13.8,35500
TST,20090529,14.3,14.6,12.9,13.4,17500
TST,20090528,14.5,14.6,13.5,13.6,19200
TST,20090527,15.1,15.1,14.2,14.6,59300
TST,20090526,14.2,14.2,13.3,14.1,104300
TST,20090525,13.2,13.2,13.2,13.2,3500
TST,20090522,12.3,12.7,11.8,12.3,119200
TST,20090521,11.7,12.1,11.2,11.8,56700
TST,20090520,12.1,12.1,11.3,11.7,14800
TST,20090519,11.1,11.3,11.1,11.3,62800
TST,20090518,11.1,11.1,9.9,10.5,48300
TST,20090515,11.2,11.2,10.2,10.4,35000
TST,20090514,11.4,11.4,10.1,10.4,8600
TST,20090513,11.7,11.7,10.3,10.6,47000
TST,20090512,10.3,11.3,10.3,10.9,14400
TST,20090511,12,12,10.7,11.2,3000
TST,20090508,11.3,11.5,10.8,11.3,35900
TST,20090507,11.4,11.4,10.9,11.4,35000
TST,20090506,11.6,11.6,10.4,10.6,7400
TST,20090505,11.4,11.4,11,11.3,91800
TST,20090504,10.4,10.6,10.4,10.6,36600
TST,20090429,9.8,9.9,9.7,9.8,3000
TST,20090428,9.8,9.9,9.4,9.7,4000
TST,20090427,10,10,9.1,9.4,700
TST,20090424,9.4,9.5,9.4,9.4,6200
TST,20090423,10,10,9.9,10,5800
TST,20090422,9.8,9.8,9.4,9.7,5900
TST,20090421,8.4,9.3,8.4,9.1,6900
TST,20090420,9.1,9.5,9,9.1,11800
TST,20090417,10.3,10.3,9.5,9.7,19700
TST,20090416,9.9,10.5,9.9,10.3,800
TST,20090415,10.9,10.9,10.5,10.6,8300
TST,20090414,11.9,11.9,11.3,11.4,9400
TST,20090413,10.9,11.4,10.7,11.1,61300
TST,20090410,10.6,10.7,10.5,10.6,12700
TST,20090409,10.1,10.1,10,10,7700
TST,20090408,10.3,10.5,10.3,10.4,7500
TST,20090407,10.1,10.7,10.1,10.5,19600
TST,20090403,10.2,10.2,9.6,9.9,18700
TST,20090402,9.6,9.7,9.4,9.5,11300
TST,20090401,9,9.5,9,9.2,14500
TST,20090330,9.3,9.3,9.3,9.3,5000
TST,20090327,9.5,9.5,9.1,9.2,4800
TST,20090326,9.3,9.3,9.2,9.3,3700
TST,20090325,9.3,9.3,9.3,9.3,5200
TST,20090324,9.1,9.3,9.1,9.2,800
TST,20090320,9,9.3,9,9.3,3300
TST,20090319,10,10,9.5,9.5,2200
TST,20090318,10,10,9.4,9.5,6600
TST,20090317,9.3,9.4,9.3,9.3,1600
TST,20090316,9.3,9.3,9.3,9.3,7300
TST,20090313,9.3,9.3,9.3,9.3,1600
TST,20090312,9.2,9.3,9.2,9.3,9500
TST,20090311,9.4,9.4,9.2,9.3,2500
TST,20090310,9,9,8.5,8.8,6400
TST,20090309,8.9,8.9,8.8,8.8,2000
TST,20090306,8.8,9.1,8.8,8.9,10300
TST,20090304,9,9,9,9,100
TST,20090303,8.8,8.8,8.8,8.8,5000
TST,20090302,9.3,9.3,8.8,9.3,6100
TST,20090227,8.8,9.2,8.8,9.1,2000
TST,20090226,8.8,8.8,8.8,8.8,500
TST,20090225,8.8,8.8,8.8,8.8,200
TST,20090224,8.8,8.8,8.2,8.4,14700
TST,20090223,8.9,9,8.9,8.9,3700
TST,20090218,9,9.8,9,9.1,800
TST,20090217,9.6,9.6,9.6,9.6,1200
TST,20090216,9.6,9.6,9.5,9.6,10100
TST,20090213,10,10,10,10,1000
TST,20090211,9.3,9.4,9.3,9.3,3100
TST,20090210,9.6,9.8,9.5,9.6,9200
TST,20090209,9.8,10.1,9.8,9.9,7100
TST,20090206,9.7,9.7,9.6,9.6,3100
TST,20090205,9.7,9.7,9.5,9.5,2200
TST,20090204,9.6,9.7,9.5,9.6,3500
TST,20090203,9,9,9,9,300
TST,20090123,9.2,9.2,9.2,9.2,2000
TST,20090122,9.6,9.6,9.6,9.6,100
TST,20090121,8.9,9,8.8,8.9,600
TST,20090120,9,9.1,9,9.1,8900
TST,20090119,8.8,9.9,8.8,9.1,2300
TST,20090115,9.5,9.7,9.4,9.5,11100
TST,20090114,9.7,9.7,9.5,9.6,2100
TST,20090113,9.7,9.7,9.7,9.7,1000
TST,20090112,9.7,9.8,9.7,9.8,5900
TST,20090109,9.9,10,9.9,9.9,4000
TST,20090108,9.5,9.7,9.5,9.6,5100
TST,20090106,9.8,9.8,9.8,9.8,12600
TST,20090105,9.8,10.1,9.6,9.9,2900
TST,20090102,9.7,10,9.7,9.8,3100
TST,20081231,10.3,10.3,10.2,10.3,2400
TST,20081230,10.8,10.8,10.6,10.7,2300
TST,20081229,9.9,10.7,9.9,10.4,19300
TST,20081226,9.9,9.9,9.9,9.9,17300
TST,20081225,9.9,9.9,9.7,9.8,3800
TST,20081224,9.8,10.1,9.7,9.9,2700
TST,20081223,9.9,10.3,9.9,10.1,2200
TST,20081222,10.2,10.3,10.2,10.2,1200
TST,20081219,10.3,10.4,10.3,10.3,7700
TST,20081218,10.3,10.3,10.3,10.3,1500
TST,20081217,10.3,10.3,9.8,10.3,1800
TST,20081216,10.7,10.7,9.6,10.3,9900
TST,20081215,9.6,10.1,9.6,9.8,1600
TST,20081212,9.6,10.1,9.6,10,4400
TST,20081211,9.2,9.4,9.2,9.3,1200
TST,20081210,9.6,9.6,9.3,9.3,5900
TST,20081209,9,9.4,9,9.3,3100
TST,20081208,9.4,9.4,9.1,9.2,5200
TST,20081205,9.5,9.6,9.4,9.6,13000
TST,20081204,9.6,9.8,9.3,9.5,17300
TST,20081203,9,9,9,9,1000
TST,20081202,8.8,9.6,8.8,9,17300
TST,20081201,9.1,9.1,9.1,9.1,7900
TST,20081128,9.6,9.6,9.1,9.3,7200
TST,20081127,8.9,8.9,8.8,8.9,10100
TST,20081126,9,9,9,9,1000
TST,20081125,9.5,9.5,9,9,9500
TST,20081124,9,9,8.9,9,11500
TST,20081124,9,9,8.9,9,11500
TST,20081121,8.9,9.1,8.9,9,4500
TST,20081120,8.9,9.2,8.9,9,5400
TST,20081119,9.4,9.4,9.3,9.4,400
TST,20081118,9.3,9.6,9.3,9.4,4200
TST,20081117,9.4,9.6,9.4,9.4,7100
TST,20081114,9.6,9.7,9.4,9.6,14400
TST,20081113,9.6,9.7,9.6,9.6,6800
TST,20081112,9.4,9.6,9.4,9.6,3900
TST,20081111,9.6,9.8,9.2,9.6,17300
TST,20081110,10.1,10.1,10.1,10.1,11800
TST,20081107,9.6,9.6,9.4,9.6,9300
TST,20081106,9.5,9.7,9.4,9.5,6300
TST,20081105,10.4,10.6,9.9,10.3,8000
TST,20081104,10.1,10.5,9.8,10.1,16900
TST,20081103,9.2,9.7,9.2,9.6,1200
TST,20081031,10.4,10.9,9.6,9.7,7400
TST,20081030,10.3,10.4,10.3,10.4,2000
TST,20081029,10.1,10.1,9.6,10.1,34300
TST,20081028,9.1,9.6,9.1,9.3,5500
TST,20081027,9.5,9.6,9.1,9.5,11300
TST,20081024,9.6,9.9,9.5,9.6,19100
TST,20081023,9.6,9.9,9.5,9.6,53000
TST,20081022,9.9,10.2,9.9,10,5500
TST,20081021,10.4,10.4,10.1,10.2,4000
TST,20081020,10.4,10.4,9.9,10.2,12000
TST,20081017,10.6,10.6,10.1,10.3,11800
TST,20081016,10,10.5,10,10.3,7800
TST,20081015,11.6,11.6,10.7,11,13400
TST,20081014,10.9,10.9,10.9,10.9,1100
TST,20081013,9.9,10.1,9.9,10,4000
TST,20081010,9.3,9.8,9.3,9.8,8800
TST,20081009,9.4,10.6,9.4,10.2,14300
TST,20081008,9.3,10.2,9.3,9.7,12400
TST,20081007,10,10.6,10,10.1,31100
TST,20081006,10.9,11.7,10.7,11,13000
TST,20081003,11.3,12.4,11.3,11.7,4500
TST,20081002,11.6,12.1,11.6,11.9,31300
TST,20081001,11.1,11.1,10.8,11.1,16900
TST,20080930,10.1,10.6,10.1,10.2,35600
TST,20080929,11,11.6,10.9,11.1,21300
TST,20080926,11.1,11.1,10.8,11,10200
TST,20080925,10.1,10.9,10.1,10.5,11400
TST,20080924,10.1,10.6,10.1,10.5,18600
TST,20080923,12.1,12.1,10.1,10.6,44800
TST,20080922,11.2,11.2,11,11.1,4000
TST,20080919,9.1,10.8,9.1,10.3,15600
TST,20080918,9.9,9.9,9.9,9.9,28300
TST,20080917,10.8,11.1,10.8,10.9,15000
TST,20080916,11.9,11.9,11.8,11.8,15100
TST,20080915,12,14.1,12,12.9,24500
TST,20080912,13.1,13.1,13.1,13.1,13100
TST,20080911,14.6,14.6,14.3,14.3,12500
TST,20080910,15.8,16.7,14.1,15.6,54700
TST,20080909,14.3,15.5,14.3,15.4,56700
TST,20080908,15.1,15.1,12.8,14.3,52700
TST,20080905,13.1,14.1,12.6,13.9,63200
TST,20080904,13.2,13.2,11.2,13,49900
TST,20080903,12.2,12.2,12.2,12.2,100
TST,20080829,10.9,11.9,10.9,11.2,62000
TST,20080828,13.8,13.8,11.8,11.9,33600
TST,20080827,13,13,12.5,12.9,74800
TST,20080826,12,12,12,12,11100
TST,20080825,10.9,11,10.9,11,30300
TST,20080822,10.1,10.2,9.7,10.1,35100
TST,20080821,9,9.8,9,9.4,4000
TST,20080820,9.1,9.1,9,9,16600
TST,20080819,10.1,10.3,9.7,9.9,11400
TST,20080818,10.6,10.6,10.2,10.3,15300
TST,20080815,10.2,10.2,10.2,10.2,4700
TST,20080814,9.4,9.9,9.4,9.7,33100
TST,20080813,9.3,9.7,9.2,9.4,9400
TST,20080812,9.7,9.7,9.1,9.7,23200
TST,20080811,9,9.4,9,9.2,800
TST,20080808,8.6,9.2,8.6,9,5900
TST,20080807,8.8,8.8,8.7,8.8,19000
TST,20080806,8.2,9,8.2,8.4,46300
TST,20080805,8.6,8.6,8.6,8.6,6300
TST,20080804,9.1,9.1,9.1,9.1,10300
TST,20080801,9.6,9.7,9.6,9.6,26800
TST,20080731,10.1,10.1,10.1,10.1,200
TST,20080730,11.1,11.3,10.5,10.6,23100
TST,20080729,10.8,11.6,10.8,11,62900
TST,20080728,11.3,11.3,11.3,11.3,12000
TST,20080725,11.9,11.9,11.9,11.9,13000
TST,20080724,12.5,12.5,12.5,12.5,30900
TST,20080723,13.1,13.1,13.1,13.1,100
TST,20080722,13.7,13.7,13.7,13.7,100
TST,20080718,15.1,15.2,13.9,14.4,25100
TST,20080717,14.6,14.6,13.9,14.6,52400
TST,20080716,14.1,14.1,12.9,14,106500
TST,20080715,13.5,13.5,13.5,13.5,3500
TST,20080714,12.9,12.9,12.9,12.9,5600
TST,20080711,12.3,12.3,12.3,12.3,17900
TST,20080710,11.7,11.7,11.6,11.7,35900
TST,20080709,11.4,11.4,11,11.2,59600
TST,20080708,10.7,11.5,10.5,10.9,53000
TST,20080707,11.2,11.2,10.2,11,57100
TST,20080704,10.7,10.7,10.7,10.7,3000
TST,20080703,10.2,10.2,10.2,10.2,11500
TST,20080702,9.7,9.7,9.7,9.7,21300
TST,20080701,8.7,9.3,8.7,9.2,10300
TST,20080630,8.7,9.2,8.7,8.9,27600
TST,20080627,9.1,9.6,9.1,9.2,26400
TST,20080626,10.1,10.3,9.5,9.6,24500
TST,20080625,9.9,10.3,9.6,10,29200
TST,20080624,9.9,10.1,9.8,9.8,18400
TST,20080623,10.3,10.6,10.3,10.3,45400
TST,20080620,10.8,10.8,10.8,10.8,1100
TST,20080618,11.3,11.3,10.5,11.3,25700
TST,20080617,10.9,10.9,10.9,10.9,2000
TST,20080616,10.5,10.5,10.5,10.5,2000
TST,20080613,10.4,10.4,9.6,10.1,22000
TST,20080612,9.6,10,9.6,10,30800
TST,20080611,9.5,10.1,9.5,9.7,89500
TST,20080610,9.8,9.8,9.8,9.8,300
TST,20080609,10.2,10.2,10.2,10.2,100
TST,20080606,10.6,10.6,10.6,10.6,400
TST,20080605,11,11,11,11,200
TST,20080604,11.4,11.4,11.4,11.4,300
TST,20080603,11.8,11.8,11.8,11.8,100
TST,20080602,12.2,12.2,12.2,12.2,100
TST,20080530,12.6,12.6,12.6,12.6,700
TST,20080529,13,13,13,13,700
TST,20080528,13.5,13.5,13.5,13.5,100
TST,20080527,14,14,14,14,100
TST,20080526,14.5,14.5,14.5,14.5,100
TST,20080522,15.5,15.5,15.5,15.5,100
TST,20080520,16,16,16,16,500
TST,20080519,16.6,16.6,16.6,16.6,10000
TST,20080516,17.2,17.2,17.2,17.2,8600
TST,20080515,17.8,17.8,17.8,17.8,1000
TST,20080513,18.4,18.4,18.4,18.4,100
TST,20080512,19,19,19,19,100
TST,20080509,19.6,19.6,19.6,19.6,100
TST,20080508,20.3,20.3,20.3,20.3,1600
TST,20080507,21,21,21,21,1400
TST,20080506,21.7,21.7,21.7,21.7,1500
TST,20080505,22.4,22.4,22.4,22.4,2200
TST,20080429,23.1,23.2,23.1,23.1,15900
TST,20080428,23.6,24.4,23.6,23.9,23500
TST,20080425,24.4,24.4,24.4,24.4,3700
TST,20080424,25.2,26.4,25.2,25.2,28500
TST,20080423,26,26,26,26,100
TST,20080422,26.9,26.9,26.9,26.9,2700
TST,20080421,27.8,27.8,27.8,27.8,6400
TST,20080418,30.1,30.1,28.3,28.7,9000
TST,20080417,28.4,30.2,28.4,29.2,40800
TST,20080416,29.3,29.3,29.3,29.3,2000
TST,20080411,30.3,30.3,30.3,30.3,3300
TST,20080410,31.3,31.3,31.3,31.3,500
TST,20080409,33.2,33.2,32.2,32.3,4800
TST,20080408,34.8,34.8,32.6,33.3,57200
TST,20080407,33.7,33.7,33.7,33.7,400
TST,20080404,32.7,32.7,32.7,32.7,600
TST,20080403,32,32,32,32,400
TST,20080402,31.4,31.4,31.4,31.4,100
TST,20080401,30.8,30.8,30.8,30.8,100
TST,20080331,30.2,30.2,30.2,30.2,200
TST,20080328,29.6,29.6,29.6,29.6,100
TST,20080327,29,29,29,29,2500
TST,20080326,23,28.8,23,28.4,35500
TST,20080325,26.6,29,25.8,25.9,19400
TST,20080324,29.6,29.6,28.9,29,8700
TST,20080321,34.6,34.6,31.9,32.4,41000
TST,20080320,35.6,36.6,34.7,35.8,18200
TST,20080319,36.6,39.5,33.8,36.5,34900
TST,20080318,37.6,37.6,35.7,36,60000
TST,20080317,42.6,42.6,39.6,40,32800
TST,20080314,43.6,44.6,43.1,44,18100
TST,20080313,46.6,47.6,43.8,44.8,29400
TST,20080312,43.6,48.6,42.5,45.6,46100
TST,20080311,46.6,46.6,43.4,44,38900
TST,20080310,50.7,50.7,45.6,48.6,148800
TST,20080307,45.8,45.8,45.8,45.8,200
TST,20080306,41.4,41.4,41.4,41.4,17400
TST,20080305,35.9,41,35.9,37.4,97200
TST,20080304,42.6,42.6,40,40.2,25100
TST,20080303,47.6,47.6,41.7,44.8,54500
TST,20080229,44.6,45.6,42.1,43,38900
TST,20080228,45.1,46.1,43.2,44.5,30700
TST,20080227,43.6,48.1,42.6,45.3,38400
TST,20080226,49.6,50.1,44.2,45.7,40700
TST,20080225,48.1,48.5,47.1,48.3,48900
TST,20080222,42.6,47.6,41.6,43.8,85200
TST,20080221,49.6,49.7,46.2,46.6,52300
TST,20080220,51.7,53.8,49,51.7,56900
TST,20080219,49.5,54,48.9,51.7,85600
TST,20080218,50.6,50.6,47.8,48.9,78200
TST,20080215,54.6,54.6,50.6,53.4,53500
TST,20080214,54.1,58.5,53.1,55.1,61700
TST,20080213,60.6,60.6,52.6,54.3,60300
TST,20080212,61.6,61.6,53.5,56.5,66800
TST,20080201,55.8,55.8,54.6,55.7,86300
TST,20080131,52.5,52.5,43.6,50.5,124100
TST,20080130,47.5,47.5,47.5,47.5,9800
TST,20080129,40.6,43.3,40.6,42.9,27200
TST,20080128,38.6,40.1,38.6,39.1,15000
TST,20080125,38.6,38.6,38.1,38.6,9100
TST,20080124,38.6,40.6,37.7,38.9,18700
TST,20080123,38.7,39.1,36.7,38,18700
TST,20080122,37.6,39.8,37.6,39.2,10400
TST,20080121,40.8,40.8,39.4,40.1,6500
TST,20080118,40.6,41.6,40.1,40.8,20500
TST,20080117,42.6,42.6,37.6,40.1,38800
TST,20080116,37.6,39.5,37.6,38.5,11100
TST,20080115,38.6,38.6,35.2,35.6,8300
TST,20080114,39.6,39.7,38.6,39.1,18200
TST,20080111,41.6,44.1,41.6,42.6,14300
TST,20080110,39.6,41.6,39.6,40.7,7300
TST,20080109,43.9,43.9,40.6,41.7,12500
TST,20080108,45.7,45.7,42.1,43.4,15200
TST,20080107,44.8,44.8,42.6,43.4,17600
TST,20080104,48.1,48.1,46.1,47.3,10700
TST,20080103,52.1,52.1,48.6,49.5,10300
TST,20080102,52.6,52.6,51.6,51.9,10100
TST,20071228,52.1,53.4,52,52.5,9900
TST,20071227,53.4,54.3,51.6,52,19600
TST,20071226,51.6,53.9,51.6,52.6,17300
TST,20071225,54.6,54.6,51.4,52.2,17700
TST,20071224,55.8,55.8,52.6,53.7,18400
TST,20071221,52.6,55.6,52.6,53.3,14900
TST,20071220,56.6,56.6,51.8,53.3,22600
TST,20071219,53.6,57.7,52.6,56.1,51200
TST,20071218,52.1,54.6,50.9,52.2,27200
TST,20071217,60.7,60.7,55.6,56.5,5800
TST,20071214,64.6,64.6,59.9,62.1,56700
TST,20071213,76.6,76.6,58.6,63.7,167500
