<Ticker>,<DTYYYYMMDD>,<Open>,<High>,<Low>,<Close>,<Volume>
TTP,20100729,38,38,37.5,37.5,540
TTP,20100728,38,38,37.5,38,4490
TTP,20100727,38,38,38,38,16320
TTP,20100726,38,38,38,38,2370
TTP,20100723,38,38,38,38,420
TTP,20100722,38,38.5,38,38,570
TTP,20100721,38.5,38.8,38.4,38.5,4880
TTP,20100720,38.3,38.6,38.3,38.6,6600
TTP,20100719,38.5,38.9,38,38.9,1250
TTP,20100716,37.8,38.6,37.8,38.2,5450
TTP,20100715,39,39,37.6,37.6,2660
TTP,20100714,38.7,39,38,39,6880
TTP,20100713,37.7,38.8,37.7,38.8,2140
TTP,20100709,37.6,37.6,37.6,37.6,900
TTP,20100708,39,39,37.6,37.6,5310
TTP,20100707,37.6,39.4,37.6,39.4,1910
TTP,20100706,37.7,37.8,37.5,37.6,9400
TTP,20100705,38.5,38.5,37.6,37.6,8730
TTP,20100702,38.5,38.5,38.1,38.5,2670
TTP,20100701,39,39,38.6,38.6,880
TTP,20100630,39.2,39.6,39,39,4100
TTP,20100629,39,39.7,39,39.7,950
TTP,20100628,40,40,39.6,39.6,12690
TTP,20100625,39,39.8,39,39.8,5720
TTP,20100624,39.9,39.9,39.8,39.8,9520
TTP,20100623,39.8,39.9,39.8,39.9,8500
TTP,20100622,39.8,39.9,39.8,39.8,8050
TTP,20100621,39.5,40,39.5,39.8,1900
TTP,20100618,39.5,39.5,39.4,39.5,1800
TTP,20100617,39.7,39.9,39.5,39.8,20850
TTP,20100616,39.9,40,39,39.4,6050
TTP,20100615,39.3,39.4,39.2,39.4,9340
TTP,20100614,39.5,39.5,39,39.4,2900
TTP,20100611,39.8,39.8,39,39.6,4010
TTP,20100610,39.8,39.8,38.2,39.8,2480
TTP,20100609,39,39.5,39,39.4,3990
TTP,20100608,38.6,38.7,38.5,38.5,14010
TTP,20100607,38.8,39,38.6,38.6,77580
TTP,20100604,41,41,40.6,40.6,14020
TTP,20100603,41,41,40.5,40.8,8700
TTP,20100602,41,41.3,41,41.3,8040
TTP,20100601,41.8,41.8,40.5,41,15890
TTP,20100531,40.9,42,40.9,41.8,11400
TTP,20100528,40.9,40.9,40.8,40.9,13680
TTP,20100527,38.8,39.1,38.7,39,48460
TTP,20100526,39.9,40,39,39,69420
TTP,20100525,41,41,39.5,39.5,2800
TTP,20100524,40.2,41,40,41,11900
TTP,20100521,40.9,43,40.9,40.9,73910
TTP,20100520,42,43,40.7,43,16500
TTP,20100519,43,43,42.5,42.8,21670
TTP,20100518,44,44,43,44,3700
TTP,20100517,44.5,44.5,43,43,7080
TTP,20100514,43.6,44,43.6,44,11360
TTP,20100513,44.5,44.5,44,44,1980
TTP,20100512,45.2,45.2,43.5,44.1,15670
TTP,20100511,46,46,45,45.2,29640
TTP,20100510,45.5,45.6,44.5,45,23040
TTP,20100507,45.6,46,45.5,46,19100
TTP,20100506,47.1,47.1,46.3,47,24420
TTP,20100505,46.2,46.8,45.9,46.1,34280
TTP,20100504,48,48,47,47.5,37950
TTP,20100429,47,48.5,47,48,12550
TTP,20100428,47.5,49,47.5,48.3,20910
TTP,20100427,46.9,47.5,45.2,47.5,72930
TTP,20100426,46.7,46.7,45.2,45.2,33250
TTP,20100422,46,47,46,46.6,43260
TTP,20100421,47.5,48,46.8,46.8,55750
TTP,20100420,47.3,47.4,46.5,46.5,22200
TTP,20100419,50.5,50.5,48,49,41650
TTP,20100416,50.5,50.5,49,50.5,123230
TTP,20100415,47,48.1,46,48.1,200160
TTP,20100414,47,47,45.8,45.8,117710
TTP,20100413,48,48,47,47,81300
TTP,20100412,48.3,48.3,48,48.3,129280
TTP,20100409,44.7,46,44.6,46,25730
TTP,20100408,45,45,44,45,19810
TTP,20100407,45,45,44,45,21920
TTP,20100406,43.5,44.5,43.5,44,25610
TTP,20100405,43.5,43.5,43,43.5,5760
TTP,20100402,42.6,43.5,42.6,43,5710
TTP,20100401,42.7,43.5,42,43.1,15090
TTP,20100331,42.7,43.5,42.7,43,11540
TTP,20100330,43,43,42.3,43,3000
TTP,20100329,43.5,43.5,42,43.5,10920
TTP,20100326,43.5,43.5,43.4,43.5,850
TTP,20100325,43.5,43.5,43.5,43.5,53290
TTP,20100324,43.5,43.6,43.5,43.5,23080
TTP,20100323,43.5,43.7,43.5,43.5,32320
TTP,20100322,43.5,43.9,43.5,43.5,12650
TTP,20100319,43.5,43.6,43.4,43.5,13680
TTP,20100318,43.4,43.9,43.4,43.9,30770
TTP,20100317,43,43.6,43,43.5,9620
TTP,20100316,44.5,44.5,43.4,43.5,18340
TTP,20100315,44,45,44,44.5,47390
TTP,20100312,43.4,44,43.4,44,17920
TTP,20100311,43.5,44.1,43.1,44,16060
TTP,20100310,44.1,44.3,43.7,44.1,25980
TTP,20100309,44,44.4,44,44.3,30780
TTP,20100308,44.8,44.8,43.1,44,61730
TTP,20100305,43,44,43,44,25880
TTP,20100304,42.5,44,42.5,44,37410
TTP,20100303,42,43,42,42.5,17640
TTP,20100302,43,43,42,42,27630
TTP,20100301,43,43,43,43,9160
TTP,20100226,43,43,42.7,43,7360
TTP,20100225,44,44,43,43,90640
TTP,20100224,42.8,43,42.5,43,35520
TTP,20100223,42,42.5,42,42.5,74410
TTP,20100222,42.7,43,42.7,43,121140
TTP,20100212,43.6,43.6,42,42.7,106600
TTP,20100211,42,42.5,42,42.5,92990
TTP,20100210,41.5,42.1,41.5,42,120210
TTP,20100209,40.9,42,40.8,41.5,126910
TTP,20100208,41.5,43,41,43,45230
TTP,20100205,42.5,42.9,41.8,42.4,101050
TTP,20100204,41.5,43,41.5,43,60860
TTP,20100203,42,42,41,41,29800
TTP,20100202,42,42,40.7,41,12820
TTP,20100201,41.8,41.8,40.5,41,12050
TTP,20100129,42,42,40.5,40.5,19270
TTP,20100128,42,42,41,41.4,16250
TTP,20100127,42,42.4,40,42,22200
TTP,20100126,41.5,43,41,42,22200
TTP,20100125,39.6,41,39.6,41,6170
TTP,20100122,40.2,40.5,39,40.5,14860
TTP,20100121,39.8,41,39,39,47030
TTP,20100120,41.6,42,41,41,65510
TTP,20100119,41,42.5,41,42.5,22100
TTP,20100118,42.5,42.5,41,41,31710
TTP,20100115,43,43,42.5,42.9,84710
TTP,20100114,43.5,43.7,43,43.5,24900
TTP,20100113,43,43,40.6,42.7,39780
TTP,20100112,42.7,44.5,42.7,42.7,16370
TTP,20100111,46,46,43.3,43.3,14030
TTP,20100108,47.8,47.8,45.6,45.6,61070
TTP,20100107,44.3,47.1,44,46.9,94420
TTP,20100106,44,45,43.1,44.9,78830
TTP,20100105,45.3,45.3,44.1,45,71100
TTP,20100104,43,43.1,43,43.1,70960
TTP,20091231,43,44.5,41,41,65830
TTP,20091230,42.5,43,41,43,7920
TTP,20091229,40.6,42,40.6,42,8810
TTP,20091228,42.1,44,41.8,41.8,34090
TTP,20091225,43,44,41.8,44,75040
TTP,20091224,42,42,40,41.9,40400
TTP,20091223,40.1,42,40,42,8570
TTP,20091222,42.3,42.3,40.5,40.5,35630
TTP,20091221,41,42.3,41,42.3,27030
TTP,20091218,38.8,40.3,38.8,40.3,36920
TTP,20091217,38.5,38.5,38.4,38.4,35810
TTP,20091216,42.5,42.5,40.4,40.4,48420
TTP,20091215,41.1,42.5,40,42.5,11620
TTP,20091214,41.5,42.3,40.5,42,18600
TTP,20091211,40.4,40.5,40.3,40.3,84490
TTP,20091210,42.4,42.4,41,42.4,15630
TTP,20091209,43,43,42.4,42.4,73970
TTP,20091208,44.9,44.9,43,44.6,21550
TTP,20091207,45.9,45.9,44.7,44.7,3590
TTP,20091204,46,46,44.5,44.5,115800
TTP,20091203,46,47,46,46,8460
TTP,20091202,48,48,47,47,18440
TTP,20091201,49,49.5,48,49,20840
TTP,20091130,45.1,48,45.1,48,51550
TTP,20091127,42,46.4,42,46.4,71450
TTP,20091126,44.2,44.5,44.2,44.2,47080
TTP,20091125,49,49,46.5,46.5,72180
TTP,20091124,49.5,50,49,49,84520
TTP,20091123,48.9,49.5,48.7,49.5,141220
TTP,20091120,49,50,49,49.5,76860
TTP,20091119,50,50.5,49.5,50,47780
TTP,20091118,48.6,50,48.6,49,10200
TTP,20091117,49.5,50.5,48.9,49,55910
TTP,20091116,49,50.5,48.5,48.9,175380
TTP,20091113,46.5,48.5,46.5,48.5,23220
TTP,20091112,49,49.5,48.9,49,44050
TTP,20091111,45.8,47.8,45.8,47.5,34280
TTP,20091110,46.5,47.9,43.5,46.5,35380
TTP,20091109,46,48,45.6,45.6,36740
TTP,20091106,51,51,48,48,58840
TTP,20091105,48,49,47.1,49,214120
TTP,20091104,47.9,49,45,47,75530
TTP,20091103,47.5,47.8,47,47,156640
TTP,20091102,50,50,49.5,49.5,48280
TTP,20091030,55,55,51,52,236680
TTP,20091029,56,56,53.5,53.5,83590
TTP,20091028,59,59,56,56,104060
TTP,20091027,61,61,56.5,58.5,53610
TTP,20091026,60,60,56.5,59.5,235890
TTP,20091023,64,64,59,59,238780
TTP,20091022,60,62.5,60,62,381230
TTP,20091021,59.5,62.5,59.5,62,327310
TTP,20091020,60,60,58,59.5,123400
TTP,20091019,59,59,58,59,25580
TTP,20091016,61.5,61.5,59,59.5,118410
TTP,20091015,63.5,65,61,61.5,182150
TTP,20091014,63,63.5,61,63.5,124070
TTP,20091013,62,63,60.5,63,191830
TTP,20091012,60,60.5,59,60.5,199710
TTP,20091009,57.5,58.5,57,58,131780
TTP,20091008,58,58,56,57.5,88740
TTP,20091007,57,57.5,56,57,62690
TTP,20091006,55.5,56.5,54,56,147370
TTP,20091005,55.5,57,55,55.5,170990
TTP,20091002,56.5,57,56,57,201520
TTP,20091001,61.5,61.5,59,59,47010
TTP,20090930,63.5,63.5,62,62,106750
TTP,20090929,60.5,62.5,60,62.5,451990
TTP,20090928,59,60.5,59,59.5,61400
TTP,20090925,59.5,60,57,59,56140
TTP,20090924,61,61,59,59.5,27790
TTP,20090923,61,61,58.5,59.5,77150
TTP,20090922,59,61,59,60,34880
TTP,20090921,59,61,59,60.5,106740
TTP,20090918,59,59,57.5,58.5,69340
TTP,20090917,59,59,57,59,15630
TTP,20090916,59.5,60,59,59,63620
TTP,20090915,62,62,59,59.5,39070
TTP,20090914,57.5,61,57.5,61,9740
TTP,20090911,61,61,56,60,62030
TTP,20090910,59,60,59,59,27050
TTP,20090909,61.5,61.5,59,59.5,83640
TTP,20090908,59,59.5,59,59.5,47090
TTP,20090907,57,60,57,59,22390
TTP,20090904,59,60,56,60,76720
TTP,20090903,59,60,58.5,59,50020
TTP,20090901,63.5,63.5,61.5,61.5,22300
TTP,20090831,62.5,62.5,60,62.5,91510
TTP,20090828,60,60,59,59.5,51370
TTP,20090827,60.5,60.5,57.5,60,30870
TTP,20090826,58,60.5,58,60.5,49690
TTP,20090825,57.5,58,57,58,88360
TTP,20090824,55.5,55.5,55.5,55.5,35660
TTP,20090821,55,55,53,53,60770
TTP,20090820,52,52.5,50.5,52.5,82430
TTP,20090819,49.5,50,48.9,50,47400
TTP,20090818,47,48.9,46.9,48,21100
TTP,20090817,48,49.5,48,48.5,46250
TTP,20090814,49.5,49.5,48,49,70280
TTP,20090813,47,48,47,48,35610
TTP,20090812,45,46.5,45,46.5,56970
TTP,20090811,44.2,45.8,44.2,44.7,8740
TTP,20090810,44.3,44.9,44.3,44.7,54120
TTP,20090807,44.3,44.5,44.2,44.3,42820
TTP,20090806,44.2,44.8,44.2,44.3,51360
TTP,20090805,44.8,44.8,44.2,44.2,51350
TTP,20090804,44.5,44.8,43.8,44.8,190960
TTP,20090803,43.8,43.8,42.6,43,82980
TTP,20090731,41.5,42.5,41.5,42.5,112380
TTP,20090730,40.6,42.2,40.4,41.5,63910
TTP,20090729,43.8,43.8,42,42,32760
TTP,20090728,43.8,43.8,42.5,43.8,109920
TTP,20090727,43.6,43.6,43,43.5,155820
TTP,20090724,42,42,41.9,42,130100
TTP,20090723,39.1,40,38.9,40,48480
TTP,20090722,39.1,39.1,38,38.9,61680
TTP,20090721,39.4,39.4,38.5,38.9,30790
TTP,20090720,38.4,38.5,37.5,38.5,44860
TTP,20090717,38.5,38.5,37.5,37.5,33710
TTP,20090716,38.5,38.5,37.5,37.5,43810
TTP,20090715,37,37,36.5,37,9700
TTP,20090714,36.5,36.5,35.9,36,66220
TTP,20090713,38,38,35.5,36.1,34590
TTP,20090710,37,40.4,37,37,48380
TTP,20090709,38.4,39,38,38.5,53920
TTP,20090708,37.6,39.9,37.6,38.5,14940
TTP,20090707,40.8,40.8,38.6,39.2,27530
TTP,20090706,38,40,38,40,109000
TTP,20090703,37.9,38,37.1,38,25740
TTP,20090702,35,37.9,35,37.9,51560
TTP,20090701,36.5,36.5,36,36,45480
TTP,20090630,37.7,38,36.3,38,78650
TTP,20090629,40.5,40.5,37.8,37.8,21890
TTP,20090626,36.6,39.7,36.6,39.7,42420
TTP,20090625,38.3,38.3,37,37.8,74900
TTP,20090624,37.9,37.9,37.7,37.9,136030
TTP,20090623,36,36.1,36,36,150090
TTP,20090622,38,38.2,37.9,37.9,50640
TTP,20090619,41,41,38.5,40,95600
TTP,20090618,40.5,41,39,39.5,151900
TTP,20090617,36.8,40.7,36.7,39,184130
TTP,20090616,38.7,38.7,38.7,38.7,106790
TTP,20090615,40.8,41.9,40.8,40.8,188280
TTP,20090612,45,45,42.5,43,120340
TTP,20090611,40.6,43.7,40.6,43.1,200330
TTP,20090610,41.7,41.7,41.6,41.6,126030
TTP,20090609,40,43.8,40,43.8,204400
TTP,20090608,41.8,41.8,41.8,41.8,50996
TTP,20090605,39.8,39.8,39.8,39.8,104790
TTP,20090604,36.5,37.9,36.5,37.9,152360
TTP,20090603,35.5,36,35.3,36,104350
TTP,20090602,36,36.1,35.5,36,187770
TTP,20090601,34.4,34.5,33.3,34.3,125160
TTP,20090529,33,33.5,32.6,33.3,71860
TTP,20090528,33,34.4,33,33,29400
TTP,20090527,34.8,35.5,33.7,34,63770
TTP,20090526,36.8,36.8,33.7,35.5,97440
TTP,20090525,34.1,35.1,33.6,35.1,205310
TTP,20090522,34,34,32.7,33.4,125170
TTP,20090521,34.1,36.5,33.2,34.2,162710
TTP,20090520,33.3,34.7,33.3,34.7,172050
TTP,20090519,34.7,34.7,33,34,156150
TTP,20090518,32.9,35,32.8,33,197630
TTP,20090515,34.5,34.6,33.1,34.6,104980
TTP,20090514,32.5,33.2,32,32.9,125520
TTP,20090513,34.3,35.2,33,33.2,161150
TTP,20090512,32.6,34.3,31.8,34.3,112490
TTP,20090511,32.5,33.6,31.1,32.6,163000
TTP,20090508,30.5,32.1,30.5,32.1,157910
TTP,20090507,30.5,30.5,29.6,30.5,151030
TTP,20090506,29.3,30,29,29,252970
TTP,20090505,29.3,29.3,29.2,29.3,278060
TTP,20090504,27.9,27.9,27.9,27.9,14040
TTP,20090429,26.4,26.5,25.5,26.5,197240
TTP,20090428,26.3,27,26.2,26.4,195060
TTP,20090427,26.2,26.2,25.9,26.2,143960
TTP,20090424,24.8,24.8,24.5,24.8,288790
TTP,20090423,23.5,24,23.4,23.5,146940
TTP,20090422,23.5,24.5,22.5,23.5,279730
TTP,20090421,23.4,23.4,23.4,23.4,2700
TTP,20090420,24.8,24.8,24.8,24.8,8280
TTP,20090417,26.8,26.8,26.2,26.2,189680
TTP,20090416,28.2,28.2,26,27.7,185880
TTP,20090415,28.2,28.2,26.5,27.2,393460
TTP,20090414,26.7,26.7,26.7,26.7,118390
TTP,20090413,25.3,25.3,25.3,25.3,15640
TTP,20090410,24,24,24,24,10930
TTP,20090409,21.5,22.7,20.4,22.7,242940
TTP,20090408,21.8,22.7,20.7,21.5,267750
TTP,20090407,20.5,21.8,20.4,21.8,213920
TTP,20090403,20.6,20.6,20.6,20.6,162210
TTP,20090402,19.4,19.5,19,19.5,85170
TTP,20090401,18.8,18.9,17.5,18.8,76230
TTP,20090331,19,19,18.1,18.2,117480
TTP,20090330,19.3,20.1,19.2,19.2,106450
TTP,20090327,20.5,20.7,19.4,20.3,283760
TTP,20090326,20.3,20.3,19.5,20,212480
TTP,20090325,18.1,19.6,18.1,19.5,272730
TTP,20090324,19,19,18.8,18.9,151360
TTP,20090323,18.5,18.5,17.4,18,181190
TTP,20090320,17.5,18.5,17.5,18.5,1242210
TTP,20090319,19.2,19.2,17.4,17.5,460540
TTP,20090318,18.2,18.2,18.2,18.2,199970
TTP,20090317,17.2,17.2,17.1,17.2,300430
TTP,20090316,15.5,16.3,15.5,16.3,231320
TTP,20090313,15.5,15.6,15.4,15.4,116620
TTP,20090312,14.9,15.4,14.8,15.4,145980
TTP,20090311,15.7,15.7,15.3,15.4,250860
TTP,20090310,15,15.2,14.5,15,134400
TTP,20090309,14.7,15.5,14.7,14.8,144430
TTP,20090306,14.1,14.9,13.8,14.7,102670
TTP,20090305,13.8,14.1,13.7,14.1,95240
TTP,20090304,12.6,13.3,12.6,13.3,82080
TTP,20090303,12.5,12.5,12.4,12.5,21750
TTP,20090302,12.4,12.8,12.4,12.5,15490
TTP,20090227,12.3,12.5,12.3,12.4,13150
TTP,20090226,12,12.6,11.9,12.2,26440
TTP,20090225,12.5,12.6,12.5,12.6,35180
TTP,20090224,11.8,11.9,11.7,11.9,22520
TTP,20090223,12.1,12.1,11.8,11.9,24850
TTP,20090220,11.5,12.1,11.4,12.1,47070
TTP,20090219,11.4,12,11.4,11.4,13530
TTP,20090218,11.4,11.4,11.3,11.4,43130
TTP,20090217,12.2,12.2,11.7,11.7,106590
TTP,20090216,12.7,12.8,12.3,12.4,31310
TTP,20090213,12.8,12.8,12.6,12.7,63930
TTP,20090212,12.8,12.9,12.7,12.9,68020
TTP,20090211,13,13.3,12.8,12.9,58060
TTP,20090210,13.6,13.6,13.3,13.3,9590
TTP,20090209,13.9,13.9,13.3,13.7,39020
TTP,20090206,13.5,13.8,13.5,13.6,52730
TTP,20090205,13.8,13.9,13.3,13.5,45800
TTP,20090204,14.3,14.3,13.7,13.8,77390
TTP,20090203,13.7,13.9,13.6,13.8,53730
TTP,20090202,13.8,14,13.7,13.8,13220
TTP,20090123,14.3,14.3,13.8,13.8,8170
TTP,20090122,13.7,14.2,13.7,14,20860
TTP,20090121,14,14,13.3,13.9,5200
TTP,20090120,14.3,14.3,14,14,18040
TTP,20090119,14.5,14.5,14,14,11710
TTP,20090116,14.5,14.5,14.2,14.2,10600
TTP,20090115,14,14.3,14,14.2,3240
TTP,20090114,14.1,14.3,14,14.3,35900
TTP,20090113,14.3,14.4,13.7,14.2,35100
TTP,20090112,14.2,14.7,14.2,14.2,7200
TTP,20090109,13.5,14.5,13.5,14.2,19420
TTP,20090108,14.5,14.8,14.1,14.1,29020
TTP,20090107,14.4,14.8,14.1,14.8,75190
TTP,20090106,13.9,14.3,13.9,14,13680
TTP,20090105,13.6,14,13.5,13.9,1300
TTP,20090102,13.9,13.9,13.6,13.8,3910
TTP,20081231,14.2,14.2,13.5,13.6,6340
TTP,20081230,13.7,14.1,13.7,14,9510
TTP,20081229,14,14,13.5,13.9,5170
TTP,20081226,13.4,14.2,13.4,14.2,2740
TTP,20081225,13.5,14,13.5,13.7,3810
TTP,20081224,13.9,13.9,13.7,13.9,3230
TTP,20081223,13.5,13.6,13.3,13.6,13110
TTP,20081222,14.3,14.3,14,14,16910
TTP,20081219,13.9,14.1,13.9,14,9900
TTP,20081218,13.6,14,13.6,14,8520
TTP,20081217,14.5,14.5,13.5,13.6,11810
TTP,20081216,14.2,14.3,13.7,13.8,35700
TTP,20081215,14.6,14.6,14.1,14.6,31670
TTP,20081212,13.8,14.1,13.8,14.1,66230
TTP,20081211,13,13.3,12.5,13.3,15590
TTP,20081210,12.8,13,12.7,13,15120
TTP,20081209,12.7,13.3,12.7,12.9,25110
TTP,20081208,13.2,13.2,12.7,12.8,19940
TTP,20081205,13.5,13.5,13.2,13.5,41420
TTP,20081204,14.3,14.3,13.8,14,37640
TTP,20081203,14.5,14.5,13.6,13.7,117700
TTP,20081202,14.5,14.5,14.5,14.5,50470
TTP,20081201,15.4,15.7,15,15.4,10730
TTP,20081128,15,15,14.8,15,62290
TTP,20081127,14.2,15,14.2,14.2,54070
TTP,20081126,15.1,15.5,15.1,15.1,42740
TTP,20081125,15,15.2,14.8,15,34400
TTP,20081124,15,15.2,14.8,15,47870
TTP,20081124,15,15.2,14.8,15,47870
TTP,20081121,15,15.2,14.7,15,64690
TTP,20081120,14.7,14.9,14.5,14.9,126310
TTP,20081119,15.2,16.2,15.2,15.2,53300
TTP,20081118,15.4,15.7,15.4,15.7,19070
TTP,20081117,15.5,15.7,15.3,15.5,27560
TTP,20081114,16,16.6,15.7,16,19220
TTP,20081113,16.1,16.1,15,16.1,40020
TTP,20081112,14.7,15.4,14.6,15.4,64320
TTP,20081111,15.4,15.6,15.4,15.4,203340
TTP,20081110,16.4,16.7,16.2,16.4,77380
TTP,20081107,16.7,17.7,16.7,16.7,113680
TTP,20081106,17.8,19.7,17.8,17.8,159950
TTP,20081105,18.8,18.8,18.8,18.8,70880
TTP,20081104,17.7,17.7,16.7,17.7,227400
TTP,20081103,16.7,16.9,15,16.7,83320
TTP,20081031,16,16,15.3,16,78980
TTP,20081030,15.1,15.1,14,15.1,111160
TTP,20081029,14.2,14.2,14,14.2,111050
TTP,20081028,13.4,13.6,13.2,13.4,117450
TTP,20081027,14.1,14.2,14.1,14.1,341270
TTP,20081024,15,15.2,14.7,15,104030
TTP,20081023,15.7,16.2,15.7,15.7,107900
TTP,20081022,16.7,16.7,16.3,16.7,136250
TTP,20081021,16.3,16.3,15.5,16.3,88380
TTP,20081020,15.4,16.1,15.4,15.4,21030
TTP,20081017,15.7,16.3,15.2,15.7,81000
TTP,20081016,15.6,16.3,15.5,15.6,118130
TTP,20081015,16.5,16.5,15.6,16.5,188330
TTP,20081014,15.6,15.6,15.6,15.6,2940
TTP,20081013,14.6,14.7,13.2,14.7,108650
TTP,20081010,13.8,14.5,13.8,13.8,236690
TTP,20081009,13.9,15.6,13.9,14.7,144540
TTP,20081008,14.7,15.2,14.7,14.7,204770
TTP,20081007,15.7,15.7,15.7,15.7,68040
TTP,20081006,17.2,18,16.7,16.7,108280
TTP,20081003,17.3,18.2,17.3,17.8,119500
TTP,20081002,18.3,18.7,17.4,17.9,161280
TTP,20081001,18.3,18.9,17.2,17.8,125990
TTP,20080930,18.3,18.3,18.3,18.3,3120
TTP,20080929,19.6,20.5,19.4,19.4,124340
TTP,20080926,20.9,21,20.2,20.6,151720
TTP,20080925,18.5,19.8,18.5,19.8,176400
TTP,20080924,19.8,20,18.7,18.7,144150
TTP,20080923,17.8,19.9,17.8,19.8,465470
TTP,20080922,18.8,18.8,18.8,18.8,3800
TTP,20080919,17.7,17.7,17.7,17.7,71030
TTP,20080918,16.7,16.7,16.7,16.7,23730
TTP,20080917,18,18.4,17.8,17.8,167650
TTP,20080916,19.6,19.6,18.4,18.4,385040
TTP,20080915,19.6,19.6,19,19.6,386720
TTP,20080912,18.1,19,18.1,18.5,222300
TTP,20080911,19.7,20.2,19.3,19.3,341100
TTP,20080910,22.6,22.6,20.4,20.5,475970
TTP,20080909,21.7,23.1,21.7,21.7,458280
TTP,20080908,23.1,23.1,23.1,23.1,18980
TTP,20080905,24.5,24.5,24.5,24.5,144820
TTP,20080904,24.2,26,24.2,26,448660
TTP,20080903,25.7,25.7,25.7,25.7,115930
TTP,20080829,24.3,24.3,24.3,24.3,135300
TTP,20080828,25.8,27.4,25.8,25.8,705760
TTP,20080827,27.4,27.4,27.4,27.4,38730
TTP,20080826,25.9,25.9,25.9,25.9,6610
TTP,20080825,24.5,24.5,24.5,24.5,31380
TTP,20080822,23.1,23.1,23.1,23.1,66780
TTP,20080821,21.8,21.8,21.8,21.8,64560
TTP,20080820,18.4,20.6,18.4,20.6,549820
TTP,20080819,19.4,19.4,18.3,19.4,446970
TTP,20080818,18.3,18.3,18.3,18.3,80390
TTP,20080815,17.2,17.2,17.2,17.2,2700
TTP,20080814,16.6,16.6,16.6,16.6,162670
TTP,20080813,16,16,15.4,16,346500
TTP,20080812,15.4,15.4,14.9,15.4,372170
TTP,20080811,14.9,14.9,14.9,14.9,48180
TTP,20080808,14.4,14.4,13.5,14.4,285030
TTP,20080807,13.9,13.4,13.4,13.4,353320
TTP,20080806,13.4,13.4,13.4,13.4,353320
TTP,20080805,13.4,13.4,12.4,12.9,779730
TTP,20080804,12.9,12.9,12.9,12.9,11300
TTP,20080801,12.4,12.4,12.4,12.4,23370
TTP,20080731,11.9,11.9,11.3,11.9,615680
TTP,20080730,11.5,11.5,11.5,11.5,424170
TTP,20080729,12,12.5,12,12,380020
TTP,20080728,12.5,12.5,12.5,12.5,20010
TTP,20080725,13,13,13,13,1750
TTP,20080724,13.5,13.5,13.5,13.5,9620
TTP,20080723,14,14,14,14,80
TTP,20080722,14.5,14.5,14.5,14.5,1960
TTP,20080721,15.1,15.1,15.1,15.1,8300
TTP,20080718,15.7,15.7,15.7,15.7,26870
TTP,20080717,17.5,17.5,16.3,16.3,416930
TTP,20080716,16.9,17.4,16.9,16.9,548080
TTP,20080715,17.5,17.5,16.3,17.5,927530
TTP,20080714,15.7,16.9,15.7,16.9,877200
TTP,20080711,16.3,16.3,16.3,16.3,33290
TTP,20080710,16.9,16.9,16.9,16.9,12640
TTP,20080709,17.5,17.5,17.5,17.5,6600
TTP,20080708,18.1,18.1,18.1,18.1,2840
TTP,20080707,20,20.2,18.8,18.8,67740
TTP,20080704,20.8,20.8,19.5,19.5,419360
TTP,20080703,18.7,20.1,18.7,20.1,297900
TTP,20080702,19,20.1,19,19.4,117390
TTP,20080701,18,19.4,18,19.4,115190
TTP,20080630,18.7,18.7,18.7,18.7,2000
TTP,20080627,19.4,19.4,19.4,19.4,950
TTP,20080626,20.1,20.1,20.1,20.1,250
TTP,20080625,21.5,21.5,20.8,20.8,780
TTP,20080624,21.5,21.5,21.5,21.5,10
TTP,20080623,22.3,22.3,22.3,22.3,10
TTP,20080620,23.1,23.1,23.1,23.1,10
TTP,20080619,23.9,23.9,23.9,23.9,300
TTP,20080618,24.7,24.7,24.7,24.7,10380
TTP,20080617,25.3,25.3,25.3,25.3,22940
TTP,20080616,25.9,25.9,25.9,25.9,8650
TTP,20080613,26.5,26.5,26.5,26.5,3500
TTP,20080612,27.1,27.1,27.1,27.1,5200
TTP,20080611,27.7,27.7,27.7,27.7,50
TTP,20080610,28.3,28.3,28.3,28.3,150
TTP,20080609,28.9,28.9,28.9,28.9,170
TTP,20080606,29.5,29.5,29.5,29.5,1000
TTP,20080605,30.2,30.2,30.2,30.2,420
TTP,20080604,30.9,30.9,30.9,30.9,10
TTP,20080602,31.6,31.6,31.6,31.6,10
TTP,20080530,32.3,32.3,32.3,32.3,360
TTP,20080526,33,33,33,33,100
TTP,20080522,34.4,34.4,34.4,34.4,100
TTP,20080521,35.2,35.2,35.2,35.2,200
TTP,20080520,36,36,36,36,150
TTP,20080519,36.8,36.8,36.8,36.8,330
TTP,20080516,37.6,37.6,37.6,37.6,10100
TTP,20080515,38.4,38.4,38.4,38.4,430
TTP,20080514,39.2,39.2,39.2,39.2,100
TTP,20080513,40.1,40.1,40.1,40.1,110
TTP,20080512,41,41,41,41,500
TTP,20080509,41.9,41.9,41.9,41.9,470
TTP,20080508,43.3,43.3,42.8,42.8,230
TTP,20080507,43.8,43.8,43.8,43.8,200
TTP,20080506,44.8,44.8,44.8,44.8,200
TTP,20080505,46.2,46.2,46.2,46.2,250
TTP,20080429,46.5,46.5,46.5,46.5,300
TTP,20080428,47,47,47,47,100
TTP,20080425,47.5,47.5,47,47,460
TTP,20080424,48,48,47,47.5,1200
TTP,20080423,48,48,48,48,2300
TTP,20080422,48.5,49,48.5,49,2400
TTP,20080421,48.5,48.5,48.5,48.5,1140
TTP,20080418,49,49,49,49,5070
TTP,20080417,47,48,47,48,4460
TTP,20080416,49.5,49.5,48,48,1410
TTP,20080411,49.5,49.5,48.5,49,16430
TTP,20080410,48.5,48.5,48.5,48.5,5580
TTP,20080409,47.5,47.5,47,47.5,650
TTP,20080408,46.5,46.5,46.5,46.5,1420
TTP,20080407,45.5,45.5,45.5,45.5,10
TTP,20080404,44.3,44.3,44.3,44.3,10
TTP,20080403,43.8,43.8,43.8,43.8,10
TTP,20080402,43.6,43.6,43.6,43.6,10
TTP,20080401,43.2,43.2,43.2,43.2,30
TTP,20080331,42.8,42.8,42.8,42.8,820
TTP,20080328,42.4,42.4,42.4,42.4,10
TTP,20080327,42,42,42,42,20
TTP,20080326,37.2,41.6,37.2,41.6,3130
TTP,20080325,39.4,41.8,39.4,39.4,2450
TTP,20080324,44.8,44.8,41.8,41.8,1600
TTP,20080321,42.8,45.5,42.8,42.8,620
TTP,20080320,44.8,45.5,44.8,45.5,1150
TTP,20080319,44.8,47,44.3,44.3,6730
TTP,20080318,47,47.5,47,47,6090
TTP,20080317,49.5,49.5,49.5,49.5,410
TTP,20080314,51.5,52,51.5,52,1100
TTP,20080313,54,54,54,54,1590
TTP,20080312,54,54,54,54,1140
TTP,20080311,59,60,54,54,6490
TTP,20080310,57,57,57,57,6350
TTP,20080307,54,54,54,54,1080
TTP,20080306,51.5,51.5,51.5,51.5,690
TTP,20080305,49,51,49,49,15110
TTP,20080304,51,51,51,51,1300
TTP,20080303,54,54,54,54,2450
TTP,20080229,54,57,54,57,3850
TTP,20080228,62,62,57,57,840
TTP,20080227,60,60,59,60,40860
TTP,20080226,62,62,61,61,2780
TTP,20080225,60.5,64,60.5,62,11500
TTP,20080222,64,64,64,64,1800
TTP,20080221,67.5,67.5,67.5,67.5,2420
TTP,20080220,74,74,71,71,5190
TTP,20080219,75,75,75,75,2050
TTP,20080218,77.5,77.5,77,77,3350
TTP,20080215,78,78.5,78,78.5,2410
TTP,20080214,78,79,78,78,1050
TTP,20080213,78,78,77,78,7010
TTP,20080212,80,80,80,80,4930
TTP,20080201,81,82,80,82,5610
TTP,20080131,80.5,80.5,78,78,12700
TTP,20080130,78,78,77,78,22130
TTP,20080129,77.5,78,74,74,10250
TTP,20080128,71.5,77,71.5,77,840
TTP,20080125,79,79,75,75,1330
TTP,20080124,77,77,75,75,4660
TTP,20080123,77.5,77.5,77,77,6860
TTP,20080122,81,81,81,81,2020
TTP,20080121,84,85,84,85,5270
TTP,20080118,89,89,88,88,15890
TTP,20080117,89.5,89.5,88,89,30070
TTP,20080116,85,89.5,85,89.5,15820
TTP,20080115,84.5,85,84.5,85,3870
TTP,20080114,90,90,89,89,96000
TTP,20080111,88,94,88,94,567450
TTP,20080110,91,92,91,92,11550
TTP,20080109,94,94,92,92,13180
TTP,20080108,95,95.5,92,92,8710
TTP,20080107,95,96.5,95,96.5,4560
TTP,20080104,97.5,97.5,95.5,97.5,18060
TTP,20080103,100,101,97.5,97.5,7140
TTP,20080102,100,100,99,99,3390
TTP,20071228,99,100,99,100,3480
TTP,20071227,99,100,99,100,3610
TTP,20071226,106,107,102,102,6000
TTP,20071225,100,107,100,107,540
TTP,20071224,104,104,104,104,23770
TTP,20071221,104,104,104,104,1920
TTP,20071220,105,109,105,109,11800
TTP,20071219,107,110,106,110,26600
TTP,20071218,101,106,101,106,20630
TTP,20071217,101,101,101,101,150
TTP,20071214,99,99,95.5,95.5,4020
TTP,20071213,104,104,101,101,7400
TTP,20071212,101,102,101,101,8480
TTP,20071211,101,102,101,101,13060
TTP,20071210,101,101,101,101,8320
TTP,20071207,96.5,101,95,101,4220
TTP,20071206,99,99,99,99,2010
TTP,20071205,97.5,101,97.5,101,330
TTP,20071204,101,101,100,101,830
TTP,20071203,103,104,103,104,420
TTP,20071130,104,104,104,104,12220
TTP,20071129,104,104,104,104,14790
TTP,20071128,102,104,102,104,15440
TTP,20071127,101,102,101,102,1920
TTP,20071126,101,106,101,106,32900
TTP,20071123,101,101,99,101,3200
TTP,20071122,101,101,101,101,5730
TTP,20071121,95.5,102,95.5,101,680
TTP,20071120,95.5,101,95.5,101,1290
TTP,20071119,99,99,95.5,95.5,6350
TTP,20071116,99,103,99,100,2470
TTP,20071115,104,104,104,104,1000
TTP,20071114,105,106,105,106,1150
TTP,20071113,104,104,104,104,3050
TTP,20071112,109,109,107,109,30000
TTP,20071109,107,107,105,105,1520
TTP,20071108,109,109,109,109,6000
TTP,20071107,104,109,104,109,4170
TTP,20071106,110,110,105,109,5600
TTP,20071105,110,110,109,110,34120
TTP,20071102,108,110,108,110,8350
TTP,20071101,111,111,108,111,31840
TTP,20071031,111,111,109,111,34810
TTP,20071030,106,111,106,111,69250
TTP,20071029,104,107,104,106,32730
TTP,20071026,100,104,100,104,72610
TTP,20071025,104,104,99,99,37040
TTP,20071024,95.5,104,95.5,104,103350
TTP,20071023,96.5,99,95.5,99,148210
TTP,20071022,92.5,94,92,94,17980
TTP,20071019,90,94,90,94,5280
TTP,20071018,95.5,95.5,94,94,7300
TTP,20071017,96.5,97.5,95,95.5,28080
TTP,20071016,95,95,94,95,23750
TTP,20071015,95.5,95.5,95,95,11580
TTP,20071012,97.5,97.5,96.5,96.5,4940
TTP,20071011,96.5,100,95.5,99,59010
TTP,20071010,96.5,96.5,95,95.5,13300
TTP,20071009,95.5,96.5,95,96.5,17050
TTP,20071008,94,95,92,95,23240
TTP,20071005,95,95,93,94,56250
TTP,20071004,90.5,90.5,89.5,90.5,74067
TTP,20071003,88,90.5,88,90.5,15156
TTP,20071002,90.5,92,89,92,87748
TTP,20071001,92,92,90.5,90.5,45076
TTP,20070928,89.5,90.5,89,90.5,71997
TTP,20070927,84.5,88,84.5,88,56889
TTP,20070926,90.5,90.5,87,89,54926
TTP,20070925,95.5,95.5,90.5,90.5,39401
TTP,20070924,90.5,92,89,92,127328
TTP,20070921,89,89,86.5,88,30990
TTP,20070920,89,89.5,86.5,89.5,120416
TTP,20070919,82,85.5,82,85.5,142687
TTP,20070918,80.5,81,80.5,81,56044
TTP,20070917,79.5,81,78.5,80.5,8458
TTP,20070914,81,81,80.5,81,13966
TTP,20070913,80.5,80.5,79.5,79.5,11718
TTP,20070912,79.5,82,79.5,80.5,25077
TTP,20070911,82,83,80.5,80.5,54165
TTP,20070910,79.5,81,79.5,81,3188
TTP,20070907,80.5,80.5,79.5,80.5,17321
TTP,20070906,79.5,80.5,78.5,78.5,5710
TTP,20070905,80.5,81,79.5,79.5,10064
TTP,20070904,82,82,81,81,20247
TTP,20070831,80.5,83,80.5,81,55259
TTP,20070830,78.5,79.5,78,78.5,12122
TTP,20070829,78,78.5,78,78.5,7268
TTP,20070828,79.5,79.5,78,79.5,35880
TTP,20070827,78,79.5,77,79.5,79195
TTP,20070824,76,76.5,74.5,76,16179
TTP,20070823,74.5,74.5,74.5,74.5,8125
TTP,20070822,76,76,75.5,75.5,3771
TTP,20070821,78,78,76,76,14454
TTP,20070820,75.5,78,73.5,78,39710
TTP,20070817,75.5,75.5,74.5,75.5,7090
TTP,20070816,74.5,75.5,74.5,75.5,15394
TTP,20070815,76,76.5,76,76,4746
TTP,20070814,75.5,78,75.5,78,9767
TTP,20070813,77,77,75.5,75.5,8268
TTP,20070810,78,78.5,78,78,16988
TTP,20070809,78,78.5,77,78.5,15084
TTP,20070808,80.5,80.5,78,78,20010
TTP,20070807,78.5,79.5,78,79.5,27064
TTP,20070806,81,81,78.5,78.5,63646
TTP,20070803,78.5,81,78,81,76459
TTP,20070802,81,83.5,77,81,200599
TTP,20070801,78.5,81,78,81,143365
TTP,20070731,72,77.5,70.5,77.5,70820
TTP,20070730,73.5,74,73.5,73.5,65585
TTP,20070727,78,78,78,78,6352
TTP,20070726,82,82,80.5,82,205025
TTP,20070725,75.5,80.5,75.5,80.5,510933
TTP,20070724,77,77,77,77,151002
TTP,20070723,73,73,73,73,19783
TTP,20070720,69.5,69.5,69.5,69.5,42768
TTP,20070719,66,66,66,66,21544
TTP,20070718,67,67,66,66,9493
TTP,20070717,67,67,67,67,6543
TTP,20070716,68,68,68,68,22294
TTP,20070713,68,68,68,68,20949
TTP,20070712,68.5,68.5,68,68,26267
TTP,20070711,67.5,68,67,68,23293
TTP,20070710,67,67,67,67,24435
TTP,20070709,67,67,66,66,20140
TTP,20070706,66.5,66.5,66.5,66.5,13740
TTP,20070705,65.5,66,65.5,66,27290
TTP,20070704,65,65.5,65,65.5,32192
TTP,20070703,65,65,65,65,43327
TTP,20070702,65,65,65,65,42435
TTP,20070629,65,65,65,65,15346
TTP,20070628,67.5,67.5,66.5,66.5,9160
TTP,20070627,66.5,67.5,66.5,67.5,27921
TTP,20070626,68,68,67.5,67.5,12967
TTP,20070625,67,67.5,67,67.5,39865
TTP,20070622,66.5,66.5,65.5,65.5,12146
TTP,20070621,66.5,66.5,66.5,66.5,7911
TTP,20070620,68,68,66.5,66.5,24328
TTP,20070619,66.5,67,66.5,66.5,10302
TTP,20070618,67.5,67.5,67.5,67.5,25827
TTP,20070615,66.5,67.5,66.5,67.5,16500
TTP,20070614,66.5,66.5,66.5,66.5,16964
TTP,20070613,66,66.5,66,66.5,6221
TTP,20070612,66,66.5,66,66,13585
TTP,20070611,67.5,67.5,66.5,66.5,7732
TTP,20070608,68,68,67.5,67.5,19629
TTP,20070607,68,68,67.5,67.5,12348
TTP,20070606,65.5,67.5,65.5,67.5,17583
TTP,20070605,66,67.5,65.5,65.5,15834
TTP,20070604,69,69,67.5,67.5,12657
TTP,20070601,70.5,70.5,69,69,17606
TTP,20070531,69,69,69,69,13597
TTP,20070530,70,70,69,69,18820
TTP,20070529,70.5,70.5,70.5,70.5,28551
TTP,20070528,73,73,70.5,70.5,43362
TTP,20070525,69,70,69,70,18023
TTP,20070524,72.5,72.5,70.5,70.5,7875
TTP,20070523,75,75,74,74,50132
TTP,20070522,70.5,71.5,70.5,71.5,51940
TTP,20070521,69,69,68,69,42768
TTP,20070518,69,69,69,69,37236
TTP,20070517,67.5,68,67.5,68,11658
TTP,20070516,67.5,69,67.5,67.5,5710
TTP,20070515,69,69,69,69,40793
TTP,20070514,69,69,68,69,46539
TTP,20070511,67,69,67,69,15346
TTP,20070510,69,69,67.5,67.5,22996
TTP,20070509,71.5,71.5,69,69,19320
TTP,20070508,68.5,70.5,68.5,70.5,38568
TTP,20070507,67.5,68,67.5,68,19581
TTP,20070504,65,65,65,65,15346
TTP,20070503,65.5,65.5,65.5,65.5,17821
TTP,20070502,67.5,68,67.5,68,14394
TTP,20070425,67,69,67,69,24197
TTP,20070424,68,68,68,68,30919
TTP,20070423,74,74,72,72,25113
TTP,20070420,77.5,77.5,75.5,75.5,20521
TTP,20070419,77.5,77.5,77.5,77.5,62718
TTP,20070418,77.5,77.5,75.5,77.5,45980
TTP,20070417,75,75,74,74,64360
TTP,20070416,75.5,78,75.5,78,34999
TTP,20070413,77.5,79,77.5,78,26624
TTP,20070412,83,83,80.5,80.5,26945
TTP,20070411,83,85,83,85,27718
TTP,20070410,83,83,83,83,42482
TTP,20070409,85.5,85.5,83,83,37283
TTP,20070406,82.5,84,82.5,83,22103
TTP,20070405,85,86.5,84,86.5,83763
TTP,20070404,84,85,84,85,26529
TTP,20070403,87.5,87.5,83,83,127804
TTP,20070402,85,85,83,83,51809
TTP,20070330,87.5,87.5,87.5,87.5,73925
TTP,20070329,83,83,83,83,8327
TTP,20070328,76.5,79,75,79,55771
TTP,20070327,76.5,76.5,76.5,76.5,160436
TTP,20070326,83,83,79,79,91187
TTP,20070323,81.5,85,81.5,83,64741
TTP,20070322,85,85,85,85,85952
TTP,20070321,89,90,89,89,51940
TTP,20070320,88,91.5,88,91.5,128803
TTP,20070319,94,94,88,88,231982
TTP,20070316,85,91.5,85,91.5,82692
TTP,20070315,87.5,87.5,87.5,87.5,84132
TTP,20070314,95.5,95.5,91.5,91.5,85905
TTP,20070314,95.5,95.5,91.5,91.5,85905
TTP,20070313,95.5,95.5,95.5,95.5,182183
TTP,20070312,92.5,92.5,92.5,92.5,237859
TTP,20070309,90.5,90.5,88,88,184301
TTP,20070308,91.5,91.5,90.5,90.5,128744
TTP,20070307,91.5,91.5,87.5,87.5,101299
TTP,20070306,95.5,95.5,91.5,91.5,83133
TTP,20070305,95.5,95.5,95.5,95.5,176176
TTP,20070302,92.5,92.5,92.5,92.5,76661
TTP,20070301,87.5,88,87.5,88,94387
