<Ticker>,<DTYYYYMMDD>,<Open>,<High>,<Low>,<Close>,<Volume>
TYA,20100729,8.2,8.5,8.2,8.3,22910
TYA,20100728,8.4,8.5,8.3,8.3,27930
TYA,20100727,8.3,8.5,8.3,8.4,18720
TYA,20100726,8.6,8.6,8.3,8.3,59750
TYA,20100723,8.9,9,8.6,8.7,38620
TYA,20100722,8.8,9,8.8,8.8,29860
TYA,20100721,9,9,8.8,9,47130
TYA,20100720,8.7,8.9,8.7,8.8,25170
TYA,20100719,8.9,9,8.8,8.8,32880
TYA,20100716,8.7,9.1,8.6,9,63200
TYA,20100715,8.9,8.9,8.7,8.8,54680
TYA,20100714,9.2,9.2,8.9,9,40510
TYA,20100713,9.6,9.6,9,9,116680
TYA,20100712,9.2,9.2,9.1,9.2,113890
TYA,20100709,9.5,9.5,8.8,8.8,240740
TYA,20100708,9.1,9.1,9.1,9.1,59530
TYA,20100707,8.4,8.7,8.3,8.7,167510
TYA,20100706,8.3,8.3,8.1,8.3,36050
TYA,20100705,8.4,8.5,8.3,8.3,14640
TYA,20100702,8.5,8.5,8.3,8.4,17560
TYA,20100701,8.3,8.4,8.3,8.3,9730
TYA,20100630,8.3,8.4,8.2,8.3,10200
TYA,20100629,8.6,8.6,8.4,8.5,27260
TYA,20100628,8.3,8.5,8.2,8.3,33900
TYA,20100625,8.2,8.3,8.2,8.3,9350
TYA,20100624,8.5,8.6,8.3,8.4,14120
TYA,20100623,8.2,8.6,8.2,8.5,11670
TYA,20100622,8.5,8.5,8.3,8.3,27720
TYA,20100621,8.3,8.6,8.2,8.5,57830
TYA,20100618,8.4,8.4,8.3,8.3,9360
TYA,20100617,8.6,8.6,8.4,8.4,5840
TYA,20100616,8.4,8.7,8.3,8.6,59990
TYA,20100615,8.2,8.4,8.2,8.3,8920
TYA,20100614,8.2,8.4,8.2,8.4,17260
TYA,20100611,8.4,8.5,8.2,8.2,22050
TYA,20100610,8.4,8.4,8.1,8.3,2000
TYA,20100609,8.3,8.5,8.2,8.3,29890
TYA,20100608,8.1,8.4,8.1,8.4,26050
TYA,20100607,8.1,8.4,8,8.2,14760
TYA,20100604,8.6,8.6,8.3,8.4,16880
TYA,20100603,8.4,8.4,8.3,8.3,24970
TYA,20100602,8.2,8.6,8.2,8.3,22140
TYA,20100601,8.4,8.6,8.4,8.4,17240
TYA,20100531,8.8,8.8,8.6,8.6,20800
TYA,20100528,9.1,9.1,8.8,9,31210
TYA,20100527,8.6,8.8,8.5,8.8,77490
TYA,20100526,8.3,8.4,8.2,8.4,32220
TYA,20100525,8,8.1,8,8,23730
TYA,20100524,7.8,8.1,7.8,8,12990
TYA,20100521,7.8,8,7.8,7.8,65410
TYA,20100520,8,8.5,7.9,8.2,27820
TYA,20100519,8.3,8.5,8.3,8.3,45380
TYA,20100518,8.4,8.7,8.3,8.7,20650
TYA,20100517,8.8,8.8,8.4,8.4,77300
TYA,20100514,8.9,9,8.7,8.8,80500
TYA,20100513,9.2,9.5,9,9.1,42960
TYA,20100512,9.3,9.3,9.2,9.2,54820
TYA,20100511,9.5,9.6,9.4,9.6,83530
TYA,20100510,9.8,9.8,9.3,9.3,97980
TYA,20100507,9.7,9.7,9.1,9.7,267680
TYA,20100506,9,9.3,9,9.3,123950
TYA,20100505,8.9,9,8.7,8.9,64800
TYA,20100504,8.7,9.1,8.7,9,111720
TYA,20100429,8.7,8.9,8.6,8.7,75210
TYA,20100428,8.8,8.8,8.6,8.7,40440
TYA,20100427,8.6,8.9,8.6,8.9,12810
TYA,20100426,8.7,9,8.6,8.6,90330
TYA,20100422,9.5,9.5,9,9,77600
TYA,20100421,9.4,9.4,9,9.4,162230
TYA,20100420,9.8,9.8,9,9,76080
TYA,20100419,9.4,9.4,9.1,9.4,138110
TYA,20100416,8.8,9,8.6,9,142440
TYA,20100415,8.3,8.6,8.2,8.6,112660
TYA,20100414,8,8.3,8,8.2,35630
TYA,20100413,8.2,8.2,8.1,8.1,44140
TYA,20100412,8.2,8.3,8.1,8.1,58550
TYA,20100409,8.3,8.3,8.1,8.1,32370
TYA,20100408,8.3,8.3,8.1,8.2,15990
TYA,20100407,8.2,8.3,8.1,8.3,20550
TYA,20100406,8.3,8.4,8.2,8.3,31670
TYA,20100405,8,8.3,8,8.3,34560
TYA,20100402,7.9,8.2,7.9,8.2,17560
TYA,20100401,8,8.2,8,8,5890
TYA,20100331,8,8.2,8,8,22700
TYA,20100330,7.9,8,7.9,7.9,7730
TYA,20100329,8,8.1,7.9,7.9,9910
TYA,20100326,8.1,8.1,7.9,8.1,17590
TYA,20100325,8,8.2,8,8.2,28340
TYA,20100324,8.4,8.4,7.9,7.9,30230
TYA,20100323,8.3,8.4,8.3,8.3,4050
TYA,20100322,8.3,8.4,8.2,8.4,11870
TYA,20100319,8.4,8.4,8.2,8.2,19330
TYA,20100318,8.3,8.4,8.3,8.3,11030
TYA,20100317,8.4,8.4,8.3,8.3,30720
TYA,20100316,8.7,8.8,8.3,8.3,42580
TYA,20100315,8.6,8.7,8.6,8.7,82950
TYA,20100312,8.5,8.5,8.3,8.4,52540
TYA,20100311,8.2,8.4,8.2,8.4,35580
TYA,20100310,8.6,8.6,8.3,8.3,13840
TYA,20100309,8.3,8.6,8.2,8.6,47280
TYA,20100308,8.4,8.4,8.3,8.4,39520
TYA,20100305,8.3,8.4,8.3,8.3,8230
TYA,20100304,8.2,8.4,8.1,8.3,26980
TYA,20100303,8,8.2,8,8.2,7490
TYA,20100302,8.3,8.3,7.9,8,72420
TYA,20100301,8.5,8.5,8.2,8.3,8000
TYA,20100226,8.1,8.1,7.8,8.1,9740
TYA,20100225,8.2,8.2,8,8.1,11870
TYA,20100224,8.3,8.4,8,8,4150
TYA,20100223,8.4,8.4,8.2,8.3,3180
TYA,20100222,8.4,8.5,8.3,8.4,7510
TYA,20100212,8.5,8.5,8.4,8.4,2650
TYA,20100211,8.2,8.6,8.2,8.5,2110
TYA,20100210,8.5,8.5,8.3,8.3,4790
TYA,20100209,8.2,8.3,8.2,8.3,7650
TYA,20100208,8.2,8.3,8.2,8.3,5310
TYA,20100205,8.5,8.5,8.2,8.2,21600
TYA,20100204,8.4,8.5,8.2,8.5,10260
TYA,20100203,8.3,8.4,8.3,8.4,4760
TYA,20100202,8.4,8.6,8.3,8.3,12570
TYA,20100201,8.5,8.5,8.3,8.4,5710
TYA,20100129,8.3,8.7,8.3,8.3,15530
TYA,20100128,8.6,8.6,8.5,8.6,11640
TYA,20100127,8.5,8.6,8.3,8.3,14070
TYA,20100126,8.5,8.7,8.5,8.5,28320
TYA,20100125,8.3,8.8,8.1,8.5,17820
TYA,20100122,8.3,8.7,8.3,8.4,16020
TYA,20100121,8.6,8.9,8.4,8.7,20140
TYA,20100120,9.1,9.1,8.8,8.8,2350
TYA,20100119,9,9.1,8.7,9,8100
TYA,20100118,9,9,8.7,8.7,17270
TYA,20100115,9.2,9.2,9.1,9.1,3540
TYA,20100114,9.1,9.6,9.1,9.2,13140
TYA,20100113,9.1,9.3,9.1,9.2,10860
TYA,20100112,9.3,9.4,9.2,9.2,14450
TYA,20100111,9.6,9.6,9.3,9.3,28280
TYA,20100108,9.8,9.8,9.4,9.4,21030
TYA,20100107,9.6,9.7,9.3,9.5,16720
TYA,20100106,9.8,10,9.5,9.5,15640
TYA,20100105,9.8,9.8,9.7,9.8,45210
TYA,20100104,9.4,9.4,9.3,9.4,38210
TYA,20091231,9.1,9.4,9,9,32340
TYA,20091230,9.2,9.2,9,9,10440
TYA,20091229,8.7,9.1,8.7,9.1,7950
TYA,20091228,9.2,9.3,8.8,8.9,29680
TYA,20091225,8.9,9.2,8.9,9.2,29390
TYA,20091224,8.6,8.8,8.5,8.8,19520
TYA,20091223,9,9,8.6,8.7,19830
TYA,20091222,8.9,9.2,8.9,8.9,19670
TYA,20091221,9,9.1,9,9.1,34660
TYA,20091218,8.7,8.7,8.6,8.7,10570
TYA,20091217,8.2,8.7,8.2,8.3,8530
TYA,20091216,8.7,8.9,8.6,8.6,12050
TYA,20091215,9,9,8.7,9,5120
TYA,20091214,8.4,9,8.4,9,14430
TYA,20091211,8.6,9.2,8.6,8.6,27840
TYA,20091210,9.2,9.4,9,9,43680
TYA,20091209,9.6,9.6,9.4,9.4,36540
TYA,20091208,9.9,9.9,9.5,9.8,24800
TYA,20091207,9.9,10.1,9.9,10,8430
TYA,20091204,10.3,10.3,9.6,10,24900
TYA,20091203,9.7,10,9.7,10,27930
TYA,20091202,10,10.2,9.7,9.7,48690
TYA,20091201,10.2,10.8,10.2,10.2,43430
TYA,20091130,10.3,10.5,10.1,10.3,80600
TYA,20091127,9.5,10.3,9.5,10.2,96630
TYA,20091126,10,10,9.9,9.9,55650
TYA,20091125,10.7,10.7,10.4,10.4,54620
TYA,20091124,11.3,11.3,10.9,10.9,59570
TYA,20091123,11.5,11.5,10.9,11.1,69290
TYA,20091120,11.6,11.9,11.4,11.4,53780
TYA,20091119,11.7,12,11.7,12,95050
TYA,20091118,12,12,11.8,12,204120
TYA,20091117,11,11.5,11,11.5,85880
TYA,20091116,10.9,11.2,10.9,11,21120
TYA,20091113,11.1,11.3,10.9,11,73300
TYA,20091112,11.1,11.4,11.1,11.4,10500
TYA,20091111,11,11.4,11,11.2,25520
TYA,20091110,11.2,11.4,11,11,56640
TYA,20091109,11.5,12,11.4,11.5,11610
TYA,20091106,12,12,11.6,12,81390
TYA,20091105,11.9,11.9,11.8,11.9,61390
TYA,20091104,12,12.1,11.4,11.4,84240
TYA,20091103,12,12.1,11.6,12,73610
TYA,20091102,11.6,11.9,11.4,11.6,118500
TYA,20091030,11.9,11.9,11.8,11.9,101160
TYA,20091029,11.4,11.5,11.4,11.4,140550
TYA,20091028,11.9,12.5,11.9,12,128700
TYA,20091027,12.5,12.5,12.5,12.5,12810
TYA,20091026,13.1,13.5,13.1,13.1,51510
TYA,20091023,14.1,14.1,13.6,13.7,561170
TYA,20091022,13.5,13.5,13.5,13.5,88740
TYA,20091021,12.7,12.9,12.5,12.9,194500
TYA,20091020,12,12.3,11.8,12.3,288430
TYA,20091019,11.6,11.8,11.6,11.8,121980
TYA,20091016,12.4,12.4,11.8,12.2,280550
TYA,20091015,11.9,11.9,11.9,11.9,83370
TYA,20091014,11.4,11.4,11.4,11.4,99330
TYA,20091013,10.9,10.9,10.9,10.9,101220
TYA,20091012,10.7,10.7,10.4,10.4,48160
TYA,20091009,10.5,10.6,10.4,10.5,44990
TYA,20091008,10.7,10.8,10.5,10.5,29990
TYA,20091007,10.7,10.7,10.5,10.6,13570
TYA,20091006,10.4,10.5,10.3,10.4,22450
TYA,20091005,10.5,10.6,10.2,10.2,44610
TYA,20091002,10.5,10.5,10.3,10.4,48930
TYA,20091001,10.7,11,10.6,10.7,23780
TYA,20090930,11,11.1,10.7,10.7,31550
TYA,20090929,10.4,11.1,10.4,11.1,75120
TYA,20090928,10.9,10.9,10.6,10.6,31960
TYA,20090925,10.8,11,10.8,10.9,36750
TYA,20090924,11,11.1,10.9,11,32500
TYA,20090923,11,11.5,11,11.2,74060
TYA,20090922,11,11.2,10.9,11,71630
TYA,20090921,11.2,11.3,11,11.2,56510
TYA,20090918,11.3,11.3,11,11.2,61670
TYA,20090917,11.5,11.6,11.1,11.3,51360
TYA,20090916,11.6,11.7,11.5,11.5,65470
TYA,20090915,12,12,11.5,11.6,57140
TYA,20090914,11.7,11.9,11.5,11.9,155720
TYA,20090911,11.5,11.7,11.4,11.4,33560
TYA,20090910,11.6,11.7,11.5,11.5,62140
TYA,20090909,12,12,11.6,11.7,44100
TYA,20090908,11.8,11.8,11.6,11.7,43260
TYA,20090907,11.7,11.7,11.4,11.6,59670
TYA,20090904,12.2,12.3,12,12,282020
TYA,20090903,11.3,11.8,11.3,11.8,100370
TYA,20090901,11.4,11.7,11.4,11.5,119350
TYA,20090831,12,12,11.7,12,178290
TYA,20090828,11.5,11.7,11.4,11.5,102570
TYA,20090827,11.8,11.8,11.2,11.6,153920
TYA,20090826,11.7,11.7,11.7,11.7,95780
TYA,20090825,10.7,11.2,10.6,11.2,128690
TYA,20090824,10.5,10.7,10.5,10.7,89510
TYA,20090821,10.6,10.6,10.4,10.5,97830
TYA,20090820,10.5,10.5,10.2,10.3,45430
TYA,20090819,10.5,10.5,10.2,10.4,31950
TYA,20090818,10.2,10.5,10.2,10.2,37490
TYA,20090817,10.3,10.5,10.3,10.5,37950
TYA,20090814,10.3,10.5,10.3,10.3,25610
TYA,20090813,10.3,10.5,10.3,10.5,52370
TYA,20090812,10.6,10.7,10.3,10.3,57480
TYA,20090811,10.7,10.7,10.6,10.6,44190
TYA,20090810,10.6,10.9,10.4,10.7,90520
TYA,20090807,10.2,10.4,10.1,10.4,33850
TYA,20090806,10.5,10.6,10.4,10.4,48220
TYA,20090805,10.2,10.2,10,10.1,50310
TYA,20090804,10.1,10.3,10.1,10.2,62860
TYA,20090803,10.4,10.6,10.2,10.2,25590
TYA,20090731,10.6,10.6,10.3,10.5,31610
TYA,20090730,10.4,10.4,10.2,10.3,25170
TYA,20090729,10.4,10.6,10.3,10.4,114370
TYA,20090728,11.3,11.4,10.8,10.8,54250
TYA,20090727,11.2,11.3,10.8,11.3,101590
TYA,20090724,10.8,10.8,10.8,10.8,37260
TYA,20090723,10.3,10.6,10.3,10.3,18500
TYA,20090722,10.3,10.4,10.2,10.2,16650
TYA,20090721,10.4,10.4,10.3,10.3,6670
TYA,20090720,10.2,10.3,10,10.1,27180
TYA,20090717,10.4,10.8,10.4,10.5,12240
TYA,20090716,11,11,10.6,10.7,20470
TYA,20090715,10.5,10.8,10.5,10.6,18030
TYA,20090714,11,11,10.4,10.5,33680
TYA,20090713,10.5,11,10.5,10.9,41310
TYA,20090710,10.7,10.8,10.5,10.5,32910
TYA,20090709,10.6,11,10.6,10.8,36060
TYA,20090708,10.6,11.1,10.6,10.8,20070
TYA,20090707,11.2,11.2,10.8,10.9,113450
TYA,20090706,10.7,10.7,10.7,10.7,19820
TYA,20090703,10.4,10.4,10.2,10.2,32150
TYA,20090702,10.5,10.5,10.2,10.3,20070
TYA,20090701,10.5,10.9,10.5,10.5,42220
TYA,20090630,11.3,11.3,10.8,11,50770
TYA,20090629,10.4,10.8,10.4,10.8,50040
TYA,20090626,11,11.1,10.3,10.3,41270
TYA,20090625,11,11.6,10.8,10.8,47870
TYA,20090624,10.3,11.3,10.3,11.3,124110
TYA,20090623,10.8,10.8,10.8,10.8,16880
TYA,20090622,11.3,11.4,11.3,11.3,64750
TYA,20090619,12.4,12.4,11.8,11.8,44730
TYA,20090618,12.4,12.5,11.8,12,97180
TYA,20090617,12,12,12,12,61580
TYA,20090616,12.6,12.6,12.6,12.6,107430
TYA,20090615,13.2,13.2,13.2,13.2,80550
TYA,20090612,14.2,14.2,13.5,13.8,303310
TYA,20090611,13.1,13.8,13.1,13.8,115700
TYA,20090610,13.8,13.8,13.2,13.2,216470
TYA,20090609,13.8,13.8,13.2,13.8,400790
TYA,20090608,13.2,13.2,13.2,13.2,32930
TYA,20090605,12.6,12.6,12.6,12.6,36170
TYA,20090604,12,12,12,12,17140
TYA,20090603,11.3,11.5,11,11.5,223510
TYA,20090602,11,11,11,11,189670
TYA,20090601,10,10.5,10,10.5,129350
TYA,20090529,10.3,10.3,9.7,10,52940
TYA,20090528,10,10.5,10,10,73610
TYA,20090527,10.6,10.8,10.5,10.5,112110
TYA,20090526,11.3,11.4,11,11,130530
TYA,20090525,10.8,11,10.5,11,164500
TYA,20090522,11.5,11.5,10.5,10.5,176500
TYA,20090521,11,11,11,11,44260
TYA,20090520,10.5,10.5,10.2,10.5,85320
TYA,20090519,9.9,10,9.8,10,162940
TYA,20090518,9.5,9.6,9.3,9.6,69390
TYA,20090515,9.4,9.5,9.2,9.5,125100
TYA,20090514,9.1,9.2,8.9,9.1,90110
TYA,20090513,9.1,9.1,8.8,9.1,74410
TYA,20090512,8.2,8.8,8.2,8.8,63460
TYA,20090511,8.4,8.5,8.4,8.4,58620
TYA,20090508,8.3,8.6,8.3,8.3,47340
TYA,20090507,8.9,8.9,8.7,8.7,66570
TYA,20090506,8.5,8.5,8.5,8.5,49260
TYA,20090505,9.2,9.2,8.9,8.9,57930
TYA,20090504,8.8,8.8,8.8,8.8,33210
TYA,20090429,8.3,8.4,8.3,8.4,11290
TYA,20090428,7.7,8.3,7.7,8.3,16390
TYA,20090427,8.3,8.8,8.1,8.1,9550
TYA,20090424,8.2,8.5,8.2,8.5,68850
TYA,20090423,8.7,9.3,8.6,8.6,34780
TYA,20090422,9,9,8.5,9,73000
TYA,20090421,8.9,8.9,8.9,8.9,31690
TYA,20090420,9.4,9.6,9.3,9.3,79060
TYA,20090417,9.7,9.7,9.3,9.7,168460
TYA,20090416,9.3,9.3,9.2,9.3,70540
TYA,20090415,8.9,9.2,8.8,8.9,124100
TYA,20090414,9.2,9.2,9,9.2,99710
TYA,20090413,8.8,8.8,8.8,8.8,7860
TYA,20090410,8.4,8.4,8.4,8.4,60680
TYA,20090409,7.9,8,7.8,8,56490
TYA,20090408,7.6,8.1,7.6,7.7,61220
TYA,20090407,7.9,7.9,7.6,7.9,45240
TYA,20090403,7.6,7.6,7.3,7.6,96230
TYA,20090402,7.2,7.3,7.1,7.3,70450
TYA,20090401,7,7,6.9,7,32370
TYA,20090331,6.7,6.8,6.7,6.7,20460
TYA,20090330,7,7,6.8,6.9,24950
TYA,20090327,7,7,6.9,7,50490
TYA,20090326,7.2,7.2,7,7,44840
TYA,20090325,6.9,7.2,6.9,7.1,51690
TYA,20090324,7.3,7.3,7.1,7.1,37170
TYA,20090323,7,7.3,7,7,51530
TYA,20090320,6.8,7.3,6.8,7.3,49400
TYA,20090319,7.4,7.4,7,7.1,115760
TYA,20090318,7.1,7.1,7.1,7.1,22550
TYA,20090317,6.8,6.8,6.8,6.8,52420
TYA,20090316,6.4,6.5,6.2,6.5,23080
TYA,20090313,6.5,6.6,6.2,6.2,32360
TYA,20090312,6.5,6.8,6.3,6.3,64080
TYA,20090311,6.6,6.6,6.6,6.6,31600
TYA,20090310,6.3,6.3,6.3,6.3,43590
TYA,20090309,5.9,6,5.9,6,41090
TYA,20090306,5.8,5.9,5.7,5.9,59480
TYA,20090305,6,6,5.9,5.9,46070
TYA,20090304,5.8,6,5.8,5.9,24030
TYA,20090303,5.9,6.1,5.8,5.8,21280
TYA,20090302,6,6.1,5.9,6.1,35130
TYA,20090227,5.5,5.9,5.5,5.9,62750
TYA,20090226,5.7,5.7,5.7,5.7,13890
TYA,20090225,6,6,6,6,12930
TYA,20090224,6.3,6.3,6.3,6.3,360
TYA,20090223,6.6,6.6,6.6,6.6,1140
TYA,20090220,6.9,6.9,6.9,6.9,2920
TYA,20090219,7.2,7.2,7.2,7.2,3270
TYA,20090218,7.5,7.5,7.5,7.5,60
TYA,20090217,7.8,7.8,7.8,7.8,50
TYA,20090216,8.2,8.2,8.2,8.2,20
TYA,20090213,8.6,8.6,8.6,8.6,2110
TYA,20090212,9,9,9,9,3300
TYA,20090211,9.4,9.4,9.4,9.4,880
TYA,20090210,10,10.3,9.8,9.8,10910
TYA,20090209,10.2,10.5,10.2,10.3,14350
TYA,20090206,10,10.2,10,10.2,31860
TYA,20090205,10,10.2,10,10,19800
TYA,20090204,10.3,10.5,10.1,10.3,15200
TYA,20090203,10.5,10.6,10.2,10.3,21930
TYA,20090202,10.5,10.8,10.4,10.7,12320
TYA,20090123,10.8,10.9,10.8,10.8,9690
TYA,20090122,10.7,11,10.7,11,5630
TYA,20090121,11,11,10.7,10.9,4340
TYA,20090120,10.9,10.9,10.6,10.6,12020
TYA,20090119,11,11,10.6,10.8,10750
TYA,20090116,11.3,11.3,10.8,11,4420
TYA,20090115,10.9,11,10.9,11,8700
TYA,20090114,10.6,11.4,10.6,11.2,26180
TYA,20090113,11.2,11.2,10.9,10.9,22890
TYA,20090112,11.6,11.7,11.2,11.3,22490
TYA,20090109,11.9,11.9,11.5,11.6,17710
TYA,20090108,12,12.2,11.6,11.9,38600
TYA,20090107,12,12,11.9,12,76070
TYA,20090106,11.5,11.5,11.1,11.5,23960
TYA,20090105,11,11,10.9,11,34780
TYA,20090102,10.5,10.9,10.5,10.5,35520
TYA,20081231,10.9,10.9,10.6,10.6,7400
TYA,20081230,10.8,10.9,10.5,10.8,19760
TYA,20081229,10.7,11,10.6,10.8,6580
TYA,20081226,10.7,11.1,10.6,11.1,14220
TYA,20081225,10.9,11.4,10.6,11,5900
TYA,20081224,10.5,10.9,10.5,10.9,12160
TYA,20081223,10.7,10.8,10.5,10.8,19800
TYA,20081222,10.9,11.3,10.9,11,13010
TYA,20081219,10.9,11,10.9,10.9,9620
TYA,20081218,10.8,10.9,10.7,10.9,16240
TYA,20081217,10.7,11,10.6,11,5600
TYA,20081216,11,11.1,10.9,10.9,25460
TYA,20081215,11.8,11.8,11.4,11.4,24830
TYA,20081212,11.1,11.4,11.1,11.4,39630
TYA,20081211,11.1,11.1,10.6,10.9,9140
TYA,20081210,11,11,10.7,10.9,12150
TYA,20081209,10.5,11.3,10.5,11,27650
TYA,20081208,11.8,11.8,11,11,37210
TYA,20081205,11.5,11.7,11.5,11.5,19390
TYA,20081204,12,12.1,11.6,12.1,23250
TYA,20081203,11.5,12,11.5,11.8,16900
TYA,20081202,11.5,11.9,11.4,11.5,16240
TYA,20081201,11.9,12.1,11.9,11.9,22670
TYA,20081128,11.9,11.9,11.4,11.9,34970
TYA,20081127,11.4,12,11.4,11.4,36020
TYA,20081126,11.9,12.7,11.9,11.9,51910
TYA,20081125,12.5,12.6,12.3,12.5,7000
TYA,20081124,12.5,12.9,12.5,12.5,36660
TYA,20081124,12.5,12.9,12.5,12.5,36660
TYA,20081121,12.8,12.8,12.3,12.8,27570
TYA,20081120,12.9,13,12.7,12.8,34600
TYA,20081119,13.3,13.6,13,13.3,17090
TYA,20081118,13.2,13.3,13.2,13.3,15580
TYA,20081117,13.5,13.7,13.4,13.5,31230
TYA,20081114,13.9,14.4,13.4,13.9,141700
TYA,20081113,13.8,14,13.3,13.8,26350
TYA,20081112,12.7,13.5,12.7,13.5,40110
TYA,20081111,13,13.5,13,13,82330
TYA,20081110,13.5,14,13.3,13.5,40720
TYA,20081107,14,14.7,14,14,65730
TYA,20081106,14.7,15.4,14.7,14.7,63850
TYA,20081105,15.4,15.4,15.4,15.4,46030
TYA,20081104,14.7,14.7,14,14.7,63350
TYA,20081103,14,14.7,14,14,81810
TYA,20081031,14.7,14.8,14.6,14.7,44940
TYA,20081030,14.4,14.4,13.8,14.4,47710
TYA,20081029,13.8,13.8,13.1,13.8,103270
TYA,20081028,13.2,13.8,13.2,13.2,135320
TYA,20081027,13.8,13.8,13.8,13.8,18970
TYA,20081024,14.5,15.2,14.5,14.5,43630
TYA,20081023,15.2,15.2,15.2,15.2,89740
TYA,20081022,16,16.2,15.5,16,61600
TYA,20081021,16.2,16.2,15.6,16.2,132640
TYA,20081020,15.5,16.3,15.5,15.5,18280
TYA,20081017,15.9,15.9,15.4,15.9,34500
TYA,20081016,15.5,16.1,15.4,15.5,76410
TYA,20081015,16.2,16.2,15.5,16.2,140580
TYA,20081014,15.5,15.5,15.5,15.5,1150
TYA,20081013,13.6,14.8,13.6,14.8,53880
TYA,20081010,14.2,14.4,14.2,14.2,95640
TYA,20081009,14.7,16,14.7,14.9,110460
TYA,20081008,15.3,15.5,15.3,15.3,144020
TYA,20081007,16.1,16.1,16.1,16.1,7000
TYA,20081006,17,17,16.9,16.9,79100
TYA,20081003,17.6,18,17.6,17.7,52840
TYA,20081002,18,18.1,17.4,18,105300
TYA,20081001,17.8,17.8,16.5,17.4,109200
TYA,20080930,17.1,17.1,17.1,17.1,8660
TYA,20080929,18.5,18.8,17.9,18,145410
TYA,20080926,19.2,19.2,17.8,18.8,152950
TYA,20080925,18,18.3,17.7,18.3,103770
TYA,20080924,18,18.2,17.5,17.5,266930
TYA,20080923,18.1,18.2,17.5,18.2,386510
TYA,20080922,17.4,17.4,17.4,17.4,5560
TYA,20080919,16.6,16.6,16.6,16.6,7860
TYA,20080918,14.5,15.9,14.5,15.9,438000
TYA,20080917,15.2,15.2,15.2,15.2,9380
TYA,20080916,16,16,16,16,48640
TYA,20080915,16.8,18.2,16.8,16.8,252710
TYA,20080912,17.6,17.6,17.6,17.6,2000
TYA,20080911,18.5,18.5,18.5,18.5,10360
TYA,20080910,19.4,19.4,19.4,19.4,26370
TYA,20080909,20.4,20.4,20.4,20.4,77530
TYA,20080908,21.4,21.4,21.4,21.4,117190
TYA,20080905,22.5,22.5,22,22.5,223440
TYA,20080904,21.5,21.5,21.5,21.5,83060
TYA,20080903,20.5,20.5,20.5,20.5,34740
TYA,20080829,19.6,19.6,19.6,19.6,343970
TYA,20080828,18.7,18.7,17.1,18.7,538800
TYA,20080827,17.9,17.9,17.9,17.9,9630
TYA,20080826,17.1,17.1,17.1,17.1,4500
TYA,20080825,16.3,16.3,16.3,16.3,18900
TYA,20080822,15.6,15.6,15.6,15.6,22440
TYA,20080821,14.9,14.9,14.9,14.9,17420
TYA,20080820,14.2,14.2,14.2,14.2,36730
TYA,20080819,13.6,13.6,13.6,13.6,17360
TYA,20080818,13,13,13,13,4980
TYA,20080815,12.4,12.4,12.4,12.4,15080
TYA,20080814,11.8,12.1,11.7,12.1,118770
TYA,20080813,11.5,11.8,11.5,11.8,100780
TYA,20080812,12,12,11.5,11.8,213230
TYA,20080811,11.7,11.7,11.6,11.7,71670
TYA,20080808,11.7,11.7,11.4,11.4,117860
TYA,20080807,11.7,11.7,11.7,11.7,64110
TYA,20080806,11.4,11.4,11.4,11.4,21440
TYA,20080805,11.1,11.1,10.8,11.1,143140
TYA,20080804,10.8,10.8,10.6,10.8,114180
TYA,20080801,10.5,11,10.5,10.5,185350
TYA,20080731,10.8,10.8,10.8,10.8,18750
TYA,20080730,11.2,11.2,11.1,11.1,87630
TYA,20080729,11.4,11.7,11.4,11.4,215250
TYA,20080728,11.7,11.7,11.7,11.7,26680
TYA,20080725,12,12,12,12,14260
TYA,20080724,12.3,12.3,12.3,12.3,17980
TYA,20080723,12.6,12.6,12.6,12.6,6820
TYA,20080722,12.9,12.9,12.9,12.9,4700
TYA,20080721,13.2,13.2,13.2,13.2,23120
TYA,20080718,13.6,13.6,13.6,13.6,66420
TYA,20080717,14.5,14.7,14,14,203830
TYA,20080716,14.4,14.8,14.4,14.4,287840
TYA,20080715,14.8,14.8,14.1,14.8,332700
TYA,20080714,14.4,14.4,14,14.4,254560
TYA,20080711,14,14,13.2,14,133020
TYA,20080710,13.6,14,13.3,13.6,86280
TYA,20080709,14,14,13.6,13.6,37180
TYA,20080708,13.9,13.9,13.9,13.9,3220
TYA,20080707,14.3,14.7,14.3,14.3,50670
TYA,20080704,14.7,14.7,14.6,14.7,108480
TYA,20080703,14.2,14.3,13.9,14.3,36990
TYA,20080702,13.9,13.9,13.3,13.9,24700
TYA,20080701,12.8,13.5,12.8,13.5,38430
TYA,20080630,13,13.5,13,13.1,5720
TYA,20080627,13,13.4,13,13.4,6100
TYA,20080626,13.7,13.7,13.2,13.3,15400
TYA,20080625,13.3,13.3,13.1,13.3,14630
TYA,20080624,13,13,12.7,13,10500
TYA,20080623,12.3,12.8,12.3,12.7,5330
TYA,20080620,12.5,12.5,12.5,12.5,3000
TYA,20080619,12.9,12.9,12.9,12.9,11550
TYA,20080618,13.6,13.6,13.2,13.2,18590
TYA,20080617,13.4,13.4,13.4,13.4,10
TYA,20080616,13.2,13.2,13.2,13.2,120
TYA,20080613,13,13,13,13,1400
TYA,20080612,12.9,12.9,12.9,12.9,2810
TYA,20080611,12.3,12.7,12.3,12.7,23770
TYA,20080610,12.5,12.5,12.5,12.5,20
TYA,20080609,12.7,12.7,12.7,12.7,500
TYA,20080606,12.9,12.9,12.9,12.9,40
TYA,20080605,13,13,13,13,70
TYA,20080604,13.2,13.2,13.2,13.2,4100
TYA,20080603,13.4,13.4,13.4,13.4,20
TYA,20080602,13.6,13.6,13.6,13.6,1310
TYA,20080530,13.8,13.8,13.8,13.8,5540
TYA,20080526,14,14,14,14,1710
TYA,20080522,14.5,14.5,14.5,14.5,1510
TYA,20080521,14.8,14.8,14.8,14.8,2030
TYA,20080520,15.6,15.6,15,15,18090
TYA,20080519,15.3,15.3,15,15.3,11140
TYA,20080516,15,15,15,15,5430
TYA,20080515,15.3,15.3,15.3,15.3,4800
TYA,20080514,15.9,15.9,15.6,15.6,2060
TYA,20080513,15.9,15.9,15.9,15.9,100
TYA,20080512,16.2,16.2,16.2,16.2,190
TYA,20080509,16.5,16.5,16.5,16.5,4040
TYA,20080508,16.8,16.8,16.8,16.8,22880
TYA,20080507,17,17,17,17,21550
TYA,20080506,16.8,16.8,16.8,16.8,3810
TYA,20080505,16.5,16.5,16.5,16.5,33700
TYA,20080429,16.2,16.2,16,16.2,10890
TYA,20080428,16.4,16.4,16.2,16.2,10310
TYA,20080425,16.1,16.1,16.1,16.1,8740
TYA,20080424,15.8,15.8,15.8,15.8,18850
TYA,20080423,16.1,16.1,16.1,16.1,7250
TYA,20080422,16.4,16.5,16.4,16.4,3980
TYA,20080421,17.2,17.2,16.7,16.7,10560
TYA,20080418,17,17,17,17,3850
TYA,20080417,16.2,16.7,16.2,16.7,15360
TYA,20080416,16.4,16.4,16.4,16.4,5700
TYA,20080411,16.5,16.8,16.5,16.7,16220
TYA,20080410,17.3,17.3,16.8,16.8,22420
TYA,20080409,17,17,16.5,17,21880
TYA,20080408,16.5,16.8,16.5,16.8,21860
TYA,20080407,16.5,16.5,16.5,16.5,600
TYA,20080404,16.2,16.2,16.2,16.2,260
TYA,20080403,16.1,16.1,16.1,16.1,1000
TYA,20080402,16,16,16,16,500
TYA,20080401,15.9,15.9,15.9,15.9,20
TYA,20080331,15.8,15.8,15.8,15.8,680
TYA,20080328,15.7,15.7,15.7,15.7,1060
TYA,20080327,15.6,15.6,15.6,15.6,10790
TYA,20080326,15,15.5,14.5,15.5,20140
TYA,20080325,15.1,15.1,15.1,15.1,10470
TYA,20080324,16.2,17,15.9,15.9,8810
TYA,20080321,17.1,17.6,16.6,16.7,28310
TYA,20080320,17.1,17.1,16.5,17.1,5790
TYA,20080319,16.7,17.6,16.7,16.8,18830
TYA,20080318,17.6,17.6,17.2,17.3,22750
TYA,20080317,18.5,19,18.1,18.1,21670
TYA,20080314,19.5,19.5,19,19,29390
TYA,20080313,20,20,19,19.5,15660
TYA,20080312,18.8,19.6,18.8,19.4,30840
TYA,20080311,19,19,18.4,18.8,11260
TYA,20080310,21.2,21.2,19.3,19.3,64090
TYA,20080307,20.3,20.3,20.3,20.3,44920
TYA,20080306,19.3,19.3,19.3,19.3,8160
TYA,20080305,18.5,18.5,18.5,18.5,19510
TYA,20080304,19.4,19.4,19.4,19.4,6020
TYA,20080303,20.5,20.5,20.4,20.4,11170
TYA,20080229,21.9,21.9,21.1,21.4,14530
TYA,20080228,22.9,22.9,22.1,22.1,7400
TYA,20080227,23.8,23.8,22.9,22.9,6330
TYA,20080226,24.8,24.8,22.9,22.9,14090
TYA,20080225,23,24.1,23,23.9,10300
TYA,20080222,23,23,23,23,16290
TYA,20080221,24.1,24.1,24.1,24.1,5470
TYA,20080220,25.6,25.7,25.3,25.3,5340
TYA,20080219,27,27,26.7,26.7,5900
TYA,20080218,27,27.1,27,27,9140
TYA,20080215,28.7,28.7,28.3,28.3,9560
TYA,20080214,28.4,29,28.4,28.7,3530
TYA,20080213,28.4,28.6,28.4,28.4,7310
TYA,20080212,30.4,30.4,29,29.5,18110
TYA,20080201,27.6,29,27.6,29,17740
TYA,20080131,28.6,28.6,27.6,27.6,13690
TYA,20080130,28.5,28.5,28.5,28.5,4270
TYA,20080129,26.6,27.1,26.2,27.1,11690
TYA,20080128,26.4,26.5,25.2,26.1,4480
TYA,20080125,25.6,25.6,25,25.2,7880
TYA,20080124,24.7,25,24.7,25,10760
TYA,20080123,26.2,26.2,25,25,5840
TYA,20080122,26,26.2,26,26.2,7600
TYA,20080121,26.9,27.1,26.7,27.1,7420
TYA,20080118,26.6,27,26.6,27,1620
TYA,20080117,26.6,27.1,26.6,26.6,32050
TYA,20080116,26.3,27.5,26.3,27.5,6200
TYA,20080115,25.9,27.1,25.9,26.3,11700
TYA,20080114,27.4,27.5,27.2,27.2,10340
TYA,20080111,28.2,29,28.2,28.7,26600
TYA,20080110,28.7,29,28.7,28.7,75220
TYA,20080109,30.5,30.5,30.1,30.1,38400
TYA,20080108,29.7,31,29.7,31,8480
TYA,20080107,31,31,30.6,30.9,58460
TYA,20080104,31.4,31.4,31,31.2,12270
TYA,20080103,31.4,31.5,31.4,31.5,3240
TYA,20080102,31.4,31.9,31.4,31.5,4270
TYA,20071228,31.4,31.5,31.4,31.4,6740
TYA,20071227,31.4,31.9,31.4,31.4,6810
TYA,20071226,31.9,32.4,31.4,31.4,12670
TYA,20071225,31.6,32.3,31.6,31.6,7420
TYA,20071224,32.4,32.4,31.5,32.3,11560
TYA,20071221,30.8,31.4,30.8,31.4,6560
TYA,20071220,32.8,32.8,31.4,31.4,7960
TYA,20071219,30.5,32,30.5,31.9,4680
TYA,20071218,30.3,30.6,30.3,30.6,10970
TYA,20071217,31.4,31.4,31.4,31.4,3070
TYA,20071214,30.5,31.4,30.5,31.4,5410
TYA,20071213,31.4,31.6,30.5,30.5,11500
TYA,20071212,31.4,32.3,31.4,31.6,16280
TYA,20071211,31.5,31.8,31.4,31.4,19950
TYA,20071210,32.2,32.9,31.9,32.2,7450
TYA,20071207,32.5,32.9,32.4,32.9,10720
TYA,20071206,33.1,33.1,32.7,32.7,11500
TYA,20071205,33.3,33.3,33,33.1,5590
TYA,20071204,32.9,33.3,32.9,33.1,13720
TYA,20071203,32.5,33.3,32.4,33.3,10380
TYA,20071130,32.4,33.3,32.4,33.3,16870
TYA,20071129,33.8,33.8,33.3,33.3,4030
TYA,20071128,33.3,33.3,32.9,32.9,11120
TYA,20071127,33.2,33.2,32.9,33,15090
TYA,20071126,31.9,32.4,31.9,32.4,22900
TYA,20071123,32.4,32.4,32.3,32.3,10550
TYA,20071122,32.4,32.5,32.4,32.4,9800
TYA,20071121,31.4,32.4,31.1,32.4,23950
TYA,20071120,32.4,32.6,31.9,31.9,16210
TYA,20071119,32.4,32.9,32.4,32.4,12580
TYA,20071116,32.9,33,32.4,33,8230
TYA,20071115,33.2,33.2,32.8,32.9,24240
TYA,20071114,32.8,32.8,32.8,32.8,23460
TYA,20071113,32.4,32.4,31.2,31.2,25430
TYA,20071112,34,34,32.9,32.9,13850
TYA,20071109,33.9,34.3,33.5,34,35470
TYA,20071108,35.2,35.2,34.4,34.4,33910
TYA,20071107,36.2,36.2,35.8,35.9,17120
TYA,20071106,36.7,36.7,36.2,36.2,14400
TYA,20071105,37.6,37.6,36.7,37.1,46260
TYA,20071102,35.8,36.7,35.8,36.7,39080
TYA,20071101,37.1,37.1,36.7,37,42280
TYA,20071031,37.1,37.6,36.6,36.8,32790
TYA,20071030,37.1,37.1,36.5,36.7,47850
TYA,20071029,38.1,38.1,37.1,37.1,33350
TYA,20071026,38.1,38.1,37.6,37.6,37310
TYA,20071025,38.1,38.1,37.6,37.6,22270
TYA,20071024,36.8,37.1,36.8,37.1,40120
TYA,20071023,37.1,37.1,36.8,36.8,54010
TYA,20071022,39,39,38.2,38.2,41270
TYA,20071019,39,39,38.6,39,17670
TYA,20071018,39,39.5,39,39,33820
TYA,20071017,38.1,39,38.1,39,51050
TYA,20071016,39,40,39,39,28130
TYA,20071015,40.8,40.9,40,40,28340
TYA,20071012,40,40.5,39.5,40,22810
TYA,20071011,39.2,41,39,41,81310
TYA,20071010,41,41,40,41,55200
TYA,20071009,39.7,39.8,39,39.5,88000
TYA,20071008,36.2,38,36.2,38,44370
TYA,20071005,37.1,37.1,36.2,36.2,24710
TYA,20071004,38.1,38.1,37.1,37.1,48470
TYA,20071003,38.1,39,37.6,38.1,40620
TYA,20071002,38,38.1,37,38.1,96720
TYA,20071001,36.2,37,36.2,37,57880
TYA,20070928,35.2,35.6,34.9,35.2,32290
TYA,20070927,35.7,35.7,35.2,35.2,37670
TYA,20070926,36.2,36.2,35.2,35.2,38730
TYA,20070925,34.3,35.5,34.3,35.2,54750
TYA,20070924,34.5,34.5,34.1,34.2,35080
TYA,20070921,34.6,34.8,34.3,34.5,21300
TYA,20070920,34.8,34.8,34.3,34.6,26520
TYA,20070919,34.8,34.9,34.6,34.7,15040
TYA,20070918,33.8,34.8,33.8,34.5,17280
TYA,20070917,33.6,34.3,33.6,33.8,22210
TYA,20070914,33.8,34.7,33.8,34.7,15410
TYA,20070913,35,35,34.3,34.8,6000
TYA,20070912,34.7,35.2,34.6,35,27200
TYA,20070911,36.2,36.7,35.7,36.2,81600
TYA,20070910,34.3,35,34.3,35,56580
TYA,20070907,33.8,33.8,33.3,33.3,7850
TYA,20070906,33.3,33.3,33.1,33.3,24690
TYA,20070905,33.3,33.3,33,33,22340
TYA,20070904,33.3,33.4,31.7,33.3,45200
TYA,20070831,33.2,33.3,32.8,33.3,9720
TYA,20070830,32.6,34.6,32.6,32.6,15250
TYA,20070829,32.9,33.3,32.9,33,4780
TYA,20070828,34.3,34.3,33.5,33.5,10380
TYA,20070827,34.6,34.8,33.3,34.5,19900
TYA,20070824,34.3,36,34.3,34.3,55310
TYA,20070823,35,35,35,35,31770
TYA,20070822,32.9,33.4,32.4,33.4,23780
TYA,20070821,32.1,32.4,31.9,31.9,12130
TYA,20070820,31.9,32.4,31.9,32.4,17580
TYA,20070817,31.9,33.3,31.9,33.3,8610
TYA,20070816,33,33.3,32.9,32.9,12530
TYA,20070815,32.9,33.8,32.9,33.8,9620
TYA,20070814,33.3,33.3,33,33.3,12770
TYA,20070813,32.9,34.3,32.9,33.3,14450
TYA,20070810,34.3,34.3,34,34.3,7820
TYA,20070809,34,34.3,33.8,34.3,7490
TYA,20070808,34.3,34.3,33.3,34,7830
TYA,20070807,34.3,34.3,33.8,34.3,8980
TYA,20070806,33.3,34.3,33.3,34.2,10720
TYA,20070803,35.2,35.2,34.9,34.9,5730
TYA,20070802,35.7,35.7,34.9,34.9,5640
TYA,20070801,33.5,35.7,33.5,35.7,8860
TYA,20070731,34.6,34.7,34.1,34.1,6290
TYA,20070730,35,35.2,35,35,2950
TYA,20070727,35,35.2,35,35.2,19070
TYA,20070726,35.3,36.2,35.3,35.9,9190
TYA,20070725,36.2,36.7,36.2,36.2,5190
TYA,20070724,37.1,37.1,36.6,36.6,5730
TYA,20070723,39.2,39.2,37.6,37.6,33020
TYA,20070720,36,37.4,36,37.4,29730
TYA,20070719,35.3,36.1,35.3,35.7,17250
TYA,20070718,35.2,35.2,35.2,35.2,11390
TYA,20070717,35.2,35.2,35.2,35.2,6620
TYA,20070716,35.7,35.7,35.2,35.2,8950
TYA,20070713,36.2,36.2,35.7,35.7,9100
TYA,20070712,36.2,36.2,35.7,35.7,6600
TYA,20070711,35.4,35.4,35.2,35.2,10830
TYA,20070710,35.2,35.2,35.2,35.2,12890
TYA,20070709,35.2,35.2,35,35,1830
TYA,20070706,35.6,35.6,35.2,35.2,5300
TYA,20070705,36.2,36.2,35,35.6,5700
TYA,20070704,33.3,35,33.3,35,3250
TYA,20070703,33.3,33.3,33.3,33.3,7180
TYA,20070702,35.2,35.2,35,35,15220
TYA,20070629,36.5,36.7,36.5,36.7,7050
TYA,20070628,38.1,38.1,37.6,37.6,13150
TYA,20070627,38.1,38.1,37.6,37.8,12040
TYA,20070626,36.2,37.6,36.2,37.6,17020
TYA,20070625,35.7,36.2,35.7,36.2,10200
TYA,20070622,35.8,36.2,35.8,36.2,17480
TYA,20070621,38.1,38.1,37.6,37.6,14800
TYA,20070620,38.1,38.1,38,38,11560
TYA,20070619,38.1,38.1,38.1,38.1,22240
TYA,20070618,38.2,38.2,38.1,38.1,17050
TYA,20070615,38.3,38.3,38.1,38.2,16040
TYA,20070614,38.1,38.3,38.1,38.3,25930
TYA,20070613,38.1,38.1,38.1,38.1,23880
TYA,20070612,38.6,38.6,38.1,38.1,37430
TYA,20070611,37,37,36.8,36.8,22870
TYA,20070608,37.2,37.2,37.2,37.2,20220
TYA,20070607,37.2,37.2,37.2,37.2,18710
TYA,20070606,36.5,37.2,36.5,37.2,13060
TYA,20070605,38.1,38.1,36.8,36.8,18150
TYA,20070604,37.6,39,37.6,38.1,17370
TYA,20070601,39.4,39.4,39.4,39.4,23630
TYA,20070531,39.4,39.8,39.4,39.8,32060
TYA,20070530,37.8,39,37.8,39,7320
TYA,20070529,39.8,39.8,39,39.4,11890
TYA,20070528,40.9,40.9,39.8,39.8,26880
TYA,20070525,39,39,39,39,15260
TYA,20070524,40.5,40.5,39,39,27800
TYA,20070523,39.8,40.7,39.8,40.5,48520
TYA,20070522,39.8,40.7,39.8,40.7,34770
TYA,20070521,38.6,39.4,38.6,39.4,35930
TYA,20070518,38.2,38.2,38.1,38.1,29500
TYA,20070517,36.8,37.1,36.8,37.1,16130
TYA,20070516,36.3,36.8,36.3,36.8,16110
TYA,20070515,36.8,36.8,36.8,36.8,50190
TYA,20070514,38.5,38.5,36.8,36.8,20070
TYA,20070511,35.5,36.8,35.5,36.8,17590
TYA,20070510,36.4,36.4,36.4,36.4,9970
TYA,20070509,38.1,38.1,36.7,36.7,19630
TYA,20070508,38.6,38.6,38.6,38.6,33720
TYA,20070507,35,36.8,35,36.8,20210
TYA,20070504,35.5,35.5,35,35,18320
TYA,20070503,36.4,36.4,36.4,36.4,9570
TYA,20070502,35.5,37.2,35.5,37.2,31180
TYA,20070425,35.4,35.5,35.4,35.5,73360
TYA,20070424,37.2,37.2,37.2,37.2,10930
TYA,20070423,39.1,39.1,39.1,39.1,20190
TYA,20070420,41.5,41.5,41.1,41.1,10220
TYA,20070419,43.7,43.7,43.3,43.3,45570
TYA,20070418,39.8,41.8,39.8,41.8,29440
TYA,20070417,39.8,39.8,39.8,39.8,40980
TYA,20070416,41.4,41.4,41.1,41.1,16960
TYA,20070413,43.7,43.7,43.3,43.3,20860
TYA,20070412,45.4,45.9,45,45,12130
TYA,20070411,45.9,46.8,45.9,46.8,23220
TYA,20070410,45.9,46.8,45.9,46.3,11430
TYA,20070409,45.4,45.9,45.4,45.9,18840
TYA,20070406,47.6,47.6,46.8,47.6,5100
TYA,20070405,48.6,48.6,48.6,48.6,17050
TYA,20070404,47.1,48.6,47.1,48.6,29240
TYA,20070403,49.5,49.5,49.5,49.5,11700
TYA,20070402,51.5,51.5,51.5,51.5,108530
TYA,20070330,49.5,49.5,49.5,49.5,33290
TYA,20070329,47.1,47.1,47.1,47.1,39180
TYA,20070328,44.6,45,44.6,45,48150
TYA,20070327,46.8,46.8,46.8,46.8,13770
TYA,20070326,49.5,49.5,49,49,28220
TYA,20070323,50,51,50,50.5,34290
TYA,20070322,53,53,52,52,32260
TYA,20070321,54.5,54.5,53.5,54,37040
TYA,20070320,55,55,53.5,53.5,63220
TYA,20070319,55,55,55,55,65560
TYA,20070316,54,55,54,55,25190
TYA,20070315,54,54,54,54,106790
TYA,20070314,57,57,56,56,53680
TYA,20070314,57,57,56,56,53680
TYA,20070313,59,59,59,59,236040
TYA,20070312,58,58,57,57,89460
TYA,20070309,55,55,55,55,107030
TYA,20070308,54,54,53.5,53.5,96760
TYA,20070307,54,55,54,54,70840
TYA,20070306,55,55,55,55,88440
TYA,20070305,53,53,53,53,180470
TYA,20070302,55,55,54.5,55,52700
TYA,20070301,52.5,55,52.5,54,44130
