<Ticker>,<DTYYYYMMDD>,<Open>,<High>,<Low>,<Close>,<Volume>
VC7,20100729,33,35.3,33,35.3,206200
VC7,20100728,33.5,34.1,32.5,33,106900
VC7,20100727,36,36,33,33.2,194900
VC7,20100726,36.5,36.5,34.6,35.4,84100
VC7,20100723,36,36.9,35.5,36,96200
VC7,20100722,37.4,37.4,35.1,35.9,168000
VC7,20100721,38,39,36,37.4,382100
VC7,20100720,39.6,39.6,36.7,37.8,263600
VC7,20100719,39.2,41,38.7,39.3,325500
VC7,20100716,40,40.2,37.3,39.1,367700
VC7,20100715,35,38.3,34.9,37.6,453000
VC7,20100714,38,38,34,35.8,247300
VC7,20100713,35.7,35.7,34.9,35.7,165500
VC7,20100712,31.8,33.5,31.4,33.4,356000
VC7,20100709,30,32.2,29.6,31.4,163300
VC7,20100708,32.5,32.7,31,31.5,180900
VC7,20100707,29.8,30.6,29.8,30.6,185100
VC7,20100706,28.4,29.5,28.3,28.6,119300
VC7,20100705,28.5,29,28.5,28.7,27300
VC7,20100702,28.5,29,28.2,28.7,40500
VC7,20100701,28,28.9,28,28.3,41500
VC7,20100630,28.6,28.8,28.1,28.4,66800
VC7,20100629,30.1,30.1,29.2,29.4,12900
VC7,20100628,29.6,29.7,29.3,29.5,13000
VC7,20100625,30,30,29.4,29.6,26800
VC7,20100624,31,31,30.2,30.7,24700
VC7,20100623,30,30.7,30,30.4,27700
VC7,20100622,30.3,30.3,29.5,29.9,20100
VC7,20100621,29.5,31,29.5,30.3,40500
VC7,20100618,29.4,29.9,29,29.4,26300
VC7,20100617,29.5,30.5,29.5,30,29100
VC7,20100616,31,31.5,30.4,30.8,30500
VC7,20100615,30,30.4,29.5,30,31400
VC7,20100614,30,30.7,30,30.4,34100
VC7,20100611,29.6,31,29,29.7,13900
VC7,20100610,31.5,31.6,29.8,30.3,23900
VC7,20100609,29,30,28.8,29.6,22800
VC7,20100608,28.3,29.4,28.3,28.4,13100
VC7,20100607,29.6,29.6,28.3,28.3,60200
VC7,20100604,31,31,30,30.4,39400
VC7,20100603,31,31.7,30.1,30.7,39000
VC7,20100602,30,30.5,30,30.2,28100
VC7,20100601,30,30.9,29.8,30.1,35300
VC7,20100531,32.5,32.5,30.5,30.8,21000
VC7,20100528,29.5,32.2,29.5,32.1,65600
VC7,20100527,30.5,31,29.1,30.1,48300
VC7,20100526,29,31,29,30.1,34900
VC7,20100525,29.9,29.9,29,29.5,16000
VC7,20100524,27.5,30,27.5,29.4,38300
VC7,20100521,28,28.6,28,28.1,62200
VC7,20100520,29,32,28.6,30.1,74700
VC7,20100519,31,31,30.6,30.7,49500
VC7,20100518,33.5,33.5,32.2,32.8,38300
VC7,20100517,34,35.4,33.2,34.5,54300
VC7,20100514,33,34.5,32,33.1,72200
VC7,20100513,33.4,33.4,31.7,32.4,72800
VC7,20100512,32.5,32.5,31.7,31.7,134500
VC7,20100511,35.5,35.5,33.1,34,71800
VC7,20100510,34.9,34.9,32.8,33.8,66400
VC7,20100507,37.2,37.2,34.6,34.9,164700
VC7,20100506,35,37.4,35,37.2,194200
VC7,20100505,36.5,36.5,34.4,35,120900
VC7,20100504,34.9,36.5,34.6,36.4,151800
VC7,20100429,32.8,34.2,32.8,34.2,259900
VC7,20100428,32,32.7,30.8,32,104600
VC7,20100427,32,32.5,31.3,31.9,91500
VC7,20100426,32.1,32.1,30.4,31.2,118100
VC7,20100422,34.7,34.7,31.2,32.1,98400
VC7,20100421,32.5,34.3,32,33.3,149500
VC7,20100420,32.3,32.7,31.5,32.1,64100
VC7,20100419,35,35,31.6,32.3,52800
VC7,20100416,33.5,33.8,32.1,33.7,362000
VC7,20100415,30.9,32.1,30.4,31.6,179000
VC7,20100414,30.7,30.8,29.5,30,58900
VC7,20100413,31.4,31.4,29.4,30.1,53900
VC7,20100412,31.7,31.7,29.9,30.4,56800
VC7,20100409,32.5,33,31,32.1,164700
VC7,20100408,29.5,31.3,29.5,31.1,219600
VC7,20100407,29.9,29.9,29,29.3,32400
VC7,20100406,30.8,30.8,28.7,29.3,25300
VC7,20100405,29.7,30.3,28.6,29.8,44200
VC7,20100402,28.5,28.9,28.3,28.5,42900
VC7,20100401,28,29,27.6,28,50000
VC7,20100331,28,28.9,27.5,28,52800
VC7,20100330,29,29.7,28.5,28.9,62400
VC7,20100329,28.5,30.9,28.5,29.5,51400
VC7,20100326,30,30,28.4,28.9,61600
VC7,20100325,30,30,29.3,29.4,86100
VC7,20100324,31.3,32.9,30.9,31.5,61400
VC7,20100323,33.1,33.5,30.5,31.9,143200
VC7,20100322,31,32.2,30.5,32,265800
VC7,20100319,29.9,30.1,29.9,30.1,181100
VC7,20100318,28.4,29.4,27.4,28.2,123900
VC7,20100317,29,29,27.3,27.5,132400
VC7,20100316,29.8,30,29.1,29.3,61600
VC7,20100315,32,32.5,30.2,31.2,74000
VC7,20100312,31.2,31.8,31,31.4,40200
VC7,20100311,31.1,31.8,30.5,31.2,83600
VC7,20100310,30.7,32.4,29.6,31,204000
VC7,20100309,31,32,29.7,30.7,124500
VC7,20100308,31.8,31.8,31.2,31.8,92100
VC7,20100305,29.8,29.9,28,29.8,112500
VC7,20100304,28,28,28,28,145700
VC7,20100303,24.6,26.3,24.6,26.2,154800
VC7,20100302,25,25,24,24.6,34400
VC7,20100301,24.5,25.3,23.2,24.5,51400
VC7,20100226,24,24,23.5,23.7,22700
VC7,20100225,24.1,24.1,23,23.8,21400
VC7,20100224,23.5,24.4,23.4,23.6,9000
VC7,20100223,24.9,24.9,23.2,23.6,16100
VC7,20100222,25.5,25.5,24.5,24.8,9400
VC7,20100212,25,25,24.2,24.5,10400
VC7,20100211,24.5,24.5,23.7,23.9,26600
VC7,20100210,24.2,24.2,23.2,23.8,11600
VC7,20100209,24.5,24.5,22.5,22.9,35400
VC7,20100208,24.8,24.8,22.8,23.4,21900
VC7,20100205,25,25,23.5,24.2,23100
VC7,20100204,25.1,26,24,25.1,24500
VC7,20100203,26.1,26.1,23.6,24.4,15200
VC7,20100202,25.1,25.1,25,25.1,115600
VC7,20100201,23.5,23.8,23.1,23.5,63800
VC7,20100129,22.5,23.2,21.9,22.7,64300
VC7,20100128,23.8,24,22.5,22.9,66100
VC7,20100127,24.7,24.8,22.5,23.8,66600
VC7,20100126,23.2,23.5,22.1,23.4,45500
VC7,20100125,22.5,22.5,21.5,22.1,39500
VC7,20100122,21.2,23.2,20.5,21.3,60200
VC7,20100121,23.5,23.5,21.8,21.9,84100
VC7,20100120,25.2,25.2,22.6,23.2,42100
VC7,20100119,23.2,24.7,23,24.1,76800
VC7,20100118,26.4,26.5,24.4,24.5,56700
VC7,20100115,26.1,26.1,25.5,26,150200
VC7,20100114,24.5,24.8,23.5,24.6,105400
VC7,20100113,24.9,25.2,22.9,23.4,173500
VC7,20100112,26.5,26.5,23.9,24.4,40700
VC7,20100111,27.9,27.9,24.8,25.5,39700
VC7,20100108,27.9,28.2,25.3,26.3,145100
VC7,20100107,28.9,28.9,26.6,26.9,84200
VC7,20100106,28.7,29.3,26,28.4,146400
VC7,20100105,27.8,27.8,27.1,27.7,185000
VC7,20100104,26.3,26.3,25.2,26.2,77100
VC7,20091231,24.5,24.7,24.5,24.7,93200
VC7,20091230,23.2,23.8,22.4,23.3,114400
VC7,20091229,22.5,22.5,21.9,22.5,154100
VC7,20091228,21.3,21.3,20.4,21.2,143400
VC7,20091225,20.1,20.1,19.9,20.1,43400
VC7,20091224,18.9,19.3,17.6,18.9,71600
VC7,20091223,18.1,18.5,17.6,18.2,28100
VC7,20091222,18.7,18.7,17.7,18.2,35300
VC7,20091221,17.7,17.7,17.2,17.7,32700
VC7,20091218,16.5,16.8,16.5,16.7,39700
VC7,20091217,15.8,16.5,15.8,15.9,36800
VC7,20091216,17.9,17.9,16.4,16.7,5900
VC7,20091215,18.7,18.7,16.9,17.4,9600
VC7,20091214,17.9,18.4,17.5,17.8,35100
VC7,20091211,17.5,17.5,17.5,17.5,8900
VC7,20091210,18.9,19.5,18.2,18.5,31000
VC7,20091209,21.2,21.2,19.3,19.3,32800
VC7,20091208,21.5,21.5,20.1,20.5,20200
VC7,20091207,21.5,21.5,20.2,21,25400
VC7,20091204,22.4,22.4,20.5,21.1,20200
VC7,20091203,21.5,22.2,21,21.4,33900
VC7,20091202,24.5,24.5,22.1,22.3,22900
VC7,20091201,22.5,23.6,22.3,23.5,54200
VC7,20091130,22.7,22.8,21.9,22.3,25200
VC7,20091127,21.7,23.5,21.7,22,102700
VC7,20091126,23.1,23.1,23.1,23.1,2300
VC7,20091125,27.2,27.2,24.4,24.7,36400
VC7,20091124,27.5,27.5,25.7,26,63700
VC7,20091123,28.3,28.3,27.3,27.4,64500
VC7,20091120,29.1,29.5,28.3,29.1,93200
VC7,20091119,29.2,29.2,28.1,28.5,61600
VC7,20091118,29.3,29.3,27.2,28.1,72900
VC7,20091117,29.2,29.2,27.7,28,45500
VC7,20091116,28.9,28.9,26.2,27.9,73700
VC7,20091113,29.2,29.2,27.2,27.9,62000
VC7,20091112,29.7,29.7,27.7,28.6,68200
VC7,20091111,28.5,28.9,26.9,28.1,82300
VC7,20091110,30.2,30.2,27.3,28.3,85100
VC7,20091109,30.4,30.4,27.9,29.1,130500
VC7,20091106,28.6,28.6,28.6,28.6,124400
VC7,20091105,26.5,27,26.5,26.9,88700
VC7,20091104,25.2,27.1,25.1,25.4,92200
VC7,20091103,29.1,29.1,26.2,26.7,36700
VC7,20091102,29.7,29.7,27.9,27.9,26700
VC7,20091030,28.3,31.9,28.3,29.7,119700
VC7,20091029,34,34,30,30.2,29300
VC7,20091028,31.5,33.9,31.5,32.1,180000
VC7,20091027,33.6,33.6,33.6,33.6,11000
VC7,20091026,36.5,36.5,35.7,35.9,101300
VC7,20091023,38.9,38.9,34.3,38.1,323000
VC7,20091022,36.6,36.6,36.3,36.6,168400
VC7,20091021,34.4,34.4,33.6,34.4,138500
VC7,20091020,32.7,33.7,31.2,32.3,239100
VC7,20091019,33.7,33.9,30.3,31.7,174400
VC7,20091016,32.6,32.6,29.9,32.4,261400
VC7,20091015,30.7,30.7,30.7,30.7,43900
VC7,20091014,27.9,29.6,26.1,28.9,243400
VC7,20091013,28.9,29.2,25.9,27.9,161700
VC7,20091012,27.4,27.5,27.4,27.5,29700
VC7,20091009,25.9,25.9,25.7,25.9,198600
VC7,20091008,24.4,24.4,24.2,24.4,163300
VC7,20091007,23,23,22.9,23,34500
VC7,20091006,21.3,21.9,20.7,21.7,94700
VC7,20091005,20.4,21.7,20.4,20.7,73500
VC7,20091002,22.5,22.5,21.7,21.7,40600
VC7,20091001,25.5,25.5,22.6,23.1,135200
VC7,20090930,24.1,24.1,23.9,24.1,127000
VC7,20090929,22.7,22.7,22.5,22.7,66200
VC7,20090928,21.5,21.5,21.2,21.4,41200
VC7,20090925,20.4,21.1,18.7,20.3,163300
VC7,20090924,21.2,21.2,19.7,19.9,163700
VC7,20090923,21,21,19.2,20.9,238600
VC7,20090922,19.2,19.9,19.2,19.8,56500
VC7,20090921,18.7,18.7,18.7,18.7,31900
VC7,20090918,18.1,18.4,16.5,17.7,124800
VC7,20090917,18,18,16.7,17.4,150000
VC7,20090916,17,17,16.9,17,96500
VC7,20090915,16.1,16.1,15.9,16.1,156800
VC7,20090914,15.2,15.2,15.1,15.2,78800
VC7,20090911,14.5,14.7,13.9,14.4,199300
VC7,20090910,14.5,14.5,13.7,13.9,41100
VC7,20090909,13.9,14.2,13.5,13.8,12700
VC7,20090908,13.4,13.7,13.4,13.6,41300
VC7,20090907,14.1,14.1,12.9,13,26500
VC7,20090904,14.2,14.2,13.2,13.5,19300
VC7,20090903,14.7,14.7,13.5,13.6,21300
VC7,20090901,14.9,14.9,13.9,14.1,37000
VC7,20090831,13.9,14.2,13.9,14.2,88900
VC7,20090828,13,13.5,13,13.5,100800
VC7,20090827,13.2,13.2,12.6,12.9,29900
VC7,20090826,13.2,13.2,12.5,12.7,24600
VC7,20090825,13.2,13.2,12.5,12.6,11200
VC7,20090824,13.3,13.3,12.5,12.6,27900
VC7,20090821,13.2,13.2,12.5,12.6,16100
VC7,20090820,13.3,13.3,12.5,12.6,14600
VC7,20090819,13.1,13.1,12.5,12.7,19900
VC7,20090818,12.9,12.9,12.2,12.5,6300
VC7,20090817,12.5,13.1,12.3,12.5,3600
VC7,20090814,12.9,12.9,12.4,12.6,3400
VC7,20090813,13.3,13.3,12.5,12.7,16100
VC7,20090812,13,13,12.5,12.6,13900
VC7,20090811,12.9,12.9,12.3,12.5,23600
VC7,20090810,12.2,12.2,12.1,12.2,25900
VC7,20090807,12.4,12.4,11.9,12,12800
VC7,20090806,12.4,12.4,12,12.2,12800
VC7,20090805,12.7,12.7,12,12.1,5600
VC7,20090804,12.5,12.6,12.5,12.5,2000
VC7,20090803,12.7,12.7,12.5,12.5,2200
VC7,20090731,12.4,12.4,12,12.3,11300
VC7,20090730,12.4,12.4,11.9,12,10500
VC7,20090729,12.6,12.6,12,12.1,8200
VC7,20090728,12.9,12.9,12.3,12.5,9600
VC7,20090727,13.3,13.3,12.6,12.9,16200
VC7,20090724,12.6,12.6,12.5,12.6,13100
VC7,20090723,12.1,12.1,11.8,12,3700
VC7,20090722,12.1,12.1,11.9,11.9,3600
VC7,20090721,11.9,11.9,11.7,11.9,11200
VC7,20090720,12.1,12.1,11.9,11.9,800
VC7,20090717,12.6,12.6,11.9,12.1,700
VC7,20090716,12.5,12.5,12,12,7000
VC7,20090715,12.4,12.4,11.9,11.9,3500
VC7,20090714,12.5,12.5,11.5,11.9,10100
VC7,20090713,11.8,12.2,11.8,11.9,9800
VC7,20090710,12.5,12.5,11.9,12,4800
VC7,20090709,11.9,12.2,11.9,12.1,3800
VC7,20090708,12.7,12.7,11.9,11.9,7600
VC7,20090707,12.7,12.7,12.4,12.5,4900
VC7,20090706,12.6,12.8,12.1,12.4,26200
VC7,20090703,12.5,12.5,12,12.1,3100
VC7,20090702,12.3,12.3,11.5,12,5600
VC7,20090701,11.6,11.7,11.6,11.7,6000
VC7,20090630,13.1,13.1,12.1,12.3,7800
VC7,20090629,12.7,12.8,12.5,12.7,6500
VC7,20090626,13.2,13.2,12.3,12.7,9300
VC7,20090625,13.2,13.2,12.5,12.9,3900
VC7,20090624,12.8,12.9,12.3,12.9,12600
VC7,20090623,12.8,12.8,12.1,12.2,17800
VC7,20090622,12.8,12.8,12.8,12.8,5100
VC7,20090619,13.7,13.7,13,13.5,18700
VC7,20090618,12.9,13.1,12.9,13,4700
VC7,20090617,12.4,13.1,12.4,12.5,40100
VC7,20090616,13.9,13.9,13.1,13.1,27200
VC7,20090615,14.5,14.5,13.8,13.8,15500
VC7,20090612,15.3,15.3,14,14.6,35800
VC7,20090611,14.6,15.2,14.5,14.8,45500
VC7,20090610,15.9,15.9,14.5,14.5,62700
VC7,20090609,15.7,15.7,14.8,15.3,62400
VC7,20090608,14.9,14.9,14.7,14.9,34300
VC7,20090605,13.4,14.1,13.4,14.1,132500
VC7,20090604,12.5,13.6,12.5,13.4,65600
VC7,20090603,13.5,13.5,12.9,13,11000
VC7,20090602,13.7,13.7,13.3,13.6,21800
VC7,20090601,12.5,13.2,12.5,13,31200
VC7,20090529,13,13,12,12.5,30400
VC7,20090528,13.2,13.2,12.5,12.5,23300
VC7,20090527,14.4,14.4,13.1,13.2,18200
VC7,20090526,13.9,13.9,13.3,13.8,57400
VC7,20090525,13.1,13.3,12.7,13.2,103000
VC7,20090522,12.9,13.1,11.9,12.7,78400
VC7,20090521,12.4,12.4,11.7,12.4,47400
VC7,20090520,11.5,11.9,11.5,11.8,53500
VC7,20090519,11.3,11.5,11.1,11.3,79500
VC7,20090518,11.5,11.5,10.7,11,34200
VC7,20090515,11.2,11.5,11.1,11.2,18800
VC7,20090514,11.2,11.2,11.1,11.1,8900
VC7,20090513,11.2,11.4,11,11.3,55800
VC7,20090512,10.9,11.1,10.5,10.9,28700
VC7,20090511,11.1,11.1,10.5,10.7,8700
VC7,20090508,11.3,11.3,10.5,10.7,18000
VC7,20090507,11.1,11.2,10.7,11,10900
VC7,20090506,11.9,11.9,10.9,11.1,4400
VC7,20090505,11.5,11.5,10.6,11.5,38900
VC7,20090504,10.9,11,10.9,11,28700
VC7,20090429,10.4,10.5,10.4,10.5,4500
VC7,20090428,10.3,10.5,10.3,10.4,6000
VC7,20090427,11.1,11.1,10.4,10.8,6400
VC7,20090424,11.1,11.1,10.4,10.8,5600
VC7,20090423,10.8,10.8,10.2,10.6,9600
VC7,20090422,10.4,10.4,10.1,10.3,18400
VC7,20090421,9.9,10.3,9.8,9.9,10100
VC7,20090420,11.1,11.3,10.3,10.3,9500
VC7,20090417,11.3,11.3,10.4,10.9,22100
VC7,20090416,11.2,11.2,10.5,10.9,5300
VC7,20090415,11.3,11.3,10.6,10.7,14300
VC7,20090414,11.7,11.7,11.1,11.2,30500
VC7,20090413,10.7,11.3,10.7,11.1,54800
VC7,20090410,10.9,10.9,10.7,10.8,31400
VC7,20090409,10.9,10.9,10.5,10.7,2500
VC7,20090408,10.9,10.9,10.4,10.6,16200
VC7,20090407,10.8,10.9,10.1,10.7,23600
VC7,20090403,10.9,10.9,10,10.7,30500
VC7,20090402,11.1,11.1,10.5,10.5,6000
VC7,20090401,10.9,10.9,10.5,10.7,8800
VC7,20090331,10.9,10.9,10.1,10.7,4600
VC7,20090330,10.5,10.7,10.5,10.6,17000
VC7,20090327,10.7,10.7,10.5,10.6,13500
VC7,20090326,11.1,11.1,10.3,10.6,25100
VC7,20090325,10.8,10.9,10.7,10.8,17400
VC7,20090324,11.2,11.3,11,11.1,41600
VC7,20090323,11.4,11.4,10.9,11.1,17700
VC7,20090320,11,11,10.7,10.9,51100
VC7,20090319,10.5,10.5,10.2,10.4,51200
VC7,20090318,9.9,10.1,9.9,9.9,9000
VC7,20090317,9.4,9.8,9.3,9.5,18700
VC7,20090316,9.5,9.5,9.1,9.3,6400
VC7,20090313,9.5,9.5,9.1,9.3,3200
VC7,20090312,9.5,9.5,9.2,9.3,2200
VC7,20090311,9.5,9.7,9.3,9.5,4500
VC7,20090310,9.3,9.5,9.2,9.3,5700
VC7,20090309,9,9.3,8.8,9.1,6000
VC7,20090306,9.4,9.4,9,9.1,3600
VC7,20090305,9.9,9.9,8.9,9.2,4300
VC7,20090304,9.3,9.3,9.3,9.3,500
VC7,20090303,9.2,9.2,9.2,9.2,500
VC7,20090302,9.2,9.3,9.1,9.2,2300
VC7,20090227,9.1,9.6,8.9,9.1,8800
VC7,20090226,9.3,9.3,9,9.3,600
VC7,20090225,9.1,9.1,8.9,9,2800
VC7,20090224,9.3,9.3,8.6,8.7,3500
VC7,20090223,9.3,9.3,8.9,9.1,1800
VC7,20090220,9.3,9.3,8.9,9.1,1400
VC7,20090219,9.3,9.4,9.1,9.3,5100
VC7,20090218,9.5,9.5,8.9,9.2,4600
VC7,20090217,9.4,9.5,9,9.2,1400
VC7,20090216,9.4,9.5,9.1,9.3,1400
VC7,20090213,9.5,9.5,9.5,9.5,600
VC7,20090212,9.5,9.5,8.9,9.1,3100
VC7,20090211,9.2,9.2,8.9,9.1,3000
VC7,20090210,8.9,9.5,8.8,9,5000
VC7,20090209,9.3,9.3,9.3,9.3,1600
VC7,20090206,8.7,9.3,8.7,8.9,8300
VC7,20090205,9.3,9.3,9.3,9.3,2300
VC7,20090204,9.3,9.4,9.1,9.3,5500
VC7,20090203,9.1,9.4,9.1,9.2,2000
VC7,20090202,9.9,9.9,8.9,9.3,3000
VC7,20090123,9.5,9.5,9.3,9.4,3500
VC7,20090122,9.5,9.5,9.3,9.4,2200
VC7,20090121,9.3,9.5,9.1,9.3,5400
VC7,20090120,9.5,9.5,8.9,9.2,3200
VC7,20090119,8.8,9.5,8.8,9.3,8100
VC7,20090116,9.7,9.8,9,9.3,8600
VC7,20090115,9.7,9.7,9.4,9.5,3000
VC7,20090114,9.7,9.7,9.1,9.7,4400
VC7,20090113,9.9,9.9,9.1,9.5,8300
VC7,20090112,9.4,9.6,9.4,9.5,4300
VC7,20090109,9.7,9.7,8.9,9.3,7600
VC7,20090108,9.5,9.6,9.4,9.5,3100
VC7,20090107,9.5,9.5,9.3,9.5,3300
VC7,20090106,9.5,9.5,8.9,9.3,6000
VC7,20090105,9.2,9.5,8.8,9.3,6200
VC7,20090102,9,9.1,8.3,9.1,9400
VC7,20081231,8.9,8.9,8.7,8.7,11600
VC7,20081230,8.5,8.7,8.5,8.7,3300
VC7,20081229,8.7,8.7,8.5,8.6,1400
VC7,20081226,8.7,8.9,8.5,8.7,17912
VC7,20081225,8.7,8.7,8.7,8.7,500
VC7,20081224,8.8,8.8,8.2,8.5,4100
VC7,20081223,8.6,8.7,8.5,8.7,3000
VC7,20081222,8.5,8.8,8.2,8.6,4500
VC7,20081219,8.2,8.7,8.2,8.5,7000
VC7,20081218,8.9,8.9,8.4,8.7,6800
VC7,20081217,8.5,8.7,8.2,8.5,4300
VC7,20081216,8.7,8.7,8.5,8.7,3700
VC7,20081215,8.7,8.7,8.5,8.5,2100
VC7,20081212,8.4,8.5,8.4,8.5,1700
VC7,20081211,8.7,8.7,8.2,8.4,10300
VC7,20081210,8.9,8.9,8.4,8.7,5100
VC7,20081209,8.9,8.9,8.9,8.9,3000
VC7,20081208,8.5,8.5,8.5,8.5,2600
VC7,20081205,9.1,9.1,8.7,9,4000
VC7,20081204,8.9,9.2,8.9,9.1,3900
VC7,20081203,9.1,9.5,8.9,9.2,12300
VC7,20081202,9.5,9.5,9.3,9.5,4700
VC7,20081201,9.9,9.9,9.9,9.9,200
VC7,20081128,9.5,9.7,9.4,9.5,14500
VC7,20081127,9.5,9.5,9.1,9.2,10600
VC7,20081126,9.7,9.7,9.5,9.6,1700
VC7,20081125,9.9,9.9,9.2,9.4,2400
VC7,20081124,9.9,9.9,9.2,9.6,9700
VC7,20081124,9.9,9.9,9.2,9.6,9700
VC7,20081121,9.5,9.7,9.4,9.5,4600
VC7,20081120,9.5,9.7,9.1,9.5,5800
VC7,20081119,9.7,9.7,9.2,9.4,3600
VC7,20081118,9.9,9.9,9.5,9.6,1700
VC7,20081117,9.9,9.9,9.3,9.5,1700
VC7,20081114,9.8,9.8,9.5,9.6,2400
VC7,20081113,9.6,9.6,9.4,9.5,3400
VC7,20081112,9.1,9.5,8.9,9.1,4700
VC7,20081111,9.5,9.9,9.3,9.4,3600
VC7,20081110,9.9,9.9,9.5,9.6,2100
VC7,20081107,9.6,9.7,9.3,9.5,7500
VC7,20081106,9.6,10.4,9.5,9.7,13800
VC7,20081105,10.1,10.1,10.1,10.1,17200
VC7,20081104,9.5,10.2,9.3,9.6,12700
VC7,20081103,9.9,9.9,9.8,9.9,900
VC7,20081031,10.4,10.4,10.2,10.3,4600
VC7,20081030,9.5,10,9.5,9.9,5400
VC7,20081029,9.5,9.5,9.5,9.5,11600
VC7,20081028,8.8,9.3,8.6,9,4900
VC7,20081027,8.9,8.9,8.7,8.9,10200
VC7,20081024,9.1,9.3,9.1,9.2,10200
VC7,20081023,9.4,9.5,9.3,9.4,8800
VC7,20081022,9.9,9.9,9.9,9.9,1500
VC7,20081021,10.4,10.4,10,10.1,4400
VC7,20081020,10.7,10.7,9.7,9.9,2200
VC7,20081017,9.9,10.7,9.9,10.3,7500
VC7,20081016,10.2,10.7,10.2,10.4,4000
VC7,20081015,10.9,10.9,10.5,10.8,18200
VC7,20081014,10.3,10.3,10.3,10.3,100
VC7,20081013,9.5,10,9.5,9.8,9200
VC7,20081010,9.5,9.9,9.3,9.5,20300
VC7,20081009,9.5,10.2,9.5,9.9,18500
VC7,20081008,9.5,9.9,9.5,9.7,4000
VC7,20081007,10.1,10.1,10.1,10.1,10200
VC7,20081006,10.7,10.7,10.5,10.7,2000
VC7,20081003,11.5,11.5,10.8,11.1,3300
VC7,20081002,10.9,11.3,10.9,11.1,8200
VC7,20081001,10.9,11.3,10.2,10.7,6500
VC7,20080930,10.7,10.7,10.7,10.7,1800
VC7,20080929,11.9,11.9,11.3,11.3,9700
VC7,20080926,12.1,12.1,11.4,11.9,14300
VC7,20080925,11.2,11.5,11.2,11.5,18400
VC7,20080924,10.7,11.3,10.7,10.9,6500
VC7,20080923,11.3,11.5,10.3,10.7,64000
VC7,20080922,10.9,10.9,10.9,10.9,1100
VC7,20080919,9.5,10.5,9.5,10.3,3800
VC7,20080918,10,10.1,10,10,12600
VC7,20080917,11.2,11.2,10.6,10.6,8600
VC7,20080916,11.9,11.9,11.1,11.3,14300
VC7,20080915,11.3,12.8,11.3,11.8,31300
VC7,20080912,12.1,12.1,12.1,12.1,8500
VC7,20080911,12.9,12.9,12.8,12.8,9500
VC7,20080910,13.7,14.1,13.5,13.6,23800
VC7,20080909,14.5,14.9,13.5,14.4,24800
VC7,20080908,13.5,15.2,13.5,14.2,47200
VC7,20080905,14.3,14.3,13.7,14.3,36300
VC7,20080904,13.6,13.6,12.5,13.5,59900
VC7,20080903,12.9,12.9,12.9,12.9,3100
VC7,20080829,11.4,12.9,11.4,12.1,56700
VC7,20080828,13.2,13.2,11.7,12.1,35200
VC7,20080827,12.5,12.5,12.5,12.5,52400
VC7,20080826,11.8,11.8,11.8,11.8,9000
VC7,20080825,11.1,11.1,11.1,11.1,9300
VC7,20080822,10.5,10.5,10.2,10.5,66400
VC7,20080821,9.5,10.1,9.5,10,28200
VC7,20080820,10,10,9.5,9.5,6100
VC7,20080819,10.5,10.7,9.9,10,22600
VC7,20080818,10.7,10.7,10.3,10.5,17700
VC7,20080815,10.3,10.3,10.3,10.3,4000
VC7,20080814,9.9,10,9.9,9.9,12600
VC7,20080813,9.4,9.9,9.3,9.7,20900
VC7,20080812,9.7,9.7,9.5,9.6,16900
VC7,20080811,9.4,9.4,9.4,9.4,1300
VC7,20080808,9.3,9.3,8.9,9.1,5500
VC7,20080807,9,9,9,9,5800
VC7,20080806,8.5,8.9,8.5,8.7,4600
VC7,20080805,8.7,8.7,8.7,8.7,7300
VC7,20080804,8.9,9.1,8.9,8.9,17100
VC7,20080801,9.4,9.4,9.2,9.2,11500
VC7,20080731,9.5,9.5,9.5,9.5,11600
VC7,20080730,10.3,10.3,9.7,9.7,11400
VC7,20080729,10,10,9.7,10,24400
VC7,20080728,9.6,10.2,9.6,9.7,19200
VC7,20080725,9.9,9.9,9.9,9.9,6400
VC7,20080724,10.3,10.3,10.3,10.3,6900
VC7,20080723,10.6,10.6,10.6,10.6,100
VC7,20080722,10.9,10.9,10.9,10.9,1300
VC7,20080721,11.3,11.3,11.2,11.3,3000
VC7,20080718,12.1,12.1,11.3,11.6,30900
VC7,20080717,11.7,11.7,11.7,11.7,5900
VC7,20080716,11.5,11.5,10.8,11.3,66200
VC7,20080715,11.1,11.1,11.1,11.1,8800
VC7,20080714,10.8,10.8,10.8,10.8,13700
VC7,20080711,10.5,10.5,10.3,10.5,24500
VC7,20080710,10.1,10.3,9.9,10.1,32200
VC7,20080709,10.2,10.2,9.9,10.1,18900
VC7,20080708,10,10,10,10,14700
VC7,20080707,10.6,10.6,9.9,10.3,22200
VC7,20080704,10.3,10.3,10.3,10.3,7300
VC7,20080703,9.9,9.9,9.9,9.9,5600
VC7,20080702,9.7,9.7,9.5,9.7,29300
VC7,20080701,9.3,9.4,9.3,9.4,4000
VC7,20080630,9.1,9.2,9.1,9.1,12800
VC7,20080627,8.7,9.1,8.7,8.9,1500
VC7,20080626,9.3,9.3,8.8,9,10400
VC7,20080625,9.1,9.1,9,9.1,20100
VC7,20080624,8.8,8.8,8.8,8.8,7900
VC7,20080623,8.6,8.6,8.4,8.5,2000
VC7,20080620,8.3,8.3,8.3,8.3,2100
VC7,20080619,8.9,8.9,8.6,8.6,1000
VC7,20080618,9.1,9.1,8.7,8.9,29200
VC7,20080617,8.9,8.9,8.9,8.9,100
VC7,20080616,8.7,8.7,8.7,8.7,100
VC7,20080613,8.5,8.5,8.5,8.5,500
VC7,20080612,8.3,8.3,8.3,8.3,200
VC7,20080611,8.1,8.1,8.1,8.1,9400
VC7,20080610,7.9,8.1,7.9,8,1200
VC7,20080609,7.9,8.1,7.9,7.9,6400
VC7,20080606,8,8.2,8,8,13400
VC7,20080605,8.2,8.3,8.2,8.2,12400
VC7,20080604,8.4,8.4,8.4,8.4,5200
VC7,20080603,8.6,8.7,8.6,8.6,19500
VC7,20080602,8.9,8.9,8.7,8.8,5300
VC7,20080530,9.3,9.3,8.9,8.9,5200
VC7,20080529,9.1,9.4,9.1,9.1,17700
VC7,20080528,9.3,9.3,9.3,9.3,17300
VC7,20080527,9.5,9.5,9.5,9.5,7000
VC7,20080526,10,10,9.6,9.7,900
VC7,20080522,10,10,10,10,300
VC7,20080521,10.2,10.2,10.2,10.2,5800
VC7,20080520,10.5,10.5,10.5,10.5,5500
VC7,20080519,10.7,10.7,10.7,10.7,3700
VC7,20080516,10.9,11.4,10.9,11,6400
VC7,20080515,11.1,11.1,11.1,11.1,11900
VC7,20080514,11.3,11.5,11.3,11.4,6000
VC7,20080513,11.6,11.6,11.6,11.6,2100
VC7,20080512,11.9,11.9,11.9,11.9,4400
VC7,20080509,12.1,12.1,12.1,12.1,300
VC7,20080508,12.4,12.4,12.4,12.4,5100
VC7,20080507,12.7,12.7,12.7,12.7,1700
VC7,20080506,13.1,13.1,13.1,13.1,200
VC7,20080505,13.4,13.5,13.4,13.4,5300
VC7,20080429,13.9,13.9,13.5,13.7,9400
VC7,20080428,13.7,13.7,13.3,13.6,3900
VC7,20080425,13.2,13.5,13.2,13.3,6500
VC7,20080424,13.1,13.5,13.1,13.1,11000
VC7,20080423,13.4,13.4,13.4,13.4,6100
VC7,20080422,13.6,14.2,13.6,13.7,19000
VC7,20080421,13.9,14.2,13.9,13.9,8500
VC7,20080418,14.7,14.7,14,14.2,11700
VC7,20080417,14.1,14.8,14.1,14.3,15100
VC7,20080416,14.5,14.5,14.5,14.5,5200
VC7,20080411,14.8,14.8,14.8,14.8,300
VC7,20080410,15.2,15.2,15.2,15.2,4900
VC7,20080409,15.6,15.6,15.6,15.6,4700
VC7,20080408,16.5,16.5,15.7,16,41800
VC7,20080407,16.1,16.1,16.1,16.1,100
VC7,20080404,15.7,15.7,15.7,15.7,1500
VC7,20080403,15.4,15.4,15.4,15.4,300
VC7,20080402,15.1,15.1,15.1,15.1,100
VC7,20080401,14.9,14.9,14.9,14.9,500
VC7,20080331,14.7,14.7,14.7,14.7,1600
VC7,20080328,14.5,14.5,14.5,14.5,500
VC7,20080327,14.2,14.3,14.2,14.3,1400
VC7,20080326,13.9,14.7,13.9,14.1,15000
VC7,20080325,13.9,13.9,13.6,13.6,10300
VC7,20080324,16.3,16.3,14.9,14.9,8000
VC7,20080321,18.2,18.2,16,16.3,12000
VC7,20080320,17.5,18.4,17.2,17.5,12200
VC7,20080319,17.9,18.2,15.9,17.9,20200
VC7,20080318,17.5,17.5,17.3,17.3,34900
VC7,20080317,19.5,19.5,18.7,19.1,17500
VC7,20080314,20.8,20.8,20.3,20.6,10800
VC7,20080313,21.5,21.7,20.2,21.1,8900
VC7,20080312,21,21.5,20.2,21.3,11200
VC7,20080311,21.5,21.5,19.8,20,15400
VC7,20080310,21.9,21.9,20.2,21.8,49700
VC7,20080307,20.1,20.1,20.1,20.1,4200
VC7,20080306,18.5,18.5,18.5,18.5,800
VC7,20080305,17.5,17.5,16.7,16.9,20700
VC7,20080304,18.6,18.6,18.3,18.3,37200
VC7,20080303,20.5,20.6,20.2,20.2,33000
VC7,20080229,22.3,22.5,22.1,22.3,13400
VC7,20080228,23.7,24.2,23.5,23.7,11600
VC7,20080227,22.9,25.5,22.9,24.2,12200
VC7,20080226,27.1,27.2,23.1,24.1,13400
VC7,20080225,23.1,25.2,23.1,25.2,18900
VC7,20080222,22.1,24.9,22.1,23.1,21400
VC7,20080221,24.9,24.9,24.3,24.3,35300
VC7,20080220,27.5,27.5,26.2,26.7,25000
VC7,20080219,26.9,28.5,26.2,27.7,24000
VC7,20080218,28.1,28.9,26.6,27.5,22900
VC7,20080215,29.9,29.9,28.9,29.3,14200
VC7,20080214,29.2,30.3,29.2,29.7,36200
VC7,20080213,29.9,29.9,29.2,29.5,26400
VC7,20080212,33.5,34.7,29.5,31.1,17800
VC7,20080201,32.1,33.5,30.9,31.9,51300
VC7,20080131,33.5,33.8,29.5,31.5,30100
VC7,20080130,30.8,31,30.2,31,43200
VC7,20080129,27.5,29.5,27.5,28.3,45200
VC7,20080128,29,29.1,26.9,27.1,18600
VC7,20080125,29.6,29.9,28.2,29.1,32400
VC7,20080124,31.5,31.5,28.7,29.5,25600
VC7,20080123,30.7,30.7,28.2,29.3,44500
VC7,20080122,30.9,30.9,29.9,30.6,33700
VC7,20080121,32.5,32.5,31.2,31.8,19800
VC7,20080118,30.9,33.5,30.9,32.5,47800
VC7,20080117,34.7,34.7,31.2,33.1,35100
VC7,20080116,30.9,32,30.7,31.7,24400
VC7,20080115,29.7,29.9,29.1,29.3,37400
VC7,20080114,33.5,33.5,31.5,32.1,40500
VC7,20080111,34.2,35.5,33.5,34.4,55300
VC7,20080110,34.2,34.9,32.3,33.3,31800
VC7,20080109,34.2,34.9,33.5,34.3,26500
VC7,20080108,33.5,36.1,33.5,35.3,62400
VC7,20080107,36.2,37.5,32.9,33.2,89700
VC7,20080104,38.9,38.9,35.9,36.3,97600
VC7,20080103,42.9,42.9,36.9,39.6,144300
VC7,20080102,38.2,39.4,37.5,39.1,95400
VC7,20071228,38.1,39.5,29.5,36,318800
