<Ticker>,<DTYYYYMMDD>,<Open>,<High>,<Low>,<Close>,<Volume>
VDS,20100729,15.7,15.7,14.8,15.2,9400
VDS,20100728,15.2,15.7,15,15.2,8800
VDS,20100727,16,16,15.5,15.6,107300
VDS,20100726,16.4,16.4,15.6,15.9,14200
VDS,20100723,16.3,16.3,16,16.2,26800
VDS,20100722,16.2,16.5,16.1,16.2,82000
VDS,20100721,16.4,16.5,15.9,16.1,29400
VDS,20100720,17,17,16.3,16.7,72400
VDS,20100719,16.3,16.3,16.2,16.2,79200
VDS,20100716,16.5,16.6,16,16.2,57100
VDS,20100715,16.4,16.8,16.3,16.6,82800
VDS,20100714,16.6,17,16.2,16.4,88700
VDS,20100713,16.4,16.8,15.9,16.6,284100
VDS,20100712,15.6,15.8,15.6,15.8,26800
VDS,20100709,15.9,15.9,15.6,15.7,800
VDS,20100708,16,16,15.2,15.7,115100
VDS,20100707,16.3,16.3,15.6,15.9,45700
VDS,20100706,15.8,16,15.7,15.8,62800
VDS,20100705,16.1,16.1,15.8,16,37400
VDS,20100702,16.9,16.9,16.1,16.3,6800
VDS,20100701,16,16.1,15.9,16,34300
VDS,20100630,16,16.1,15.8,15.9,31200
VDS,20100629,16.3,16.6,16.1,16.3,51100
VDS,20100628,16.5,16.5,16,16.1,43100
VDS,20100625,16.7,16.7,15.6,16.1,88900
VDS,20100624,17.3,17.3,16.1,16.4,210400
VDS,20100623,16.4,17.1,16.4,17,173800
VDS,20100622,17.5,17.5,16.8,17.1,44200
VDS,20100621,17.5,17.5,17,17.3,95200
VDS,20100618,17.4,17.6,17,17.5,103200
VDS,20100617,16.4,17.5,16.3,17.1,290400
VDS,20100616,16.2,16.9,15.8,16.3,78300
VDS,20100615,16,16.4,15.9,16.1,46200
VDS,20100614,16.3,16.3,15.9,16,9800
VDS,20100611,16.6,16.9,15.6,16.3,81100
VDS,20100610,16.6,16.6,15.9,16.1,60100
VDS,20100609,16,16,15.4,15.6,160380
VDS,20100608,15.8,16.1,15.6,15.9,25700
VDS,20100607,16.5,16.6,15.8,16.1,98900
VDS,20100604,17.1,17.2,16.7,16.9,21900
VDS,20100603,17.7,17.7,16.9,17.2,196800
VDS,20100602,17.4,17.4,16.9,17.2,86500
VDS,20100601,17,17.5,17,17.4,58500
VDS,20100531,18.4,18.4,17.1,17.3,39700
VDS,20100528,18.4,18.6,18.1,18.3,138200
VDS,20100527,17.5,17.9,16.9,17.5,66400
VDS,20100526,18.4,18.4,17.2,17.5,100100
VDS,20100525,17.9,18.9,17.2,18.4,266200
VDS,20100514,19.7,21.4,19.3,19.8,320100
VDS,20100513,18.4,19.9,17.9,19.5,163730
VDS,20100512,17.9,19,17.9,18.1,27900
VDS,20100511,17,19.3,17,18.9,150510
VDS,20100510,18.9,19.8,17.9,18.6,48250
VDS,20100507,20.8,20.8,18.9,18.9,86460
VDS,20100506,18.4,20.3,18.4,19,87700
VDS,20100505,18.6,18.8,18.4,18.6,32650
VDS,20100504,19.3,19.3,18.4,18.8,65150
VDS,20100429,18.3,19.7,18.1,18.4,165300
VDS,20100428,16.8,18.3,16.8,17.9,288230
VDS,20100427,16.5,17,16.4,16.7,63310
VDS,20100426,16.6,18.2,16.2,16.5,8110
VDS,20100422,16.5,17.3,16.5,16.9,11600
VDS,20100421,16.7,16.7,16.2,16.6,39800
VDS,20100420,16.5,17,16.4,16.7,35350
VDS,20100419,17,17,16.3,16.5,232100
VDS,20100416,16.6,17,16.6,16.8,38654
VDS,20100415,16.7,17,15.7,16.6,69700
VDS,20100414,17.5,17.5,16.9,17.1,58620
VDS,20100413,17.1,17.5,16.6,17.1,4085010
VDS,20100412,16.6,17.2,16.4,16.7,71700
VDS,20100409,16.2,16.3,15.8,16.2,21700
VDS,20100408,15.1,16,15.1,15.7,42740
VDS,20100407,14.9,15.4,14.5,15,18840
VDS,20100406,15.1,15.1,14.2,14.8,8300
VDS,20100405,15.9,15.9,14.8,15.7,1750
VDS,20100402,14.6,14.6,14.5,14.5,1200
VDS,20100401,15.1,15.1,14.4,14.7,122810
VDS,20100331,14.9,15.1,14.7,15.1,253500
VDS,20100330,15.1,15.1,14.7,15.1,194280
VDS,20100329,14.8,14.9,14.8,14.9,76500
VDS,20100326,14.8,14.8,14.8,14.8,3000
VDS,20100325,14.8,14.8,14.3,14.6,4000
VDS,20100324,14.8,14.8,14.5,14.7,15890
VDS,20100323,14.3,14.3,14.2,14.3,7900
VDS,20100322,14.5,14.6,14.5,14.6,7630
VDS,20100319,14.4,14.4,14.4,14.4,2000
VDS,20100318,14.9,14.9,14.6,14.7,23500
VDS,20100317,14.9,15.1,14.7,15,46500
VDS,20100316,15.1,15.1,14.8,15.1,58800
VDS,20100315,15.1,15.3,15.1,15.3,121300
VDS,20100312,15.5,15.5,15,15.1,6500
VDS,20100311,15.1,15.1,14.9,15.1,90000
VDS,20100310,15.1,15.1,15.1,15.1,20440
VDS,20100309,15.1,15.1,14.4,14.9,20100
VDS,20100308,15.1,15.2,14.6,15.1,414000
VDS,20100305,14.8,15.7,14.6,15.2,29350
VDS,20100304,14.2,14.6,14.2,14.3,5500
VDS,20100303,14.2,14.6,14.2,14.2,183000
VDS,20100302,14.2,14.2,13.9,14.1,2000
VDS,20100301,14.2,14.2,14.2,14.2,27200
VDS,20100226,14.2,14.2,13.8,14.2,11500
VDS,20100225,14.2,14.2,14.2,14.2,2500
VDS,20100224,14.2,14.2,14.2,14.2,4000
VDS,20100223,14,14.2,14,14.1,12800
VDS,20100222,13.7,14.2,13.7,14,3100
VDS,20100211,13.4,13.5,13.4,13.5,3500
VDS,20100209,13.4,13.4,13.2,13.3,7000
VDS,20100208,13.2,13.7,13.2,13.4,18000
VDS,20100205,14.6,14.6,13.7,13.7,17010
VDS,20100204,13.2,13.7,13.2,13.3,900
VDS,20100203,13.7,13.7,13.2,13.4,5960
VDS,20100202,13.2,13.2,13,13.1,7000
VDS,20100201,12.6,12.6,12.5,12.5,3500
VDS,20100129,13.2,13.2,12.7,12.8,7500
VDS,20100128,13.1,13.2,12.9,13.1,20000
VDS,20100126,13,13,13,13,7000
VDS,20100125,11.9,13.3,11.9,13,28300
VDS,20100122,12.7,13.3,12.7,13.1,20800
VDS,20100121,13.2,13.3,12.4,13.1,27100
VDS,20100120,13.5,14.1,13.2,13.7,48000
VDS,20100119,13.2,14,13.2,13.4,49040
VDS,20100118,13.2,13.3,12.8,13.2,64000
VDS,20100115,13.3,13.4,13.1,13.3,19390
VDS,20100114,13.1,13.2,12.8,13.1,13500
VDS,20100113,12.7,13.6,12.7,13.1,29000
VDS,20100112,12.8,13.1,12.7,12.8,20800
VDS,20100111,13.9,13.9,12.6,12.7,16110
VDS,20100108,12.7,12.7,12.5,12.6,24800
VDS,20100107,12.7,13.6,12.6,13.2,41700
VDS,20100106,12,13.3,12,12.5,86600
VDS,20100105,13.4,13.4,13.3,13.3,46100
VDS,20100104,14.8,15.1,14.5,14.7,27900
VDS,20091231,16.4,16.4,13.6,16.1,22010
VDS,20091230,12.7,15.4,12.7,15,46971
VDS,20091229,12,14.5,11.9,14.1,54197
VDS,20091228,12.3,13.7,11.8,13.2,37560
VDS,20091225,12.3,12.7,12.2,12.5,6900
VDS,20091224,12.7,12.9,12.6,12.7,5000
VDS,20091223,12.8,14.2,12.3,12.7,2744
VDS,20091222,12.5,15.2,12.5,12.9,5785
VDS,20091221,13.9,16.9,13.9,13.9,16171
VDS,20091218,15.4,15.4,15.4,15.4,7123
VDS,20091217,13.6,16.6,13.6,14.1,5929
VDS,20091216,15.7,15.7,12.8,15.1,2531
VDS,20091215,13.9,15.2,13.9,14.2,85
VDS,20091214,13.6,16.4,13.6,13.9,9393
VDS,20091211,15,15,15,15,81002
VDS,20091210,12.3,14.6,12.3,13.7,16799
VDS,20091209,12.7,15.4,12.7,13.3,86214
VDS,20091208,13.7,16.7,13.7,14.1,5806
VDS,20091207,18.2,18.2,15,15.2,5455
VDS,20091204,16.6,16.6,16.6,16.6,20000
VDS,20091203,18.4,18.4,18.4,18.4,515
VDS,20091202,17.4,17.4,14.3,16.8,1010
VDS,20091201,13.9,16.6,13.7,15.8,9126
VDS,20091130,15.1,15.1,15.1,15.1,843
VDS,20091127,11.6,14.1,11.6,13.8,13117
VDS,20091126,12.6,15.3,12.6,12.8,38155
VDS,20091125,12.4,15,12.4,14,3707
VDS,20091124,15.3,15.3,13,13.7,12200
VDS,20091123,13.4,16.2,13.4,14,19771
VDS,20091120,14.4,16.8,14.2,14.8,15837
VDS,20091119,15.7,15.7,13.4,15.3,2707
VDS,20091118,15.7,15.7,13.8,14.3,22755
VDS,20091117,14.2,16.2,13.4,14.2,24377
VDS,20091116,16.8,16.8,14.3,14.8,50216
VDS,20091113,15.1,18.3,15.1,15.3,5372
VDS,20091112,17.9,17.9,14.8,16.7,2016
VDS,20091111,16.3,16.3,16.3,16.3,1266
VDS,20091110,16.1,16.1,13.7,14.9,20361
VDS,20091109,14.2,17.2,14.2,14.7,9306
VDS,20091106,15.5,15.8,15.5,15.7,2670
VDS,20091105,15.4,16,14.6,15.3,5800
VDS,20091104,15.8,15.8,15.4,15.5,81600
VDS,20091103,14.2,14.6,14.2,14.3,10700
VDS,20091102,15.8,15.8,14.2,15.7,129800
VDS,20091030,15.8,15.8,15.6,15.8,14400
VDS,20091029,15.6,15.6,15.1,15.3,40200
VDS,20091028,16,16,16,16,23000
VDS,20091027,17.4,17.4,15.6,16,16700
VDS,20091026,16.1,16.4,15.6,15.8,7100
VDS,20091023,16,16.2,16,16.1,17000
VDS,20091022,17,17,16.7,16.9,14100
VDS,20091021,17.2,17.2,16.8,17,16400
VDS,20091020,16.8,17,16.8,16.9,45000
VDS,20091019,16.5,18,16.5,16.7,59000
VDS,20091016,16.3,16.5,16.3,16.4,16800
VDS,20091015,16.4,16.5,16.1,16.3,87000
VDS,20091014,16.5,16.5,16,16.2,34050
VDS,20091013,16,16,15.7,16,40000
VDS,20091012,16,16.1,15.8,16,50000
VDS,20091009,15.8,16,15.8,15.8,63500
VDS,20091008,15.8,15.8,15.7,15.8,23830
VDS,20091007,15.8,16,15.8,15.8,137600
VDS,20091006,15.8,15.8,15.7,15.8,25300
VDS,20091005,15.8,15.9,15.8,15.9,15300
VDS,20091002,15.1,16,15.1,15.8,29400
VDS,20091001,16.9,16.9,15.8,16,120670
VDS,20090930,16,16.5,16,16.1,73100
VDS,20090929,16,16.3,16,16.2,88550
VDS,20090928,16.1,16.9,16.1,16.3,157300
VDS,20090925,16,16.3,16,16.1,9810
VDS,20090924,16,17,15.9,16.2,98750
VDS,20090923,16.5,16.5,16,16.2,26930
VDS,20090922,15.7,16.9,15.7,16.4,174500
VDS,20090921,15.1,15.8,14.9,15.4,108973
VDS,20090918,14.6,15,14.4,14.7,78600
VDS,20090917,14.6,14.6,13.2,14.4,29510
VDS,20090916,14.2,14.7,14.2,14.5,7650
VDS,20090915,14.5,14.9,14.2,14.9,405590
VDS,20090914,14.2,14.4,13.3,14,38076
VDS,20090911,14.9,14.9,13.8,14.1,8650
VDS,20090910,13.2,13.7,13.2,13.6,9650
VDS,20090909,13.2,13.7,12.9,13.3,15250
VDS,20090908,12.7,14.1,12.7,13.7,19900
VDS,20090907,12.6,13.4,12.6,13.2,4700
VDS,20090904,14.2,14.2,13.7,14,14540
VDS,20090903,14.4,14.4,14.2,14.2,33574
VDS,20090901,14.5,14.9,14.2,14.4,58060
VDS,20090831,14.4,14.5,13.2,14.5,138250
VDS,20090828,12.5,13.5,12.5,13.2,28736
VDS,20090827,12.3,12.5,12.3,12.3,118674
VDS,20090826,12.3,12.5,11,12.3,72810
VDS,20090825,13.1,13.1,11.8,12.3,35400
VDS,20090824,13.3,13.3,11,12.7,65980
VDS,20090821,12.3,12.3,11.5,12.2,55300
VDS,20090820,11,12,10.9,11.2,126750
VDS,20090819,10.8,11.1,10.8,10.9,35400
VDS,20090818,10.9,11.1,10.9,10.9,35400
VDS,20090817,10.8,11.1,10.8,10.9,56500
VDS,20090814,10.8,11.2,10.7,10.8,40010
VDS,20090813,11.3,11.3,10.7,10.8,48090
VDS,20090812,10.9,11.3,10.8,11.1,4596
VDS,20090811,11.2,11.3,11.2,11.3,20540
VDS,20090810,10.8,11.3,10.8,11.1,5630
VDS,20090807,10.7,11.1,10.4,10.8,11500
VDS,20090806,11.3,11.6,10.8,11.3,6800
VDS,20090805,11.3,11.3,10.2,11,21010
VDS,20090804,10.9,11.7,10.8,11.2,16125
VDS,20090803,10.8,11.5,10.8,10.9,11000
VDS,20090731,11.1,11.3,11.1,11.2,10190
VDS,20090730,11.1,11.3,11.1,11.1,1900
VDS,20090729,10.8,11.3,10.8,11.2,4600
VDS,20090728,12.2,12.2,11.8,11.8,2150
VDS,20090727,13.5,13.5,12,13,18600
VDS,20090724,12.5,12.5,11.7,12.3,23800
VDS,20090723,11.3,11.9,10.4,11.3,11650
VDS,20090722,10.8,10.8,10.8,10.8,8200
VDS,20090721,9.6,11.1,9.6,10.8,12240
VDS,20090720,10.8,11.3,10.6,10.6,9650
VDS,20090717,12.5,12.5,11.3,11.6,9710
VDS,20090716,11.7,11.7,11.3,11.4,8500
VDS,20090715,11.3,11.5,11.3,11.4,5600
VDS,20090714,11.3,11.5,11.3,11.4,4500
VDS,20090713,10.8,10.8,10.8,10.8,8600
VDS,20090710,11.8,11.9,11.8,11.8,10600
VDS,20090709,11.5,12.3,11.3,11.6,21776
VDS,20090708,11.3,12.2,11.3,11.5,19500
VDS,20090707,13.1,14.2,11.9,12.2,21036
VDS,20090706,13.2,13.2,12.7,13,66680
VDS,20090703,11.8,12.5,11.8,12.1,21440
VDS,20090702,11,13.2,11,11.4,66410
VDS,20090701,12.3,12.3,12.3,12.3,222160
VDS,20090630,13.9,14.2,12.5,13.6,160
VDS,20090629,13.8,13.9,13.8,13.8,13260
VDS,20090626,15.3,15.3,15.3,15.3,15566
