<Ticker>,<DTYYYYMMDD>,<Open>,<High>,<Low>,<Close>,<Volume>
VTA,20100729,10.4,11.2,10.4,11.2,36600
VTA,20100728,11.8,11.9,11,11.1,70000
VTA,20100727,11.7,12.1,11.4,11.7,136000
VTA,20100726,11.5,11.9,11.5,11.6,133500
VTA,20100723,11.8,11.8,11.4,11.6,74300
VTA,20100722,12.3,12.4,11.7,12,112100
VTA,20100721,12.5,12.6,12,12.4,512100
VTA,20100720,11.2,11.8,11.2,11.8,299100
VTA,20100719,11.3,11.4,10.8,11.1,155700
VTA,20100716,10.6,11.3,10.6,11.1,80100
VTA,20100715,11.2,11.4,10.9,11.1,108600
VTA,20100714,12,12.4,11.3,11.7,72000
VTA,20100713,11.6,11.6,11.4,11.6,203200
VTA,20100712,10.5,11.3,10.4,10.9,70400
VTA,20100709,10.5,10.9,10.3,10.6,18200
VTA,20100708,11.5,11.6,10.8,10.9,67300
VTA,20100707,11.4,11.6,10.9,11.3,135200
VTA,20100706,11.2,11.5,10.6,10.9,143400
VTA,20100705,11.5,11.5,11.2,11.3,91400
VTA,20100702,11.5,11.6,10.9,11.2,133700
VTA,20100701,10.3,11.6,10.3,11.5,310900
VTA,20100630,11.8,11.8,10.6,10.9,104100
VTA,20100629,11.3,11.7,11,11.3,198900
VTA,20100628,12,12.5,11.2,11.6,132300
VTA,20100625,12.1,12.1,11.4,12,392100
VTA,20100624,11,11.4,10.9,11.4,276400
VTA,20100623,11,11.1,10.3,10.7,179200
VTA,20100622,11,11.1,10.5,11,318300
VTA,20100621,10.3,10.4,10.2,10.4,108600
VTA,20100618,9.5,9.9,9.3,9.8,258500
VTA,20100617,9.4,9.5,9.1,9.3,81900
VTA,20100616,9.4,9.9,9.2,9.4,94700
VTA,20100615,9.5,9.5,9.3,9.4,154500
VTA,20100614,10.2,10.2,9.6,9.9,167100
VTA,20100611,9.8,9.8,9.7,9.8,260300
VTA,20100610,9.2,9.2,9,9.2,136000
VTA,20100609,8.6,8.6,8.6,8.6,3500
VTA,20100608,7.9,8.8,7.9,8.1,220000
VTA,20100607,8.4,9.3,8.4,8.4,185800
VTA,20100521,9,9,9,9,269300
VTA,20100520,9.6,9.6,9.6,9.6,14900
VTA,20100519,10.3,10.3,10.3,10.3,13500
VTA,20100518,11.5,11.5,10.9,11,74100
VTA,20100517,11.5,11.8,11.5,11.7,121800
VTA,20100514,12.1,12.1,10.7,11.1,162000
VTA,20100513,11.4,12.2,11.4,11.5,180000
VTA,20100512,12.2,12.6,12.2,12.2,102600
VTA,20100511,13,14,13,13.1,311000
VTA,20100510,14.2,14.2,12.7,13.9,1012100
VTA,20100507,13.3,13.3,13.3,13.3,387900
VTA,20100506,12.5,12.5,12.5,12.5,89000
VTA,20100505,11.6,11.7,11.6,11.7,214000
VTA,20100504,11,11,11,11,37000
VTA,20100429,10,10.4,9.8,10.3,234300
VTA,20100428,9.3,10,9.3,9.8,61600
VTA,20100427,9.6,10,9.6,9.7,211600
VTA,20100426,10.8,10.8,10.2,10.3,57400
VTA,20100422,11.1,11.1,10,10.9,373000
VTA,20100421,10.3,10.4,10.3,10.4,69200
VTA,20100420,9.3,9.8,9.3,9.8,232200
VTA,20100419,9.1,9.4,9,9.2,130300
VTA,20100416,9,9.3,8.9,9.1,129000
VTA,20100415,9,9.2,9,9,32600
VTA,20100414,9.4,9.4,8.9,9,31900
VTA,20100413,9.4,9.6,9.2,9.4,46200
VTA,20100412,9.1,9.6,9,9.3,163600
VTA,20100409,9,9.3,8.8,9,97000
VTA,20100408,9,9,8.7,8.9,87400
VTA,20100407,8.9,9,8.7,8.9,41200
VTA,20100406,8.9,8.9,8.8,8.8,45000
VTA,20100405,8.7,8.9,8.7,8.8,41300
VTA,20100402,9.1,9.1,8.8,8.8,17800
VTA,20100401,8.7,8.9,8.7,8.8,33500
VTA,20100331,9.1,9.1,8.8,8.8,42200
VTA,20100330,9,9,8.7,8.9,59800
VTA,20100329,9,9.1,8.8,8.9,25100
VTA,20100326,9.1,9.3,8.8,9,32900
VTA,20100325,9.3,9.3,8.9,8.9,38800
VTA,20100324,9.1,9.6,9,9.1,80300
VTA,20100323,9,9.3,8.9,9,20000
VTA,20100322,9.4,9.6,9,9.2,38200
VTA,20100319,9.5,9.6,9.4,9.6,126900
VTA,20100318,9.2,9.5,8.8,9,134900
VTA,20100317,9.4,9.5,9.2,9.2,63000
VTA,20100316,10.5,10.5,9.3,9.8,226800
VTA,20100315,9.9,9.9,9.9,9.9,93800
VTA,20100312,8.9,9.4,8.9,9.3,134800
VTA,20100311,8.7,8.9,8.7,8.8,40300
VTA,20100310,9,9,8.6,8.8,42600
VTA,20100309,9.4,9.4,8.8,9,31100
VTA,20100308,9,9.2,8.8,9,55700
VTA,20100305,8.9,8.9,8.6,8.8,13500
VTA,20100304,8.8,9.3,8.8,9,57400
VTA,20100303,8.4,8.9,8.4,8.7,22000
VTA,20100302,8.9,8.9,8.4,8.5,40100
VTA,20100301,8.9,8.9,8.5,8.6,15200
VTA,20100226,8.5,8.7,8.5,8.7,20400
VTA,20100225,8.9,8.9,8.6,8.8,8400
VTA,20100224,8.5,8.8,8.5,8.6,6400
VTA,20100223,8.9,8.9,8.6,8.6,7300
VTA,20100222,9,9,8.8,8.9,6800
VTA,20100212,8.4,9,8.4,8.9,15200
VTA,20100211,8.4,8.8,8.4,8.6,51200
VTA,20100210,9.1,9.1,8.8,9,10300
VTA,20100209,9.2,9.2,8.8,8.9,6800
VTA,20100208,9.2,9.2,8.9,9,2100
VTA,20100205,9.1,9.2,8.8,9,17500
VTA,20100204,9.2,9.2,9,9.1,10200
VTA,20100203,9.2,9.2,9,9.1,8000
VTA,20100202,9.2,9.2,9,9,24100
VTA,20100201,9.4,9.4,8.9,9,9800
VTA,20100129,9.1,9.2,8.8,9,14500
VTA,20100128,9.6,9.6,8.9,9,13800
VTA,20100127,9.9,10,9.2,9.4,37800
VTA,20100126,9.3,9.7,9.3,9.6,42400
VTA,20100125,9.3,9.3,9,9.1,8000
VTA,20100122,9.6,9.6,8.8,9,24700
VTA,20100121,9.3,9.5,8.9,9.1,45600
VTA,20100120,10,10.1,9.2,9.5,35100
VTA,20100119,9.7,9.9,9.5,9.7,16900
VTA,20100118,10.4,10.4,9.4,9.5,117000
VTA,20100115,10.6,10.6,10,10.1,15600
VTA,20100114,10.6,10.6,10.3,10.5,31200
VTA,20100113,10.5,10.5,9.6,10.2,45900
VTA,20100112,10.3,10.6,10,10.2,85300
VTA,20100111,10.9,11,10.5,10.7,23300
VTA,20100108,11.5,11.6,10.6,11.1,83200
VTA,20100107,10.9,11.5,10.9,11.2,60400
VTA,20100106,12.1,12.2,11.4,11.5,123800
VTA,20100105,12.4,12.5,11.7,12.2,119700
VTA,20100104,11.3,11.9,11.2,11.7,80000
VTA,20091231,11.2,11.3,10.3,11.2,95800
VTA,20091230,9.5,10.7,9.5,10.6,113800
VTA,20091229,10,10.2,9.8,10,84600
VTA,20091228,11.2,11.2,10,10.4,97300
VTA,20091225,10.5,10.5,10,10.5,73500
VTA,20091224,9.6,10.2,9.4,9.9,72500
VTA,20091223,9.9,9.9,9.2,9.6,55300
VTA,20091222,10.4,10.4,9.5,9.8,70800
VTA,20091221,9.8,9.9,9.7,9.9,44500
VTA,20091218,9,9.3,9,9.3,65100
VTA,20091217,9,9,8.4,8.7,72000
VTA,20091216,9.5,9.5,9,9,46500
VTA,20091215,10,10,9.5,9.6,41800
VTA,20091214,9.3,10,9.2,9.7,59000
VTA,20091211,9.7,9.7,9.3,9.4,699900
VTA,20091210,10.5,10.5,9.7,10,39900
VTA,20091209,10.9,10.9,10.3,10.3,147500
VTA,20091208,11.2,11.3,11,11,21500
VTA,20091207,11.7,11.7,10.9,11.2,59500
VTA,20091204,11.8,12,11.3,11.7,61000
VTA,20091203,11.5,12.1,11.3,11.5,111400
VTA,20091202,12.9,12.9,11.5,12.1,81200
VTA,20091201,12.1,12.3,12.1,12.3,115500
VTA,20091130,11.5,11.7,11,11.5,93600
VTA,20091127,10.7,11.9,10.7,11,174400
VTA,20091126,11.6,11.6,11.4,11.4,110600
VTA,20091125,12.5,13,11.9,12.2,181600
VTA,20091124,12.5,12.7,12.4,12.7,258700
VTA,20091123,12.4,12.4,11.7,11.9,80000
VTA,20091120,12.9,12.9,12.1,12.5,82000
VTA,20091119,12.8,13,12.5,12.9,58200
VTA,20091118,13,13,12.4,12.8,50200
VTA,20091117,13.5,13.5,12.5,12.9,55900
VTA,20091116,13.5,13.5,12.7,13,50100
VTA,20091113,13.7,14,13.3,13.5,61900
VTA,20091112,14.2,14.3,13.5,14.1,169300
VTA,20091111,13.3,14.1,13,13.5,248700
VTA,20091110,14.3,14.5,12.8,13.2,75500
VTA,20091109,13.8,13.8,13.2,13.7,465300
VTA,20091106,12.9,12.9,12.9,12.9,17600
VTA,20091105,12.1,12.1,12.1,12.1,5200
VTA,20091104,10.6,12,10.6,11.4,53700
VTA,20091103,11.5,12,11.2,11.3,112600
VTA,20091102,12,12.4,12,12,140400
VTA,20091030,12.6,13.5,12.6,12.8,531300
VTA,20091029,13.5,13.5,13.5,13.5,21200
VTA,20091028,14.5,14.5,14.5,14.5,42600
VTA,20091027,15.5,15.5,15.5,15.5,13400
VTA,20091026,16.6,16.6,16.6,16.6,40500
VTA,20091023,18.7,18.8,16.4,17.8,600700
VTA,20091022,17.6,17.6,17.3,17.6,525700
VTA,20091021,16.5,16.5,16.5,16.5,216700
VTA,20091020,15.5,15.5,15.5,15.5,93000
VTA,20091019,14.5,14.5,13.5,14.5,647000
VTA,20091016,13.6,13.6,13.6,13.6,121800
VTA,20091015,12.8,12.8,12.8,12.8,109300
VTA,20091014,12,12,12,12,138300
VTA,20091013,11.5,11.5,10.5,11.3,161900
VTA,20091012,10.5,11.1,10.4,10.8,199900
VTA,20091009,10.5,10.7,10.3,10.4,113800
VTA,20091008,11.1,11.1,10.3,10.5,45400
VTA,20091007,10.7,10.8,10.5,10.6,37500
VTA,20091006,11,11,10.5,10.6,15100
VTA,20091005,10.5,10.8,10.4,10.5,18100
VTA,20091002,10.7,11,10.7,10.8,75900
VTA,20091001,11.4,11.7,11.2,11.4,27000
VTA,20090930,11.5,11.7,11.3,11.5,73600
VTA,20090929,11.7,11.7,11,11.3,38300
VTA,20090928,11.9,12.3,11.5,11.7,84000
VTA,20090925,11.1,11.9,11.1,11.7,161900
VTA,20090924,11.6,11.6,11,11.2,80900
VTA,20090923,12.4,12.4,11.5,11.8,171600
VTA,20090922,11.8,11.8,11.5,11.8,217900
VTA,20090921,10.8,11.1,10.8,11.1,32400
VTA,20090918,10.6,10.8,10.1,10.4,137200
VTA,20090917,11.2,11.2,10.6,10.8,25200
VTA,20090916,11.5,11.5,10.8,11.1,65500
VTA,20090915,12.9,12.9,11.3,11.6,187100
VTA,20090914,12.1,12.1,12,12.1,272900
VTA,20090911,11.4,11.4,11.4,11.4,82700
VTA,20090910,10.8,10.8,10.1,10.7,174200
VTA,20090909,10.3,10.3,10,10.1,17200
VTA,20090908,10.2,10.4,10.2,10.2,22700
VTA,20090907,10,10.9,10,10.2,44900
VTA,20090904,10.4,10.5,10.2,10.3,49800
VTA,20090903,11.5,11.5,10.5,10.9,58300
VTA,20090901,10.9,10.9,10.4,10.9,157200
VTA,20090831,10,10.2,10,10.2,55600
VTA,20090828,9.3,9.6,9.3,9.6,75900
VTA,20090827,9.1,9.2,8.9,9,35200
VTA,20090826,9,9,8.9,9,15400
VTA,20090825,8.8,9,8.8,8.9,11700
VTA,20090824,9,9,8.6,8.8,14600
VTA,20090821,9,9.2,9,9,22900
VTA,20090820,9.4,9.4,9,9.1,7000
VTA,20090819,9,9.2,9,9.2,7900
VTA,20090818,9,9.1,9,9,11000
VTA,20090817,9.3,9.3,9.2,9.2,5200
VTA,20090814,9.7,9.7,8.9,9.3,15100
VTA,20090813,9.5,10.3,9.1,9.3,46300
VTA,20090812,10,10.1,9.6,9.7,26100
VTA,20090811,11,11,10,10.3,30200
VTA,20090810,10.5,10.5,10.5,10.5,19800
VTA,20090807,9.9,9.9,9.7,9.9,34800
VTA,20090806,9,9.3,9,9.3,34100
VTA,20090723,8.7,9,8.5,8.9,12520
VTA,20090722,8.7,8.8,8.4,8.6,16630
VTA,20090721,8.3,8.7,8.3,8.5,11140
VTA,20090720,8.9,9,8.5,8.5,21500
VTA,20090717,9.2,9.2,8.8,8.9,40720
VTA,20090716,9.4,9.4,8.8,9.2,4170
VTA,20090715,9.2,9.4,9,9.2,22480
VTA,20090714,9,9.3,9,9,11200
VTA,20090713,9.9,9.9,9.3,9.4,3770
VTA,20090710,9.3,10,9.3,9.4,13940
VTA,20090709,10,10,9.7,9.8,10380
VTA,20090708,9.5,10,9.5,9.6,15300
VTA,20090707,10.1,10.1,10,10.1,12300
VTA,20090706,9.6,9.8,9.6,9.7,4090
VTA,20090703,8.7,9.4,8.7,9,18210
VTA,20090702,9.3,9.3,9.1,9.2,30220
VTA,20090701,9.5,9.5,9.5,9.5,6650
VTA,20090630,10,10.1,10,10,21150
VTA,20090629,10,10.9,10,10.4,21700
VTA,20090626,10.4,10.5,10.4,10.4,25900
VTA,20090625,11,11.4,10.9,11,24460
VTA,20090624,10.4,11.4,10.4,11.1,71740
VTA,20090623,10.9,10.9,10.9,10.9,5870
VTA,20090622,11.4,11.4,11.4,11.4,12610
VTA,20090619,12,12.9,12,12,32060
VTA,20090618,12.9,12.9,11.9,12.7,66210
VTA,20090617,12.3,12.3,12.3,12.3,11130
VTA,20090616,13,13,12.9,12.9,46700
VTA,20090615,13.5,13.5,12.9,13.5,164520
VTA,20090612,12.9,12.9,12.9,12.9,18850
VTA,20090611,12.3,12.3,12.3,12.3,19320
VTA,20090610,11.8,11.8,11.8,11.8,140650
VTA,20090609,11.3,11.3,10.9,11.3,96820
VTA,20090608,10.8,10.8,10.8,10.8,10110
VTA,20090605,10.3,10.3,10.3,10.3,36210
VTA,20090604,9.8,9.9,9.8,9.9,64250
VTA,20090603,9.9,9.9,9.5,9.7,23920
VTA,20090602,9.7,9.8,9.7,9.8,33460
VTA,20090601,8.7,9.4,8.7,9.2,19910
VTA,20090529,9.2,9.2,9.1,9.1,28860
VTA,20090528,9.5,10,9.5,9.5,20880
VTA,20090527,10,10,9.2,10,39340
VTA,20090526,9.6,9.6,9.6,9.6,35980
VTA,20090525,9.2,9.2,8.8,9.2,35980
VTA,20090522,8.8,8.8,8.6,8.8,57310
VTA,20090521,8.4,8.4,8.4,8.4,18330
VTA,20090520,8,8,7.9,8,23800
VTA,20090519,7.5,7.7,7.5,7.6,59610
VTA,20090518,7.4,7.4,7.3,7.4,12490
VTA,20090515,7.3,7.3,7.2,7.3,27180
VTA,20090514,7.2,7.2,7,7.2,6730
VTA,20090513,7.2,7.3,7,7.2,51340
VTA,20090512,6.7,7.2,6.6,6.8,420440
VTA,20090511,6.8,7,6.8,6.8,13480
VTA,20090508,6.9,7,6.9,6.9,13280
VTA,20090507,7.1,7.3,7.1,7.2,14240
VTA,20090506,7.3,7.5,7.3,7.4,17690
VTA,20090505,7.6,7.6,7.6,7.6,26750
VTA,20090504,7,7.3,7,7.2,21620
VTA,20090429,6.8,7,6.8,6.9,11590
VTA,20090428,6.9,7,6.9,6.9,9170
VTA,20090427,7.3,7.3,7.1,7.2,24280
VTA,20090424,7.6,7.6,7.3,7.3,4360
VTA,20090423,7.7,7.7,7.6,7.6,24400
VTA,20090422,7.4,7.6,7.3,7.5,228520
VTA,20090421,6.9,7.3,6.9,7,48080
VTA,20090420,7.4,7.4,7.1,7.4,102500
VTA,20090417,7.1,7.1,6.8,7,48120
VTA,20090416,6.8,6.8,6.7,6.8,29710
VTA,20090415,6.6,6.7,6.5,6.6,24210
VTA,20090414,6.3,6.5,6.3,6.4,41530
VTA,20090413,6.3,6.3,6.1,6.3,30680
VTA,20090410,6,6,5.9,6,27580
VTA,20090409,5.7,5.9,5.7,5.8,31170
VTA,20090408,6,6.3,6,6.1,40720
VTA,20090407,6.3,6.3,6.1,6.3,19690
VTA,20090403,6,6,6,6,15590
VTA,20090402,5.8,5.8,5.7,5.8,11900
VTA,20090401,5.6,5.6,5.6,5.6,18050
VTA,20090331,5,5.4,5,5.3,13830
VTA,20090330,5.1,5.3,5.1,5.1,14980
VTA,20090327,5.4,5.4,5.2,5.3,18050
VTA,20090326,5.2,5.2,5.1,5.2,25820
VTA,20090325,5,5,5,5,7820
VTA,20090324,5.1,5.1,4.8,5,13730
VTA,20090323,4.8,4.9,4.7,4.8,8400
VTA,20090320,5.1,5.1,4.8,4.8,11430
VTA,20090319,5.2,5.3,5,5.1,7690
VTA,20090318,5.2,5.2,5.1,5.2,6810
VTA,20090317,5.2,5.2,5,5,7320
VTA,20090316,4.9,5,4.9,5,3610
VTA,20090313,5.2,5.3,4.9,4.9,1730
VTA,20090312,5.2,5.2,5.1,5.2,2470
VTA,20090311,5.2,5.2,5,5.2,5090
VTA,20090310,5,5.2,5,5,1640
VTA,20090309,4.9,5.1,4.9,5,2970
VTA,20090306,4.8,5,4.8,4.9,4100
VTA,20090305,4.8,4.9,4.8,4.9,4590
VTA,20090304,4.7,4.8,4.7,4.7,2360
VTA,20090303,4.4,4.8,4.4,4.5,3300
VTA,20090302,4.5,4.7,4.5,4.5,3540
VTA,20090227,4.9,4.9,4.5,4.6,2570
VTA,20090226,4.7,4.8,4.7,4.7,9370
VTA,20090225,5,5,4.9,4.9,19600
VTA,20090224,4.8,4.9,4.8,4.8,10050
VTA,20090223,4.8,4.8,4.6,4.7,5930
VTA,20090220,4.3,4.6,4.3,4.5,15980
VTA,20090219,4.4,4.7,4.4,4.4,11650
VTA,20090218,4.6,4.6,4.6,4.6,1710
VTA,20090217,4.8,4.8,4.8,4.8,300
VTA,20090216,5,5,5,5,2300
VTA,20090213,5.2,5.2,5.2,5.2,200
VTA,20090212,5.4,5.4,5.4,5.4,500
VTA,20090211,5.6,5.6,5.6,5.6,1500
VTA,20090210,5.9,5.9,5.8,5.8,210
VTA,20090209,6,6.1,5.8,5.9,1620
VTA,20090206,6,6,6,6,570
VTA,20090205,6,6,6,6,10
VTA,20090204,5.9,6,5.9,5.9,5980
VTA,20090203,6.1,6.1,5.8,5.8,2210
VTA,20090202,6.5,6.7,6.1,6.1,2030
VTA,20090123,6.4,6.7,6.4,6.4,4330
VTA,20090122,6.7,6.7,6.7,6.7,20
VTA,20090121,6.3,6.5,6.3,6.3,4520
VTA,20090120,6.6,6.6,6.6,6.6,30
VTA,20090119,6.7,6.7,6.4,6.4,8700
VTA,20090116,6.6,6.7,6.6,6.7,3020
VTA,20090115,6.3,6.7,6.3,6.4,720
VTA,20090114,6.3,6.5,6.3,6.4,2950
VTA,20090113,6.2,6.3,6.2,6.2,1440
VTA,20090112,6.2,6.2,6.2,6.2,3060
VTA,20090109,6.5,6.5,6.5,6.5,20
VTA,20090108,6.5,6.5,6.4,6.5,5600
VTA,20090107,6.7,6.8,6.7,6.7,14390
VTA,20090106,6.7,6.8,6.7,6.7,11210
VTA,20090105,6.7,6.7,6.7,6.7,740
VTA,20090102,6.7,6.7,6.3,6.4,4620
VTA,20081231,6.4,6.7,6.4,6.4,1640
VTA,20081230,6.5,6.7,6.5,6.6,1950
VTA,20081229,6.8,6.8,6.5,6.6,6060
VTA,20081226,6.8,6.8,6.8,6.8,60
VTA,20081225,6.5,6.8,6.5,6.5,3890
VTA,20081224,6.5,6.8,6.5,6.7,900
VTA,20081223,6.5,6.8,6.5,6.5,10940
VTA,20081222,6.5,6.8,6.4,6.7,12490
VTA,20081219,6.5,6.5,6.2,6.4,6740
VTA,20081218,6.5,6.5,6.4,6.5,7270
VTA,20081217,6.2,6.5,6.2,6.2,1310
VTA,20081216,6.2,6.2,6.2,6.2,3480
VTA,20081215,6.2,6.5,6.2,6.3,6090
VTA,20081212,6.3,6.3,6.3,6.3,1740
VTA,20081211,5.8,6,5.8,5.9,2860
VTA,20081210,6.1,6.1,5.8,6.1,13340
VTA,20081209,6.1,6.1,6.1,6.1,2540
VTA,20081208,6.4,6.4,6.4,6.4,1130
VTA,20081205,6.5,6.7,6.4,6.4,8010
VTA,20081204,6.7,6.8,6.7,6.7,5990
VTA,20081203,6.7,7,6.7,6.7,2520
VTA,20081202,7,7,7,7,1570
VTA,20081201,7.3,7.3,7.2,7.2,160
VTA,20081128,7,7.1,7,7,1090
VTA,20081127,6.8,7,6.8,6.9,14000
VTA,20081126,7.3,7.3,7,7.2,3030
VTA,20081125,7.2,7.2,7.2,7.2,26850
VTA,20081124,7.5,7.6,7.3,7.5,5840
VTA,20081121,7.6,7.6,7.3,7.5,4360
VTA,20081120,7.6,7.6,7.6,7.6,5140
VTA,20081119,7.9,8,7.6,7.7,7620
VTA,20081118,7.8,8,7.8,7.8,5530
VTA,20081117,8,8,7.5,7.7,4320
VTA,20081114,7.8,8.1,7.8,8,17530
VTA,20081113,8.1,8.1,7.7,7.9,11010
VTA,20081112,8.1,8.1,8.1,8.1,5340
VTA,20081111,8.5,8.5,8,8.1,4830
VTA,20081111,8.5,8.5,8,8.1,4830
VTA,20081110,8.4,8.4,8.4,8.4,1680
VTA,20081107,8,8.1,8,8,10580
VTA,20081106,8.4,8.9,8.4,8.4,3020
VTA,20081105,8.8,9,8.7,8.8,24050
VTA,20081104,8.8,8.9,8.3,8.6,3590
VTA,20081103,8.7,8.7,8.3,8.3,5520
VTA,20081031,8.7,8.8,8.5,8.8,4470
VTA,20081030,8.7,8.7,8.3,8.4,4730
VTA,20081029,8.4,8.4,8.4,8.4,5720
VTA,20081028,8,8,7.7,7.7,6760
VTA,20081027,8.1,8.2,8.1,8.1,18920
VTA,20081024,8.5,8.8,8.5,8.6,6470
VTA,20081023,8.8,9.1,8.8,8.9,8280
VTA,20081022,9.2,9.6,9.2,9.3,9610
VTA,20081021,9.6,9.7,9.3,9.6,1790
VTA,20081020,9.3,9.5,9.2,9.3,12710
VTA,20081017,9.6,9.6,9.3,9.5,9940
VTA,20081016,9.6,10,9.6,9.6,2930
VTA,20081015,10.1,10.2,10,10.1,9140
VTA,20081014,9.9,9.9,9.9,9.9,130
VTA,20081013,9.1,9.5,9.1,9.3,720
VTA,20081010,9.6,9.6,9.4,9.5,7590
VTA,20081009,9.3,9.9,9.3,9.6,9250
VTA,20081008,10,10,9.5,9.8,7250
VTA,20081007,9.6,10.1,9.6,9.6,14990
VTA,20081006,10.2,10.4,10.1,10.2,24600
VTA,20081003,10.1,10.7,10.1,10.4,11470
VTA,20081002,10.2,10.5,10.1,10.3,16130
VTA,20081001,9.9,10.2,9.7,10,41470
VTA,20080930,9.8,9.8,9.8,9.8,17150
VTA,20080929,10.2,10.6,10,10.2,17340
VTA,20080926,11.1,11.1,10.5,10.8,23720
VTA,20080925,10.7,11.2,10.7,10.8,19520
VTA,20080924,11.3,11.7,11.2,11.3,7370
VTA,20080923,10.9,11.7,10.9,11,33100
VTA,20080922,11.4,11.4,11.4,11.4,4600
VTA,20080919,10.9,10.9,10.8,10.9,41210
VTA,20080918,10.4,10.4,10.4,10.4,5310
VTA,20080917,10.9,10.9,10.9,10.9,11600
VTA,20080916,11.9,11.9,11.4,11.6,24620
VTA,20080915,11.1,12,11.1,11.6,60920
VTA,20080912,11.5,11.6,11.5,11.5,53050
VTA,20080911,12.1,12.1,12.1,12.1,52710
VTA,20080910,13.3,13.3,12.1,13,155310
VTA,20080909,12.7,12.7,12.7,12.7,17070
VTA,20080908,12.1,12.1,12.1,12.1,41890
VTA,20080905,11.6,11.6,11.6,11.6,33430
VTA,20080904,11.1,11.1,10.8,11.1,65440
VTA,20080903,10.6,10.6,10.6,10.6,34560
VTA,20080829,10.1,10.3,10.1,10.1,29760
VTA,20080828,10.7,11,10.6,10.7,25470
VTA,20080827,11.1,11.1,11,11.1,71370
VTA,20080826,10.6,10.6,10.6,10.6,13510
VTA,20080825,10.1,10.1,10.1,10.1,22190
VTA,20080822,9.6,9.7,9.3,9.6,52830
VTA,20080821,8.7,9.3,8.6,8.9,1970
VTA,20080820,8.9,9.2,8.9,9,10500
VTA,20080819,9.8,9.8,9.2,9.7,20240
VTA,20080818,9.6,9.8,9.5,9.6,11280
VTA,20080815,9.5,9.5,9.5,9.5,14890
VTA,20080814,9,9.3,8.9,9.2,32680
VTA,20080813,9,9.1,8.8,8.9,8640
VTA,20080812,9.4,9.4,9,9.3,8870
VTA,20080811,9.2,9.2,9.2,9.2,3970
VTA,20080808,8.9,9,8.8,8.9,4500
VTA,20080807,9,9.2,8.8,9,9550
VTA,20080806,8.8,9.2,8.8,8.9,9550
VTA,20080805,8.8,9,8.8,8.8,9270
VTA,20080804,9,9.1,9,9.1,13670
VTA,20080801,9.1,9.5,9.1,9.2,8310
VTA,20080731,9.3,9.5,9.3,9.3,14730
VTA,20080730,9.5,9.5,9.5,9.5,4800
VTA,20080729,9.8,9.8,9.7,9.8,9880
VTA,20080728,9.3,9.6,9.2,9.4,18560
VTA,20080725,9.2,9.4,9.1,9.2,11190
VTA,20080724,9.3,9.4,9.3,9.3,31580
VTA,20080723,9.5,9.5,9.5,9.5,1450
VTA,20080722,9.7,9.7,9.7,9.7,220
VTA,20080721,9.9,9.9,9.9,9.9,3300
VTA,20080718,10.2,10.2,10.2,10.2,10890
VTA,20080717,10.5,10.8,10.5,10.5,47960
VTA,20080716,11.2,11.2,10.6,11,34740
VTA,20080715,10.9,10.9,10.9,10.9,20740
VTA,20080714,10.6,10.6,10.6,10.6,15940
VTA,20080711,10.3,10.3,10.2,10.3,26840
VTA,20080710,10.2,10.2,9.8,10,13710
VTA,20080709,10.2,10.2,10,10.1,16990
VTA,20080708,10,10,10,10,8800
VTA,20080707,10.9,10.9,10.3,10.7,22460
VTA,20080704,10.6,10.6,10.6,10.3,25610
VTA,20080703,10.3,10.3,10.3,10.3,18250
VTA,20080702,10,10,9.8,10,22050
VTA,20080701,9.8,9.8,9.8,9.8,16400
VTA,20080630,9.9,9.9,9.6,9.8,7800
VTA,20080627,9.4,9.8,9.4,9.5,9850
VTA,20080626,10,10,9.6,9.8,28010
VTA,20080625,9.6,9.8,9.6,9.7,18420
VTA,20080624,9.6,9.6,9.4,9.5,33740
VTA,20080623,9.6,10,9.6,9.6,24070
VTA,20080620,9.8,9.8,9.8,9.8,10460
VTA,20080619,10.4,10.4,10.1,10.2,5100
VTA,20080618,10.8,10.8,10.4,10.7,17720
VTA,20080617,10.4,10.6,10.4,10.5,70
VTA,20080616,10.4,10.4,10.4,10.4,510
VTA,20080613,10,10.2,10,10,2170
VTA,20080612,10,10,9.8,10,3420
VTA,20080611,9.7,9.9,9.7,9.8,4470
VTA,20080610,9.8,9.8,9.8,9.8,4360
VTA,20080609,9.9,9.9,9.9,9.9,1350
VTA,20080606,10.1,10.1,10.1,10.1,1340
VTA,20080605,10.3,10.3,10.3,10.3,10
VTA,20080604,10.5,10.5,10.5,10.5,240
VTA,20080603,10.7,10.7,10.7,10.7,230
VTA,20080602,10.9,10.9,10.9,10.9,260
VTA,20080530,11.1,11.1,11.1,11.1,2900
VTA,20080526,11.3,11.3,11.3,11.3,100
VTA,20080522,11.7,11.7,11.7,11.7,160
VTA,20080521,11.9,11.9,11.9,11.9,200
VTA,20080520,12.1,12.1,12.1,12.1,780
VTA,20080519,12.3,12.3,12.3,12.3,430
VTA,20080516,12.5,12.9,12.5,12.6,10860
VTA,20080515,12.7,12.7,12.7,12.7,100
VTA,20080514,12.9,12.9,12.9,12.9,400
VTA,20080513,13.1,13.1,13.1,13.1,200
VTA,20080512,13.3,13.3,13.3,13.3,1310
VTA,20080509,13.5,13.5,13.5,13.5,210
VTA,20080508,13.7,13.7,13.7,13.7,1100
VTA,20080507,13.9,13.9,13.9,13.9,210
VTA,20080506,14.1,14.1,14.1,14.1,3250
VTA,20080505,14.3,14.3,14.3,14.3,2610
VTA,20080429,14.5,14.7,14.5,14.5,2390
VTA,20080428,14.3,14.7,14.3,14.3,10740
VTA,20080425,14.6,14.6,14.3,14.5,5740
VTA,20080424,14.3,14.4,14.3,14.3,7000
VTA,20080423,14.7,14.7,14.5,14.6,39530
VTA,20080422,14.7,14.9,14.5,14.6,13180
VTA,20080421,14.7,14.9,14.7,14.7,9590
VTA,20080418,14.9,14.9,14.5,14.8,3600
VTA,20080417,14.3,14.7,14.3,14.3,9200
VTA,20080416,14.5,14.5,14.5,14.5,18820
VTA,20080411,14.7,14.7,14.7,14.7,8240
VTA,20080410,14.9,14.9,14.9,14.9,3040
VTA,20080409,15.3,15.5,15.2,15.3,8090
VTA,20080408,15.8,15.8,15.2,15.6,28240
VTA,20080407,15.5,15.5,15.5,15.5,3100
VTA,20080404,15.2,15.2,15.2,15.2,510
VTA,20080403,15,15.1,15,15,2000
VTA,20080402,15,15,15,15,6000
VTA,20080401,14.9,14.9,14.9,14.9,3600
VTA,20080331,14.8,14.8,14.8,14.8,41280
VTA,20080328,14.7,14.7,14.7,14.7,3290
VTA,20080327,14.6,14.6,14.6,14.6,6440
VTA,20080326,13.7,14.5,13.7,13.8,23120
VTA,20080325,14.2,14.2,14.2,14.2,21930
VTA,20080324,14.9,15.4,14.9,14.9,28930
VTA,20080321,15.6,15.6,15.2,15.5,29300
VTA,20080320,15.2,15.5,15,15.1,22440
VTA,20080319,15.9,17,15.5,15.6,48870
VTA,20080318,16.3,16.3,16.3,16.3,14090
VTA,20080317,17.7,17.7,17.1,17.4,9740
VTA,20080314,17.9,18,17.9,17.9,11450
VTA,20080313,17.6,18.6,17.6,18.4,18780
VTA,20080312,18.4,19.3,18.4,18.9,53480
VTA,20080311,18.9,19,18,18.8,48180
VTA,20080310,18.4,18.4,18.4,18.4,10510
VTA,20080307,17.6,17.6,17.6,17.6,5260
VTA,20080306,16.8,16.8,16.8,16.8,13030
VTA,20080305,16,16,16,16,14340
VTA,20080304,16.8,16.8,16.8,16.8,5580
VTA,20080303,17.8,17.8,17.6,17.6,14880
VTA,20080229,19.4,19.4,18.5,18.9,22700
VTA,20080228,19.4,19.5,19.4,19.4,27010
VTA,20080227,20,20,19.5,19.6,6470
VTA,20080226,21,21,19.4,20.5,18160
VTA,20080225,20.4,20.4,20.4,20.4,14990
VTA,20080222,18.6,19.5,18.6,18.8,17510
VTA,20080221,19.5,19.5,19.5,19.5,20120
VTA,20080220,21.1,21.1,20.5,20.7,13060
VTA,20080219,20.2,21,20.1,20.4,21290
VTA,20080218,20.7,21.5,20.7,20.7,12580
VTA,20080215,22.5,22.5,21.7,21.8,19140
VTA,20080214,22,22.8,22,22.5,7930
VTA,20080213,22.3,22.5,22.2,22.3,7350
VTA,20080212,23.7,23.7,23,23.1,3570
VTA,20080201,22.5,23.6,22.5,23,26850
VTA,20080131,22.5,22.5,22.4,22.5,19580
VTA,20080130,23.5,23.5,22.8,23.4,32480
VTA,20080129,21.6,22.4,21.6,22,11030
VTA,20080128,21.7,21.7,21.7,21.7,16890
VTA,20080125,21.5,21.7,21.5,21.6,7150
VTA,20080124,22,22.5,21.1,22.1,2730
VTA,20080123,20.6,21.9,20.5,20.8,9780
VTA,20080122,21.5,21.5,21.5,21.5,7620
VTA,20080121,21.5,22.5,21.5,5,450
VTA,20080118,21,22.3,21,5,8970
VTA,20080117,20.6,22,20.6,5,6740
VTA,20080116,20.6,21.6,20.6,5,3920
VTA,20080115,21.2,21.4,20.6,5,26150
VTA,20080114,20.9,21.7,20.9,5,9710
VTA,20080111,21.5,21.8,21.5,5,1180
VTA,20080110,22,22,21.9,5,4730
VTA,20080109,23.9,23.9,23,5,53180
VTA,20080108,23.7,23.9,23.7,5,12700
VTA,20080107,24.2,24.2,23.8,5,9380
VTA,20080104,23.4,24.2,23.4,5,10920
VTA,20080103,24.6,24.6,23.7,5,9400
VTA,20080102,24.6,24.9,24.6,5,2310
VTA,20071228,24.6,24.6,24.6,5,2990
VTA,20071227,24.6,24.6,24.6,5,2360
VTA,20071226,25,25,24.5,5,6360
VTA,20071225,24.6,25,24.6,5,9600
VTA,20071224,25,25,24.9,5,8400
VTA,20071221,24.7,25.6,24.7,5,7020
VTA,20071220,26.2,26.2,25.6,5,11370
VTA,20071219,24.9,25.5,24.5,5,10750
VTA,20071218,23.6,24.8,23.6,5,3260
VTA,20071217,25,25.1,24.8,5,7350
VTA,20071214,24.6,25.1,24.6,5,5140
VTA,20071213,25,25,25,5,9400
VTA,20071212,25.4,25.4,25.4,5,4260
VTA,20071211,25.5,25.5,25,5,24900
VTA,20071210,25.1,25.1,24.8,5,13440
VTA,20071207,25.6,25.8,25.6,5,10700
VTA,20071206,25.5,25.6,25.4,5,10040
VTA,20071205,25.9,25.9,25.5,5,16660
VTA,20071204,26,26,25.5,5,12090
VTA,20071203,25.2,26,25.2,5,10850
VTA,20071130,26,26.3,25.9,5,27710
VTA,20071129,26,26,25.5,5,20260
VTA,20071128,25.2,25.4,25.2,5,10050
VTA,20071127,25.5,25.6,25.2,5,14910
VTA,20071126,25,25.4,25,5,15950
VTA,20071123,26,26,25.3,5,18710
VTA,20071122,25.4,26,25.4,5,11690
VTA,20071121,25,25.5,25,5,7160
VTA,20071120,26,26,25.8,5,18830
VTA,20071119,25.5,25.5,25.5,5,16720
VTA,20071116,26,26,25.5,5,14600
VTA,20071115,26,26.8,25.4,5,20880
VTA,20071114,25.5,26.4,25.5,5,32560
VTA,20071113,25.5,26,25.2,5,21810
VTA,20071112,26.8,26.8,26,5,23350
VTA,20071109,25.8,26.6,25.8,5,28350
VTA,20071108,27,27.5,27,5,35900
VTA,20071107,29.8,29.8,28.4,5,63140
VTA,20071106,29.8,29.8,29.8,5,106750
VTA,20071105,28.4,28.4,28.4,5,48090
VTA,20071102,27.1,27.1,26.8,5,109810
VTA,20071101,25.5,26,25.5,5,19690
VTA,20071031,26,26,25.5,5,35770
VTA,20071030,25.5,26,25.5,5,13120
VTA,20071029,26,26.6,25.7,5,15010
VTA,20071026,26.6,27,26.6,5,19640
VTA,20071025,27.1,27.1,26.6,5,39360
VTA,20071024,25.5,26.2,25.5,5,29830
VTA,20071023,25,26,25,5,24100
VTA,20071022,27,27,26,5,25420
VTA,20071019,27.7,27.7,26.5,5,68520
VTA,20071018,27.7,27.7,27.7,5,66870
VTA,20071017,26.4,26.4,26.4,5,9500
VTA,20071016,25,25.2,25,5,46830
VTA,20071015,21.3,21.4,21,5,91128
VTA,20071012,21.3,21.6,21.3,5,67794
VTA,20071011,22.4,22.4,21.6,5,70905
VTA,20071010,22.4,22.6,22.4,5,92981
VTA,20071009,21.8,21.8,21.3,5,97232
VTA,20071008,21.3,21.3,20.7,5,76047
VTA,20071005,22.7,22.7,21.1,5,183171
VTA,20071004,21.8,21.8,21.8,5,25958
VTA,20071003,21.1,21.1,21.1,5,56346
VTA,20071002,20.3,20.3,20.3,5,67628
VTA,20071001,19.4,19.6,19.3,5,47310
VTA,20070928,18.8,19.3,18.8,5,35363
VTA,20070927,18.7,19,18.7,5,15853
VTA,20070926,19.6,19.6,19,5,27336
VTA,20070925,18.5,19,18.5,5,16696
VTA,20070924,18.5,18.6,18.5,5,13418
VTA,20070921,18.2,18.8,18.2,5,10853
VTA,20070920,19,19,18.8,5,7956
VTA,20070919,18.6,18.8,18.6,5,20900
VTA,20070918,18.5,18.5,18.5,5,8027
VTA,20070917,18.5,18.8,18.5,5,10853
VTA,20070914,18.5,18.7,18.5,5,11340
VTA,20070913,18.6,18.7,18.5,5,7481
VTA,20070912,19,19,18.8,5,14285
VTA,20070911,19.5,19.5,19,5,38320
VTA,20070910,18.6,19.1,18.5,5,47381
VTA,20070907,18.5,18.5,18.5,5,8217
VTA,20070906,18,18.5,18,5,25293
VTA,20070905,18.4,18.4,18.2,5,5961
VTA,20070904,18.2,18.4,18.2,5,20092
VTA,20070831,17.9,18,17.9,5,4571
VTA,20070830,17.8,18.2,17.3,5,4583
VTA,20070829,17.8,17.9,17.7,5,2386
VTA,20070828,18.1,18.1,18.1,5,19237
VTA,20070827,18.2,18.2,17.9,5,17563
VTA,20070824,18.1,18.2,17.9,5,15722
VTA,20070823,17.8,17.9,17.8,5,13644
VTA,20070822,17.7,17.8,17.7,5,7742
VTA,20070821,18,18.1,18,5,9131
VTA,20070820,17.8,17.9,17.8,5,14380
VTA,20070817,17.7,17.9,17.7,5,8455
VTA,20070816,17.7,18.4,17.7,5,5593
VTA,20070815,17.9,18.2,17.9,5,16031
VTA,20070814,18.4,18.5,17.9,5,12943
VTA,20070813,17.9,18.5,17.9,5,5949
VTA,20070810,18.8,18.8,18.5,5,7338
VTA,20070809,18.4,18.5,18.4,5,26421
VTA,20070808,18.2,18.5,18.1,5,28630
VTA,20070807,18.4,18.5,18.2,5,14095
VTA,20070806,18.6,18.6,18.5,5,8846
VTA,20070803,19,19,18.6,5,10758
VTA,20070802,18.5,18.5,18.5,5,3431
VTA,20070801,19,19.1,17.9,5,12290
VTA,20070731,19,19.3,18.6,5,18085
VTA,20070730,19.1,19.1,19.1,5,1662
VTA,20070727,19.8,19.8,19.3,5,22004
VTA,20070726,19.5,19.5,19.3,5,7861
VTA,20070725,19.9,19.9,19.4,5,12540
VTA,20070724,19.4,19.9,19.4,5,10782
VTA,20070723,20.7,20.7,20,5,30875
VTA,20070720,20.7,20.7,20.7,5,49008
VTA,20070719,19,19.9,19,5,34093
VTA,20070718,19.3,19.3,19.3,5,10925
VTA,20070717,19.5,19.5,19.4,5,14487
VTA,20070716,19,19,19,5,20662
VTA,20070713,18.8,19.1,18.8,5,15093
VTA,20070712,19.3,19.5,19,5,11875
VTA,20070711,19.9,19.9,19.6,5,13311
VTA,20070710,19.6,19.6,19.6,5,23346
VTA,20070709,19.1,19.2,19.1,5,17729
VTA,20070706,19,19.1,18.8,5,15948
VTA,20070705,20.2,20.2,19,5,38926
VTA,20070704,19.7,19.7,19.7,5,37263
VTA,20070703,20.4,20.4,19.7,5,3265
VTA,20070702,21.2,21.2,20.4,5,45315
VTA,20070629,21.3,21.3,20.5,5,82365
VTA,20070628,21.3,21.3,21.3,5,323332
VTA,20070627,20.6,20.6,20.6,5,29188
VTA,20070626,19.1,19.8,19.1,5,1448
VTA,20070625,19,19.1,19,5,28856
VTA,20070622,18.5,18.5,18.5,5,6626
VTA,20070621,18.7,18.7,18.5,5,9820
VTA,20070620,18.3,18.5,18.2,5,18572
VTA,20070619,18.2,18.3,18.2,5,6768
VTA,20070618,18.4,18.4,18.2,5,12623
VTA,20070615,18,18.5,18,5,10070
VTA,20070614,18.8,18.8,18.5,5,11981
VTA,20070613,18.8,18.8,18.8,5,10711
VTA,20070612,18.2,18.6,18.2,5,8906
VTA,20070611,19.4,19.4,18.8,5,10141
VTA,20070608,19.4,19.4,19.4,5,65146
VTA,20070607,18.8,18.8,18.8,5,20816
VTA,20070606,17.5,18.1,17.5,5,23180
VTA,20070605,17.5,17.5,17.5,5,4180
VTA,20070604,18.1,18.1,17.9,5,5130
VTA,20070601,18.3,18.5,18.3,5,2802
VTA,20070531,18.2,18.6,18.2,5,16494
VTA,20070530,18.2,18.8,18.2,5,7825
VTA,20070529,18.8,18.8,18.8,5,21921
VTA,20070528,17.9,18.5,17.9,5,12195
VTA,20070525,19,19,18.4,5,21137
VTA,20070524,19.3,19.3,19,5,37857
VTA,20070523,18.2,18.7,18.2,5,38439
VTA,20070522,17.6,18.1,17.6,5,4536
VTA,20070521,18.1,18.1,18.1,5,5106
VTA,20070518,17.9,18.2,17.9,5,5759
VTA,20070517,18.2,18.2,17.9,5,6412
VTA,20070516,18.2,18.2,18.2,5,8241
VTA,20070515,18.3,18.3,17.7,5,13145
VTA,20070514,18.3,18.3,18.2,5,11839
VTA,20070511,17.9,18.3,17.9,5,9785
VTA,20070510,18.9,18.9,18.3,5,4833
VTA,20070509,18.7,18.9,18.7,5,22681
VTA,20070508,18.5,18.5,18.2,5,28001
VTA,20070507,17.6,18.7,17.6,5,3253
VTA,20070504,19,19,18.2,5,9856
VTA,20070503,19.2,19.2,18.6,5,10070
VTA,20070502,19.2,19.2,19.2,5,6020
VTA,20070425,19.3,19.3,18.7,5,15473
VTA,20070424,18.3,18.7,18.3,5,21683
VTA,20070423,18.8,18.9,18.8,5,9630
VTA,20070420,19.5,19.5,19.5,5,16898
VTA,20070419,18.9,18.9,18.9,5,1151
VTA,20070418,17.7,18.2,17.6,5,45908
VTA,20070417,18.3,18.3,18.3,5,4975
VTA,20070416,19,19,19,5,3384
VTA,20070413,20.5,20.5,19.7,5,25994
VTA,20070412,20.5,20.5,20.5,5,5759
VTA,20070411,21.2,21.2,21.2,5,25661
VTA,20070410,22,22,22,5,12350
VTA,20070409,21.8,21.8,21.8,5,12171
VTA,20070406,22,22.5,22,5,13062
VTA,20070405,22.6,22.9,22.6,5,11637
VTA,20070404,22,22,22,5,35506
VTA,20070403,22.6,22.6,22.6,5,43367
VTA,20070402,24,24,23.1,5,43236
VTA,20070330,24,24,24,5,63673
VTA,20070329,22,23.1,22,5,34781
VTA,20070328,23.1,23.1,22.9,5,66321
VTA,20070327,23.9,23.9,23.9,5,1318
VTA,20070326,24.9,24.9,24.9,5,12053
VTA,20070323,26,26,25.3,5,96508
VTA,20070322,26,26,26,5,155408
VTA,20070321,25,25,25,5,116351
VTA,20070320,24,24,24,5,112610
VTA,20070319,23.1,23.1,23.1,5,72817
VTA,20070316,22,22.3,22,5,136823
VTA,20070315,22.9,22.9,22,5,179775
VTA,20070314,22.9,22.9,22.9,5,187636
VTA,20070313,22,22.1,22,5,278635
VTA,20070312,21.3,21.3,21.3,5,6531
VTA,20070309,20.6,20.6,20.6,5,415
VTA,20070308,19.8,19.8,19.8,5,53580
VTA,20070307,19.2,19.2,19.2,5,1199
VTA,20070306,18.5,18.5,18.5,5,26766
VTA,20070305,17.9,17.9,17.9,5,1543
VTA,20070302,17.3,17.3,17.3,5,32383
VTA,20070301,16.8,16.8,16.8,5,23322
VTA,20070301,16.8,16.8,16.8,5,23322
VTA,20070228,16.2,16.2,16.2,5,56928
VTA,20070227,15.7,15.7,15.7,5,75691
VTA,20070226,15.2,15.2,15.2,5,13513
VTA,20070215,14.8,14.8,14.8,5,8312
VTA,20070214,14.8,14.8,14.7,5,3621
VTA,20070213,14.8,14.8,14.3,5,7125
VTA,20070212,15.2,15.2,14.8,5,9654
VTA,20070209,15.7,15.7,15.2,5,12397
VTA,20070208,15.4,15.4,15.2,5,26778
