<Ticker>,<DTYYYYMMDD>,<Open>,<High>,<Low>,<Close>,<Volume>
XMC,20100729,45.9,48.2,45.9,47.8,416000
XMC,20100728,45,47.5,44.4,45.2,251600
XMC,20100727,44.9,45.1,44.1,44.7,83600
XMC,20100726,45,45.2,44.1,44.7,96900
XMC,20100723,45.3,45.5,44.2,44.5,98500
XMC,20100722,44.2,44.2,43.6,43.9,132200
XMC,20100721,46.3,46.3,44,45.3,110200
XMC,20100720,44.7,46.9,44.5,45.5,236300
XMC,20100719,45.5,45.5,43.8,44.5,137600
XMC,20100716,45.2,45.2,43.5,44.3,118300
XMC,20100715,44,45.5,43.5,45.1,349500
XMC,20100714,43,43.8,42.2,42.6,114800
XMC,20100713,41.7,42.6,41.7,42.2,76900
XMC,20100712,40.3,42,40.3,41.6,50200
XMC,20100709,40.3,40.4,40.1,40.3,51200
XMC,20100708,40.9,40.9,39.8,40.3,22400
XMC,20100707,40.7,40.8,39.7,40.1,31000
XMC,20100706,41,41,40,40.3,78200
XMC,20100705,41.5,41.5,41,41.1,42100
XMC,20100702,41.6,41.6,41.2,41.4,29500
XMC,20100701,41.1,41.7,40.7,41,36600
XMC,20100630,41.3,41.3,39.5,40.7,30800
XMC,20100629,42.5,43,42,42.3,43800
XMC,20100628,41,42,41,41.9,18200
XMC,20100625,41.5,42,41,41.6,63800
XMC,20100624,44,44,42.2,42.6,58700
XMC,20100623,42,43,41.8,42.1,107700
XMC,20100622,42.7,42.7,40.5,41.8,106600
XMC,20100621,43.5,43.5,40.6,41.8,208700
XMC,20100618,44,44,42.4,43.1,63000
XMC,20100617,44,44.5,43,43.4,127300
XMC,20100616,45,45.3,44,44.3,152400
XMC,20100615,43.5,45,43.5,44.1,291900
XMC,20100614,41.7,43.3,41.7,42.6,84500
XMC,20100611,42,42.3,41,41.6,154400
XMC,20100610,40.5,40.8,40.1,40.4,53200
XMC,20100609,40.5,41,40.1,40.5,105000
XMC,20100608,40.5,41,38.9,40.1,123700
XMC,20100607,39.9,39.9,38.3,39.2,138300
XMC,20100604,41.5,41.9,40.5,41,64200
XMC,20100603,43,43.5,41.7,42,49600
XMC,20100602,41,42,38.7,41.7,52900
XMC,20100601,40.6,42.5,40.3,41.6,57600
XMC,20100531,42.2,43,40.2,42,57600
XMC,20100528,42.1,42.1,41.8,42.1,123500
XMC,20100527,39.5,40.8,38.2,39.4,87700
XMC,20100526,38,39.6,37.4,38.9,148500
XMC,20100525,37,37.8,36,37.1,90100
XMC,20100524,38.3,38.5,36.2,37.2,111400
XMC,20100521,36.1,37,36.1,36.2,92600
XMC,20100520,38.5,41.1,38.2,38.8,245700
XMC,20100519,43,43,40.7,41,109000
XMC,20100518,43.5,44.2,43,43.7,105300
XMC,20100517,46.1,46.1,43.5,44.1,70600
XMC,20100514,46.4,46.4,44,45.6,36600
XMC,20100513,47.3,47.3,44,45.3,98800
XMC,20100512,46,48.6,45.5,45.8,295300
XMC,20100511,49.9,50,48.6,48.9,80400
XMC,20100510,48.8,49.2,47.2,48.6,164200
XMC,20100507,53,53,48.3,49.7,153800
XMC,20100506,48.4,51.2,48.4,50.9,351400
XMC,20100505,48.6,49,47.2,47.9,109100
XMC,20100504,50.2,50.2,48.5,49.6,162400
XMC,20100429,50.8,50.8,48.2,48.9,71900
XMC,20100428,48.6,50.5,48.6,49.5,183700
XMC,20100427,48.8,49.8,47.7,48.6,213500
XMC,20100426,49,49.5,47,48.1,154300
XMC,20100422,53.5,54.5,47.8,49.8,259900
XMC,20100421,48.6,51.5,48.6,51.3,338100
XMC,20100420,47,49.4,46.8,48.2,219100
XMC,20100419,49.8,49.8,45.6,47.3,324400
XMC,20100416,48,48.2,46.8,48,461800
XMC,20100415,42.7,45.2,42,45.1,462400
XMC,20100414,41,42.9,41,42.3,273800
XMC,20100413,41,42,40.5,41.3,211000
XMC,20100412,42,42.6,40.5,41.4,137500
XMC,20100409,43.1,43.5,40.5,42.6,190300
XMC,20100408,43,44,42.1,43.1,347900
XMC,20100407,42,42.5,41,41.8,348000
XMC,20100406,43.4,43.4,40.6,41.7,227000
XMC,20100405,39,41.5,39,40.6,351000
XMC,20100402,38.7,39.1,38.4,38.8,73800
XMC,20100401,38.4,38.9,37.5,38.3,93400
XMC,20100331,38.9,38.9,37.9,38.2,54000
XMC,20100330,39,39.4,38,38.7,86600
XMC,20100329,38.2,39.6,38.2,39.2,159300
XMC,20100326,38.7,39,38,38.4,91800
XMC,20100325,38.6,39.3,37.7,38.2,130300
XMC,20100324,39.5,40,37.4,38.6,326700
XMC,20100323,39,39.4,38.5,38.9,191000
XMC,20100322,40.7,40.8,38.8,39.5,134200
XMC,20100319,42,42.5,40,40.9,188600
XMC,20100318,41,43,38.6,41.5,241600
XMC,20100317,41.6,42,38.8,40.2,130900
XMC,20100316,41.7,43.6,40.7,41.6,216900
XMC,20100315,42.9,43.9,41.6,43.6,530500
XMC,20100312,39.8,42.5,38.7,41.1,405500
XMC,20100311,40.5,40.7,39,39.8,121700
XMC,20100310,40.9,42,39.6,40.3,184300
XMC,20100309,37.8,40.4,37.8,40,446700
XMC,20100308,36,37.9,36,37.8,267300
XMC,20100305,35,36,34.5,35.5,133600
XMC,20100304,35,36.1,34,35.6,132000
XMC,20100303,33.1,35,33.1,33.8,182300
XMC,20100302,33,33.2,32,32.8,89800
XMC,20100301,31.9,32.2,31.5,31.9,96100
XMC,20100226,32,32.1,31.5,31.9,22100
XMC,20100225,32.5,32.5,31.3,32.1,62000
XMC,20100224,31.5,33.1,31.4,32.4,115900
XMC,20100223,32.1,32.1,30.5,31.4,74100
XMC,20100222,32.5,32.5,31.7,32.1,37100
XMC,20100212,31.7,32.5,31.7,32.4,23100
XMC,20100211,31.4,31.5,31.1,31.4,62700
XMC,20100210,31.5,31.5,30.5,31,7200
XMC,20100209,30,31.5,30,31,39800
XMC,20100208,31,32.4,30.5,32,47100
XMC,20100205,31.9,32.9,30.5,31.7,100100
XMC,20100204,32.2,33,31,32.5,80400
XMC,20100203,32.4,32.4,31.5,32.2,31300
XMC,20100202,32,33.4,31.5,32.7,79800
XMC,20100201,30.3,32.3,30.3,31.7,49700
XMC,20100129,30.7,33,30.6,31.9,163700
XMC,20100128,31.7,33.6,30.1,33,57800
XMC,20100127,33.4,33.4,31.1,31.6,124000
XMC,20100126,32,34.2,32,33.5,63400
XMC,20100125,29.5,32.8,29,32,52000
XMC,20100122,30.7,31.9,30.2,30.7,49900
XMC,20100121,31.3,33.2,29.6,32.5,162800
XMC,20100120,30.7,32.6,28.5,31,131100
XMC,20100119,30.2,30.7,30.2,30.5,26900
XMC,20100118,31.2,31.3,30.1,30.2,66500
XMC,20100115,33.3,34.5,31.5,32.4,77200
XMC,20100114,34.2,34.2,32.8,33.4,52400
XMC,20100113,31.1,34,30.7,32,74400
XMC,20100112,31.9,34.5,30.6,33.1,178200
XMC,20100111,33.3,33.7,31.3,32.3,93500
XMC,20100108,33.7,35.1,31.7,33.3,90700
XMC,20100107,33.5,35,33.3,33.9,97800
XMC,20100106,32.5,36.1,31.6,34.2,111900
XMC,20100105,33.8,33.8,31.6,33.8,158800
XMC,20100104,31,31.6,31,31.5,39000
XMC,20091231,28.3,29.7,28.3,29.5,131400
XMC,20091230,26.5,28.5,26.5,27.7,67800
XMC,20091229,27.5,27.9,26.4,26.8,51200
XMC,20091228,27.7,29.4,27.5,28,86400
XMC,20091225,27.3,27.7,27.3,27.7,32600
XMC,20091224,24.5,26.3,24.3,25.8,64500
XMC,20091223,23.5,25,23.4,24.5,80500
XMC,20091222,25.5,25.5,23.5,24.4,43200
XMC,20091221,23.7,23.9,23.7,23.9,29700
XMC,20091218,21.5,22.4,21.5,22.3,11000
XMC,20091217,20.6,22.1,20.5,20.9,38800
XMC,20091216,22.5,22.5,22,22.1,73900
XMC,20091215,24.5,24.6,23.4,23.7,26000
XMC,20091214,21.2,24,21.2,23.6,51700
XMC,20091211,23.4,23.5,22.3,22.4,98500
XMC,20091210,25.5,25.5,23.5,24,44600
XMC,20091209,26.5,26.5,24.9,25.1,40900
XMC,20091208,27,27.2,26.5,26.7,20900
XMC,20091207,27.5,27.9,26.5,27,44200
XMC,20091204,25.6,27.4,25.6,26.7,36600
XMC,20091203,28.1,28.5,26.9,27.1,74400
XMC,20091202,30.5,30.5,27.9,29,38000
XMC,20091201,29.1,30.4,29,30.1,79900
XMC,20091130,27.5,29.5,27.5,28.4,26800
XMC,20091127,26.6,30.5,26.6,27.5,115900
XMC,20091126,28.6,29,28.6,28.7,15300
XMC,20091125,32.1,32.9,30.7,30.8,78400
XMC,20091124,34,34,32.7,33.1,27000
XMC,20091123,36,36,33.5,33.7,47400
XMC,20091120,36.3,36.3,34.7,35.4,46100
XMC,20091119,36.5,37,35.5,35.8,66900
XMC,20091118,34.5,35.7,34.1,34.8,52300
XMC,20091117,35.1,35.1,34.3,34.6,60900
XMC,20091116,35.2,35.4,34.7,35.1,32100
XMC,20091113,35.3,35.4,33.8,35.2,87400
XMC,20091112,35.3,35.8,34.1,35.4,54700
XMC,20091111,33.5,35,32,33.6,69900
XMC,20091110,34.7,35,32.5,33.3,205000
XMC,20091109,36.8,36.8,34.9,35,74900
XMC,20091106,37.5,39.2,35.8,37.6,78000
XMC,20091105,36,37,35,36.7,113800
XMC,20091104,34.8,35.5,32.5,34.5,153000
XMC,20091103,35.5,35.5,34.7,34.8,51800
XMC,20091102,37.5,38,37.3,37.4,44200
XMC,20091030,41.3,41.4,38.6,40.2,95800
XMC,20091029,41.5,41.6,38.5,38.6,104000
XMC,20091028,43.9,43.9,41,41.5,60600
XMC,20091027,38.7,41.4,38.5,41.1,200800
XMC,20091026,38.2,40.5,38.2,38.6,216900
XMC,20091023,43.5,43.5,40.2,41.1,205200
XMC,20091022,44.5,44.5,42.5,43.3,197700
XMC,20091021,46.4,46.5,44.2,44.9,126400
XMC,20091020,47.4,48,45.3,46.4,82600
XMC,20091019,41.7,46.5,41.6,45.3,179400
XMC,20091016,45.5,45.5,43,43.4,257600
XMC,20091015,48.5,48.5,45,46,202000
XMC,20091014,47.5,47.5,45,46.4,193100
XMC,20091013,47.9,47.9,45.5,46.8,273000
XMC,20091012,42.9,44.8,42.9,44.7,89900
XMC,20091009,41.1,43,40.7,41.8,365700
XMC,20091008,42.5,42.5,39.5,40.7,170200
XMC,20091007,40.5,40.5,40.2,40.5,387700
XMC,20091006,37,37.9,37,37.8,188700
XMC,20091005,37,37,34.5,35.4,123900
XMC,20091002,36.4,37,34,35,103800
XMC,20091001,37.7,37.7,35.5,36.6,63600
XMC,20090930,38,38.1,37.2,37.7,103900
XMC,20090929,39.3,39.5,36.6,37.5,189900
XMC,20090928,41,41,38.6,39.3,74600
XMC,20090925,36.7,40.4,36.7,39.2,218400
XMC,20090924,39.5,41,39,39.4,198200
XMC,20090923,42.7,42.7,39.6,41.8,316000
XMC,20090922,39.9,39.9,39.9,39.9,209600
XMC,20090921,35.5,37.3,35.5,37.2,266400
XMC,20090918,33.5,35.5,33,34.8,168000
XMC,20090917,36.5,36.5,34.2,34.6,198100
XMC,20090916,36.6,37.2,35.5,36.8,216400
XMC,20090915,34,35.4,33,34.7,220000
XMC,20090914,32,34.1,31.8,33,371800
XMC,20090911,30.8,32.3,30.8,31.8,142700
XMC,20090910,32.1,32.1,30.3,30.9,120500
XMC,20090909,31.6,31.6,30.8,31.5,445600
XMC,20090908,28.5,29.5,28.5,29.5,133900
XMC,20090907,26.7,28,26.7,27.5,90600
XMC,20090904,28.7,29,27.3,28.2,163500
XMC,20090903,29,29.5,28.1,28.8,139000
XMC,20090901,29.6,31,29.5,30,188600
XMC,20090831,33,33,30.5,31.7,273700
XMC,20090828,30.8,30.8,30.5,30.8,133400
XMC,20090827,28.7,28.7,27.8,28.7,256900
XMC,20090826,25.5,27.4,25.5,26.8,180900
XMC,20090825,26,26,24.5,25.6,248100
XMC,20090824,26.5,26.5,24.8,26.2,298100
XMC,20090821,24.7,24.7,24.7,24.7,130600
XMC,20090820,23,23,22.5,23,301800
XMC,20090819,20.5,21.8,20.4,21.4,103900
XMC,20090818,18.9,20.5,18.9,20.3,42300
XMC,20090817,20.4,20.7,20.2,20.4,53800
XMC,20090814,20.7,20.7,20.4,20.5,80000
XMC,20090813,21.3,21.3,20.5,20.7,36600
XMC,20090812,21,21,20.3,20.5,39800
XMC,20090811,20,20.7,19.9,20.2,45200
XMC,20090810,20,20.3,20,20.1,33300
XMC,20090807,19.6,20,19.6,19.9,28800
XMC,20090806,20,20.5,19.5,20,25800
XMC,20090805,19.6,20.5,19.6,20.1,10700
XMC,20090804,20.3,20.3,19.8,20,16500
XMC,20090803,20,20,19.7,19.8,9000
XMC,20090731,20.5,20.5,20.2,20.4,23000
XMC,20090730,19.5,20.5,19,19.6,16800
XMC,20090729,21,21,20,20.5,29400
XMC,20090728,21.5,21.5,19.9,20.7,47900
XMC,20090727,22.5,22.5,20.5,21.4,60100
XMC,20090724,20.9,21,20.9,21,77200
XMC,20090723,18.7,20,18.7,19.6,29500
XMC,20090722,19,19,18.6,18.7,6700
XMC,20090721,18.7,18.7,18.1,18.6,25100
XMC,20090720,19.1,19.1,18.1,18.6,16900
XMC,20090717,19.3,19.3,19,19.1,88500
XMC,20090716,19.5,19.6,19.3,19.5,53600
XMC,20090715,18.4,18.5,18.2,18.3,13300
XMC,20090714,17.8,18.3,17.5,17.8,19400
XMC,20090713,18.6,18.6,18,18.3,14700
XMC,20090710,20.1,20.1,18.5,18.8,69700
XMC,20090709,20,20,19.2,19.6,53200
XMC,20090708,19.3,19.3,18.5,19.1,11300
XMC,20090707,20.5,20.5,18.9,19.3,8700
XMC,20090706,18.6,19.6,18.6,19.5,31800
XMC,20090703,17.5,18.5,17.5,18.3,22600
XMC,20090702,17.7,18.6,17.7,18.2,26200
XMC,20090701,18,18,17.5,17.6,38200
XMC,20090630,19.7,19.7,18.5,18.9,42900
XMC,20090629,19.5,20,19.5,19.8,21500
XMC,20090626,20.5,20.9,19.7,20.1,28000
XMC,20090625,21.1,21.3,19.9,20.9,92200
XMC,20090624,18.5,19.9,18.5,19.9,62700
XMC,20090623,18.4,19,18.4,18.5,88000
XMC,20090622,20.5,20.6,19.6,19.8,37200
XMC,20090619,21.8,21.8,20.3,21.1,56600
XMC,20090618,20.3,20.3,20,20.3,90300
XMC,20090617,18.5,21.1,18.5,18.9,197200
XMC,20090616,20,20.5,20,20,40400
XMC,20090615,23.1,23.1,21.4,21.6,103000
XMC,20090612,24.5,24.6,22.2,23.1,93300
XMC,20090611,21.5,23.4,21.5,22.9,125900
XMC,20090610,25.7,25.9,22.5,22.8,245000
XMC,20090609,24.2,24.2,23.4,24.2,314200
XMC,20090608,22.6,22.6,22.6,22.6,41000
XMC,20090605,21.1,21.1,21.1,21.1,165500
XMC,20090604,18.6,20.1,18.6,19.7,117700
XMC,20090603,19.7,19.7,18.4,18.7,45200
XMC,20090602,19.5,19.5,18.2,19,80900
XMC,20090601,17,18.5,17,18.2,36200
XMC,20090529,16.8,18,16.8,17.2,41500
XMC,20090528,17.5,17.5,16.8,16.9,52300
XMC,20090527,18.5,18.8,17.7,18.1,58100
XMC,20090526,19.5,19.8,18,18.8,97900
XMC,20090525,17.5,19.3,17.5,18.8,103500
XMC,20090522,18.9,18.9,17.5,18,111900
XMC,20090521,19.1,19.1,17.8,18.9,130900
XMC,20090520,17.1,18.2,16.5,17.8,335700
XMC,20090519,17.2,17.3,16.7,17,68700
XMC,20090518,17.5,17.7,16,16.4,24200
XMC,20090515,15.7,16.6,15.7,16.5,46200
XMC,20090514,15.4,15.9,15.4,15.5,80800
XMC,20090513,17.5,17.5,16.2,16.6,35000
XMC,20090512,16,17.3,16,16.9,47900
XMC,20090511,18,18.1,16.5,17,80400
XMC,20090508,16.5,17.5,16.5,17.1,159300
XMC,20090507,16.7,17,16.1,16.8,219500
XMC,20090506,17.2,17.2,15.4,15.8,123100
XMC,20090505,16.2,16.2,16.2,16.2,68000
XMC,20090504,15.1,15.1,15.1,15.1,141700
XMC,20090429,14,14.3,13.5,14.1,48500
XMC,20090428,14,14.2,13.7,13.9,48000
XMC,20090427,13.7,14.5,13.6,14,72100
XMC,20090424,13.9,14,12,13.6,121300
XMC,20090423,13,13,12.5,13,41200
XMC,20090422,12,12.1,12,12.1,11900
XMC,20090421,10.9,12.4,10.9,11.3,35100
XMC,20090420,11.8,12.4,11.8,11.8,60900
XMC,20090417,13.5,13.5,12.6,12.8,67800
XMC,20090416,13.5,14.1,13.2,13.6,90700
XMC,20090415,15,15,13.9,14.2,58700
XMC,20090414,15.5,15.5,14.8,15,68800
XMC,20090413,14.9,15,14.5,14.9,93300
XMC,20090410,14,14,13.3,14,133100
XMC,20090409,13.7,13.7,12.6,13,80900
XMC,20090408,14.5,14.6,13.3,13.6,86900
XMC,20090407,14.5,14.5,13.7,14.4,56600
XMC,20090403,12.5,13.5,12.5,13.5,96500
XMC,20090402,12.5,12.8,12.1,12.6,112400
XMC,20090401,12,12.2,11.6,11.9,38800
XMC,20090331,11.6,11.9,11,11.4,41900
XMC,20090330,11.5,12.5,11.3,11.8,29900
XMC,20090327,11.4,11.8,11.1,11.7,113200
XMC,20090326,11,11.3,10.9,11,28100
XMC,20090325,11.1,11.1,10.9,11,37700
XMC,20090324,11.1,11.2,10.9,11.1,23200
XMC,20090323,10.7,10.8,10.5,10.6,33700
XMC,20090320,10.6,11,10.6,10.7,12800
XMC,20090319,11.4,11.4,10.4,10.7,12500
XMC,20090318,11.2,11.2,11,11.2,78300
XMC,20090317,10.2,10.8,10,10.4,29000
XMC,20090316,9.7,10.3,9.7,10.1,17800
XMC,20090313,10.2,10.2,10,10.1,8900
XMC,20090312,10.1,10.3,10,10.1,12100
XMC,20090311,10.3,10.6,10.3,10.5,49100
XMC,20090310,9.5,10.1,9.5,9.9,14400
XMC,20090309,9.8,10,9.8,9.9,15400
XMC,20090306,9.5,9.6,9.4,9.5,8600
XMC,20090305,9.7,10.1,9.5,9.6,8200
XMC,20090304,9.3,9.6,9.3,9.5,13000
XMC,20090303,9.4,9.4,9.3,9.3,4000
XMC,20090302,9.5,9.5,9.3,9.4,7000
XMC,20090227,9.3,9.7,9,9.5,21400
XMC,20090226,9.4,9.5,9.4,9.5,9900
XMC,20090225,9.1,9.3,9.1,9.3,7700
XMC,20090224,8.6,8.8,8.5,8.6,26900
XMC,20090223,9.7,9.7,9,9.2,20100
XMC,20090220,10,10,9.4,9.7,14600
XMC,20090219,10.2,10.2,9.8,10,25300
XMC,20090218,10,10,9.8,10,19400
XMC,20090217,10.1,10.2,9.8,10,47500
XMC,20090216,10.5,10.5,10.2,10.3,38500
XMC,20090213,10.4,10.5,10.1,10.3,36500
XMC,20090212,10.6,10.6,10,10.1,46400
XMC,20090211,9.4,9.9,9.4,9.9,80600
XMC,20090210,9.2,9.2,9.1,9.1,13600
XMC,20090209,9.3,9.5,9.3,9.4,11900
XMC,20090206,9.1,9.3,9,9.1,17900
XMC,20090205,9,9.2,8.9,9,29000
XMC,20090204,9.7,9.7,9,9.2,4500
XMC,20090203,9.3,9.4,9.1,9.2,12900
XMC,20090202,9.4,9.5,9.3,9.4,21600
XMC,20090123,9.6,9.6,9.6,9.6,1000
XMC,20090122,9.6,9.8,9.5,9.6,6000
XMC,20090121,9.5,9.5,9.3,9.4,12500
XMC,20090120,9.7,9.7,9.3,9.6,15800
XMC,20090119,9.7,9.7,9.6,9.6,19100
XMC,20090116,9.9,9.9,9.7,9.8,10500
XMC,20090115,9.7,9.9,9.7,9.7,5100
XMC,20090114,9.9,10,9.7,9.8,4100
XMC,20090113,9.9,10.5,9.9,10.1,12200
XMC,20090112,9.9,10.1,9.9,9.9,11600
XMC,20090109,10.5,10.5,10,10.1,8200
XMC,20090108,10.4,10.4,9.6,10.1,13300
XMC,20090107,10.5,10.5,10,10.4,86700
XMC,20090106,9.2,9.8,9.2,9.7,66600
XMC,20090105,9.1,9.2,9,9,12600
XMC,20090102,9,9.2,8.8,9.1,14600
XMC,20081231,9.1,9.4,9,9.2,10700
XMC,20081230,8.9,9.2,8.9,9.1,11000
XMC,20081229,9.2,9.2,9,9.1,1400
XMC,20081226,9,9.1,9,9.1,11000
XMC,20081225,9.5,9.5,9,9.2,16100
XMC,20081224,9.4,9.4,9,9.2,13300
XMC,20081223,9,9.6,9,9.4,14800
XMC,20081222,10,10,9.5,9.9,69700
XMC,20081219,9,9.3,8.5,9.2,45400
XMC,20081218,9,9.1,8.8,8.9,10500
XMC,20081217,8.8,9,8.5,8.8,13200
XMC,20081216,8.7,8.8,8.5,8.6,9800
XMC,20081215,9.4,9.4,8.8,9.2,5900
XMC,20081212,8.4,9,8.4,9,14700
XMC,20081211,8.5,8.5,8.2,8.4,12100
XMC,20081210,9.4,9.4,8.3,8.9,2500
XMC,20081209,8.7,9.3,8.6,9,12600
XMC,20081208,9.3,9.3,8.5,8.7,41500
XMC,20081205,9.4,9.5,9.2,9.3,8900
XMC,20081204,9.8,9.9,9.8,9.9,2000
XMC,20081203,9.7,9.8,9.6,9.7,12900
XMC,20081202,10,10,9.6,9.8,7700
XMC,20081201,10.3,10.4,10,10.3,16700
XMC,20081128,10,10.3,10,10.2,21100
XMC,20081127,9.6,9.7,9.4,9.5,18200
XMC,20081126,10,10,9.5,9.6,18800
XMC,20081125,10.5,10.7,9.8,10.2,27200
XMC,20081124,10,10.1,9.8,9.9,30200
XMC,20081124,10,10.1,9.8,9.9,30200
XMC,20081121,10.2,10.2,9.6,9.8,13200
XMC,20081120,10.2,10.3,10,10.2,29800
XMC,20081119,10.9,10.9,10.4,10.5,16500
XMC,20081118,10.7,10.7,10.3,10.5,49500
XMC,20081117,10.6,10.8,10.6,10.7,11600
XMC,20081114,11.3,11.4,10.9,11.1,22200
XMC,20081113,10.2,11,10.2,10.7,16600
XMC,20081112,10,10.8,10,10.6,7600
XMC,20081111,10.6,11,10.4,10.5,45200
XMC,20081110,11.2,11.5,11,11.2,61800
XMC,20081107,11,11.2,10.8,11,36500
XMC,20081106,11.9,12.1,11.2,11.8,43700
XMC,20081105,12.1,12.1,12.1,12.1,48100
XMC,20081104,10.8,11.6,10.5,11.2,77100
XMC,20081103,10.4,11.1,10.4,10.7,40100
XMC,20081031,12,12,10.6,11,95300
XMC,20081030,12,12,11,11.6,17800
XMC,20081029,11.7,11.7,11,11.6,74600
XMC,20081028,9.4,11.2,9.4,10.8,19800
XMC,20081027,10.5,10.5,10.2,10.3,40500
XMC,20081024,11.5,11.7,11,11.1,23800
XMC,20081023,11.9,12.2,11.1,11.4,56400
XMC,20081022,12,12.6,12,12.1,11400
XMC,20081021,12.9,13,12.1,12.6,32000
XMC,20081020,12.8,12.8,11.5,12.1,8600
XMC,20081017,12.6,12.6,11.9,12.3,33300
XMC,20081016,11.4,12.5,11.4,11.9,30400
XMC,20081015,12.6,12.6,11.8,12.4,59300
XMC,20081014,11.6,11.6,11.6,11.6,1100
XMC,20081013,10.4,11.9,10.4,10.7,88500
XMC,20081010,11,11.6,10.9,11,51700
XMC,20081009,10.8,12.6,10.8,11.9,47900
XMC,20081008,12.5,12.5,11.5,11.6,48400
XMC,20081007,13,13,12.5,12.5,17700
XMC,20081006,14,14,13.2,13.6,26800
XMC,20081003,15.3,15.3,14,14.4,22400
XMC,20081002,14,15,14,14.9,54700
XMC,20081001,14,14.2,13.6,13.9,45300
XMC,20080930,13.6,13.6,13.6,13.6,3200
XMC,20080929,15.5,15.6,14.6,14.8,62300
XMC,20080926,16.4,16.4,15.2,15.9,40100
XMC,20080925,14,15.7,13.8,15.2,51900
XMC,20080924,14.3,15.3,14,14.5,57300
XMC,20080923,14.7,16.3,14.7,15.2,103200
XMC,20080922,16,16,16,16,30100
XMC,20080919,13.2,15.6,13.2,14.8,155300
XMC,20080918,14.4,14.4,14.4,14.4,500
XMC,20080917,15.7,15.7,15.7,15.7,4500
XMC,20080916,17.1,17.2,17.1,17.1,44800
XMC,20080915,18.5,21,18.5,18.6,158300
XMC,20080912,20.1,20.1,20.1,20.1,13600
XMC,20080911,21.8,21.8,21.8,21.8,12000
XMC,20080910,25.5,25.7,22.1,23.6,33800
XMC,20080909,24,24,22.5,23.9,209600
XMC,20080908,23.4,23.4,20,22.3,407500
XMC,20080905,21.7,21.7,21.7,21.7,1700
XMC,20080904,20.1,20.1,20.1,20.1,20300
XMC,20080903,18.6,18.6,18.6,18.6,6400
XMC,20080829,17.2,17.2,17,17.2,80500
XMC,20080828,16,16,15.5,15.9,349000
XMC,20080827,14.8,14.8,14.8,14.8,46600
XMC,20080826,13.7,13.7,13.7,13.7,27100
XMC,20080825,11.9,12.7,11.9,12.7,94100
XMC,20080822,11.4,12.4,11,11.7,30900
XMC,20080821,11,12,10.4,11.4,40800
XMC,20080820,11.5,11.5,11,11.1,43100
XMC,20080819,12.9,12.9,11.7,12,29700
XMC,20080818,12.6,12.9,12.5,12.8,51800
XMC,20080815,12.2,12.2,12.2,12.2,43700
XMC,20080814,11.2,11.8,11.2,11.7,44100
XMC,20080813,11.2,11.9,11.1,11.3,28800
XMC,20080812,11.7,11.7,10.7,11.6,82400
XMC,20080811,11.3,11.3,10.9,11.2,43100
XMC,20080808,10.7,11,10.2,10.8,15500
XMC,20080807,10.7,10.8,10.2,10.7,31300
XMC,20080806,10.4,10.6,9.6,10.3,42100
XMC,20080805,10.8,10.8,10,10.1,27900
XMC,20080804,10.7,10.9,10.2,10.5,22000
XMC,20080801,10.9,11,10.5,10.7,34500
XMC,20080731,11,11,10.2,10.5,38400
XMC,20080730,11,11.1,10.2,10.6,35400
XMC,20080729,10.9,10.9,10,10.7,59800
XMC,20080728,9.9,10.9,9.9,10.5,63600
XMC,20080725,10.4,10.4,10.4,10.4,5100
XMC,20080724,10.8,11.8,10.8,10.9,77100
XMC,20080723,11.3,11.3,11.3,11.3,200
XMC,20080722,11.8,11.8,11.8,11.8,600
XMC,20080721,12.4,12.4,12.4,12.4,1300
XMC,20080718,13,13,13,13,9600
XMC,20080717,13.5,14.1,13.1,13.6,60800
XMC,20080716,14.1,14.1,12.9,13.5,83000
XMC,20080715,13.5,13.5,13.5,13.5,25100
XMC,20080714,12.8,13,12.5,12.9,53100
XMC,20080711,12.4,12.8,12.1,12.4,64100
XMC,20080710,13,13,12.1,12.7,37200
XMC,20080709,13.2,13.2,12.5,12.7,33600
XMC,20080708,12.6,13,12.6,12.6,28100
XMC,20080707,13.4,13.5,12.3,13.2,94600
XMC,20080704,12.8,12.9,12.8,12.9,43300
XMC,20080703,12.3,12.3,12.2,12.3,23500
XMC,20080702,11.9,11.9,11.6,11.8,45000
XMC,20080701,11.2,11.4,11.2,11.4,54800
XMC,20080630,10.8,11,10.7,10.9,24000
XMC,20080627,10.9,10.9,10.2,10.6,35300
XMC,20080626,10.7,11.2,10.2,10.7,48200
XMC,20080625,10.6,11.1,10.6,10.7,55200
XMC,20080624,11.1,11.1,11.1,11.1,4800
XMC,20080623,11.3,12.3,11.3,11.6,43600
XMC,20080620,11.8,11.8,11.8,11.8,12600
XMC,20080619,12.4,12.4,12.4,12.4,1300
XMC,20080618,13.2,13.2,12.4,13,35000
XMC,20080617,12.8,12.8,12.8,12.8,87700
XMC,20080616,11.8,12.6,11.8,12.4,83600
XMC,20080613,12.6,12.6,11.8,12.2,46000
XMC,20080612,12.8,12.8,12,12.2,45600
XMC,20080611,13,13,12.2,12.4,87600
XMC,20080610,13.1,13.1,12.3,12.6,27500
XMC,20080609,12.9,12.9,12.1,12.7,26500
XMC,20080606,12.9,12.9,12.1,12.5,20100
XMC,20080605,12.9,12.9,12.1,12.5,20700
XMC,20080604,12.4,12.8,12,12.5,27700
XMC,20080603,13.1,13.1,12.3,12.4,3500
XMC,20080602,12.7,12.7,12.7,12.7,200
XMC,20080530,13.6,13.6,12.8,13.1,21000
XMC,20080529,13.3,13.3,12.9,13.2,39300
XMC,20080528,13.4,13.4,12.6,12.9,18000
XMC,20080527,13.6,13.6,12.8,13,16900
XMC,20080526,13.2,13.2,13.2,13.2,1800
XMC,20080522,13.4,14.4,13.4,13.8,21800
XMC,20080521,14.4,14.4,13.4,13.9,21600
XMC,20080520,14.5,14.5,13.5,13.9,15300
XMC,20080519,13.2,14.2,13.2,14,11800
XMC,20080516,14.2,14.2,13.2,13.5,37300
XMC,20080515,13.7,13.7,13.7,13.7,12300
XMC,20080514,14.2,14.2,14.2,14.2,200
XMC,20080513,14.7,14.7,14.7,14.7,6700
XMC,20080512,15.5,15.5,14.5,15.2,14700
XMC,20080509,14.5,15.5,14.5,15.4,11200
XMC,20080508,15,15,15,15,100
XMC,20080507,15.5,15.5,15.5,15.5,3600
XMC,20080506,16.4,16.4,16,16,1200
XMC,20080505,17.6,17.6,16.4,16.5,3100
XMC,20080429,17.6,17.6,16.5,17,3400
XMC,20080428,17,17.2,16.8,17,11000
XMC,20080425,17.3,17.3,16.7,17,7000
XMC,20080424,17.3,17.3,17.3,17.3,12900
XMC,20080423,17.9,17.9,17.9,17.9,2600
XMC,20080422,18.5,18.5,18.5,18.5,6500
XMC,20080421,19.2,19.2,19.1,19.1,2500
XMC,20080418,20.1,20.1,19,19.7,22800
XMC,20080417,19.1,20.2,19.1,19.6,48800
XMC,20080416,19.7,19.7,19.7,19.7,1600
XMC,20080411,20.3,20.3,20.3,20.3,32100
XMC,20080410,21,21,21,21,6800
XMC,20080409,22.4,22.4,21.7,21.7,32600
XMC,20080408,22.8,22.8,21.6,22.4,45800
XMC,20080407,22.1,22.1,22.1,22.1,26800
XMC,20080404,21.4,21.4,21.4,21.4,14400
XMC,20080403,21,21,21,21,6800
XMC,20080402,20.6,20.6,20.6,20.6,12900
XMC,20080401,20.2,20.2,20.2,20.2,12600
XMC,20080331,19.8,19.8,19.8,19.8,2100
XMC,20080328,19.4,19.4,19.4,19.4,18900
XMC,20080327,18.9,19,18.9,19,4300
XMC,20080326,17,19.2,17,18.6,23900
XMC,20080325,17.1,20.3,17,18.2,23700
XMC,20080324,20.5,20.5,18.9,19.2,8500
XMC,20080321,22,22.5,20.8,21.3,9000
XMC,20080320,23.5,23.5,22.8,23.4,2300
XMC,20080319,23.7,24.5,20.9,22.7,15000
XMC,20080318,22.8,26,22.8,23.5,41700
XMC,20080317,28.5,28.5,24.3,25.6,29500
XMC,20080314,29,29,26,27.3,9900
XMC,20080313,29,29,27,27.3,18700
XMC,20080312,29,29.8,27,28.4,8400
XMC,20080311,30,31.2,27.4,28.3,15700
XMC,20080310,32.9,32.9,27,30.7,32500
XMC,20080307,29.7,29.7,29.7,29.7,16900
XMC,20080306,26,27.1,25.9,26.8,9100
XMC,20080305,28,28,23.6,24.4,27800
XMC,20080304,27.9,27.9,26.4,26.5,26400
XMC,20080303,32,32,28.7,29.6,27700
XMC,20080229,32,33,32,32.2,8600
XMC,20080228,32.7,33.8,32.5,33.2,13700
XMC,20080227,34.2,34.2,32.5,33.1,16900
XMC,20080226,36.3,36.3,32,33.3,25000
XMC,20080225,32.1,33,32.1,32.8,16200
XMC,20080222,28.5,33.8,28.5,29.8,18300
XMC,20080221,35,36.8,29.6,30.5,29100
XMC,20080220,35,35,32,33.2,20800
XMC,20080219,35,35,34.5,34.7,15400
XMC,20080218,35,36.5,33,34.1,13100
XMC,20080215,38,38,35.5,35.8,3800
XMC,20080214,37,38.9,36,37.2,17000
XMC,20080213,39.4,40,35.9,37.4,15200
XMC,20080212,39,39.4,35.5,37.6,20100
XMC,20080201,35,37,34.9,36.4,9900
XMC,20080131,38,38,34.5,35.8,17100
XMC,20080130,37,37.8,37,37.7,22400
XMC,20080129,34,35,33.5,34.1,10200
XMC,20080128,32,33,32,32.6,10300
XMC,20080125,33.2,33.5,33,33.1,14600
XMC,20080124,31,34.9,31,33.8,18900
XMC,20080123,33,33.2,32.7,33,29400
XMC,20080122,33,33.9,33,33.3,16300
XMC,20080121,33,35,32.8,33.2,3500
XMC,20080118,35.8,36.5,33,35.1,13200
XMC,20080117,36,37,31,35.2,34500
XMC,20080116,31,34.4,31,33.6,30200
XMC,20080115,30.8,32,30.8,31,15800
XMC,20080114,37,37.5,32.7,34.5,6400
XMC,20080111,38,38,35.8,36.6,6200
XMC,20080110,41,41.5,36.3,37.8,10200
XMC,20080109,40,42,39,40.6,20800
XMC,20080108,45,48,41,42.4,39222
XMC,20080107,49,49,41.4,44.5,9900
XMC,20080104,47.9,49,44,46.3,9600
XMC,20080103,45,47.3,44,45.7,13400
XMC,20080102,51.5,51.9,45,47.5,23000
XMC,20071228,49,49,46,47,3200
XMC,20071227,52.4,52.4,50.4,51.2,3000
XMC,20071226,50,51,50,50.5,19800
XMC,20071225,50,50,48,49.2,7000
XMC,20071224,55,55,50.5,51,5800
XMC,20071221,55,55,50.1,55.4,34600
XMC,20071220,72,72,50.1,55.4,20700
