0.29763460270158 0.0513024182345474
-0.571559438487679 -0.185531080251752
-1.62035808406609 -0.061213701192681
-3.03173044989729 0.0318274567617135
-1.69747896401651 0.302096843587123
-0.556135270243496 0.192329683464086
-0.475399704948432 0.397976971363145
0.365769381923897 0.0943412867356369
1.81588232683239 0.160234551049005
1.83198053327307 0.160130095484139
1.34072059390467 0.160229478312909
0.933894629257503 0.172572329541495
-0.200798846876538 0.16976358714509
0.145435564343011 0.160231913788555
-0.100825623727685 0.159760190663709
-0.0455009199906264 0.15993855715377
0.766849376647905 0.16767474223941
1.35173208004962 0.175524983817344
0.583545057454948 0.160231490895381
0.13664078108504 0.171477291730687
-0.63518109325944 0.240124987551004
-0.45495320289084 0.298763777396309
0.0704583343737575 -0.140064411459581
0.182435846546891 0.157678626813291
0.848710600574698 0.191003244336115
0.683891510541379 -0.237766404003079
1.38680449095512 -0.169970019272301
1.65205849599013 -0.209715843922582
1.14411229968261 0.201074500695486
1.36197989148834 0.151528086189496
1.50450999973613 -0.238589782221449
0.108514309261309 0.112894327430907
0.0401402575728405 0.0502834575985976
0.523416529327081 0.251416655836075
0.249239792045453 0.159354922362855
1.02729186042643 0.176520704965811
1.04539833707982 0.270028941244064
0.522989772802163 0.197494067504018
0.369713731589805 0.145560024897773
0.893358316612769 0.0311369731746845
0.00822925956329712 0.0100397349905259
0.443594116965862 -0.0655110496044446
0.697213809025499 0.374699031613695
0.435913205217453 0.113354633528242
0.226389505140911 0.172392713941271
0.127120722026053 0.154778509858449
-0.65940220300531 0.330575599868292
-0.42175989188582 0.176269869449618
-0.300478892433986 0.264679216506587
-1.6376552777094 0.242576097472267
-1.23098514085762 0.134020762084843
-0.36356543045919 0.168341218296443
-0.671649395925122 0.296404053079173
-0.623632361551518 0.214994170580419
1.16136107983107 0.103110469238854
1.40039671425165 0.1596426493915
0.532956668126605 0.063140414350932
1.29227728368146 -0.00742529738877737
-0.0323582664342403 0.140190238344034
-0.587339028783429 0.261227583526007
-1.2779445247638 -0.0686550939322917
-0.268111113305025 -0.326021951150517
-2.07663341515767 0.0103698027191488
-0.631214581189843 -0.462022947996604
-1.40018188282989 0.241022327207561
-1.72973064664625 0.678435524511163
-1.05049121364371 0.519843769974911
-0.0928769110496219 0.138894823768447
-1.00050091555532 0.554786462190393
-0.142837809380847 0.161171085979455
-0.330904782397434 0.159597696002597
-1.27681419598318 0.221771975975405
-1.82624170457935 0.163544565388823
-0.314012839214772 0.526402705835543
-1.41910498181952 0.181862893818234
0.111570217377155 0.162252360079977
0.967733237874091 0.337447467886879
1.66842691001028 0.159473161857154
1.22375658172484 0.222134838543513
1.91088765923286 0.141340181933761
1.02152193047362 0.0212817273569224
0.426162045561096 0.139756983382574
1.12542001013498 0.16045436244786
0.72847133293763 0.236482726796889
1.27600469221107 0.166261326793067
0.39858456606594 0.240261663525995
0.149257606199127 -0.00117986753026419
-0.724203658657352 0.159245677958241
-1.43241121569235 -0.034681096907498
-2.54791032124726 0.132103918224798
-1.05317184723379 -0.279148010665057
-1.49428689046882 0.167143033057361
-1.07878523174758 0.147929212932769
0.399210601027811 0.186568112091668
1.54379642067712 0.16023214834553
1.29919129952487 0.488505258591443
0.866717320331789 0.115741813715018
0.812089080736511 0.168118016027808
