-0.035061732109487 0.0142663710855467
-0.0232288332925027 0.0146596775643693
0 0.0120556976307524
0 0.0128047935303463
0.0116385130154936 0.0133836320929538
-0.0116385130154936 0.0146885744205573
0 0.0143258552644414
0.0347713582986076 0.0116678041880237
0.0116385130154936 0.0130648075589
0.0234232190939934 0.00488668647422487
0.058194577392601 0.00489939430581309
0.0462664806044326 0.00635468718179287
0.0116385130154936 0.0083684215624703
-0.0352087453371523 0.00777828417636808
-0.035061732109487 0.0089879201788235
-0.0234232190939934 0.00751830118105896
-0.0468472583526458 0.00853188934595222
-0.0699801036357599 0.0117846416989097
-0.0586826178359207 0.00936993696322253
-0.0234232190939934 0.00960234553402754
-0.058194577392601 0.0136082980452771
-0.069689699698426 0.0135192474282308
-0.023325621215797 0.00877696586241301
0.0352087453371523 0.00316868682345037
0.035061732109487 0.00488145334087566
0.035061732109487 0.00703221111260367
0.0699801036357599 0.00351377128839078
0.0235216371368489 0.000589033732134573
0.0236208857264337 0.0022764201997549
-0.0236208857264337 0.00647438193152089
3.46944695195361E-18 0.00330307958074664
0.01173611089369 0.00193575022836004
0.0116871082003034 0.00614727838393731
-0.0234232190939934 0.0117998849429498
-0.035061732109487 0.0119831773936529
-0.023325621215797 0.0114139128349842
-0.058194577392601 0.0148374140394097
-0.0235216371368489 0.0101817279226144
0 0.00959757762855725
0.0353569966201237 0.00569330614039933
0.01173611089369 0.00852380732134444
-1.73472347597681E-18 0.00939568378210591
-0.0589297207579494 0.0086378644769996
0.01173611089369 0.00534860594853696
0.0234232190939934 0.00469197242728052
-0.0591789135778329 0.00689102396601818
-0.0714692021160976 0.00348619405000367
-0.0839180986669955 0.00554585055072667
-0.107899976875617 0.00778843962111684
-0.0952962965945983 0.0118041109383069
-0.047242612557646 0.00936481473646332
-0.0235216371368489 0.00778958670938909
0.0237209754207972 0.00223847227375623
-0.01173611089369 0.00954639928513139
-0.0116871082003034 0.0113754769608574
0.0591789135778329 0.00201914474330405
0.0714692021160976 -0.000417860431804833
0.119126844004148 2.49595374295902E-05
0.142961708985104 -0.0009275505634108
0.106983404794902 -0.0008804446384807
0.070568233773443 0.00377976856950772
0.0352087453371523 0.0065386317211238
0.0235216371368488 0.0100050291841811
0.0234232190939934 0.00754147634005604
0.023325621215797 0.00872133478492006
0 0.0146737732114895
0.035061732109487 0.0145885187611068
0.0232288332925027 0.0189239121579277
0.0346279675889391 0.0215480599663255
0.0116385130154936 0.0176357172674035
-0.023325621215797 0.014111112104174
-0.0352087453371523 0.0114075643111643
3.46944695195361E-18 0.0103606942260015
0.0347713582986076 0.0101949886135171
3.46944695195361E-18 0.0105921671839243
-0.0353569966201237 0.00795624427855526
-0.106530934225585 0.010826224173811
-0.130212238087404 0.0107685877590408
-0.16539332460858 0.0121244301674266
-0.179872903398664 0.00878978667464988
-0.144189388610395 0.00516201324379606
-0.120667751473546 0.00485608480262459
-0.107439735803844 0.00869873885629971
-0.153898202302755 0.0121883868288158
-0.142961708985104 0.00763330214042413
-0.108832391990271 0.00293676659696922
-0.0733419691730793 -0.00293778775892849
-0.012143439209246 -0.00308037828437523
-0.0121963519654631 -0.00626073662215363
0.0246614665583253 -0.00981131991840961
-5.20417042793042E-18 -0.0067111607969001
-5.20417042793042E-18 -0.0031362884505142
-0.0367496528065507 -0.000990695878271521
-0.0367496528065507 -0.00557836573648838
-0.0245533008410877 -0.00504388637785577
-0.0123578935724719 -0.00172813973221415
0.0369111944135595 0.00173804539069232
-0.0121963519654631 0.00833075555073965
-0.0122497278552342 0.00754314133359518
5.20417042793042E-18 0.00930915079528867
0.0245533008410877 0.0071398769427717
0.0123035729858534 0.00851574752831637
-0.0247705895129597 0.00554432740784107
-0.0372385760409606 0.00458853939545695
-0.0123578935724719 0.00564918822475187
0.0246614665583253 0.00665928620270702
5.20417042793042E-18 0.0117677375193807
