-0.00591715976331361 -0.0071631755434077
-0.0118343195266272 0.0145637011650201
-0.00591715976331361 0.031376592019237
0.0207100591715976 0.0100260956142505
0.0443786982248521 0.00969752508087565
0.0502958579881657 0.000423898315910082
0.0650887573964497 -0.00914788240032402
0.0473372781065089 -0.00219160275154459
0.0236686390532544 0.00206315503550761
0.0207100591715976 0.0307965631195887
0.0236686390532544 0.027719500730523
0.0236686390532544 0.020920596469665
0.00887573964497041 0.0250485256743928
-0.00591715976331361 0.0528495118945641
-0.0177514792899408 0.0425176654365362
-0.0325443786982249 0.0691640183832209
-0.0355029585798817 0.0598002211821757
-0.0207100591715976 0.0530122169374056
-0.00295857988165681 0.00849704549838384
-0.00591715976331361 0.00798617407802552
-0.00887573964497041 -0.00941136612970092
8.67361737988404E-19 -0.00938059376879083
0.0118343195266272 -0.0334519502163851
0.0177514792899408 -0.0164346780009731
0.00887573964497041 0.00835340464812787
0.014792899408284 -0.00102949471125777
0.0177514792899408 -0.00965611982596756
0.014792899408284 0.00294366309452512
0.0207100591715976 0.0238241980225275
0.0236686390532544 0.0328884729993727
0.014792899408284 0.0188699617956142
0.00591715976331361 0.0232590874537841
8.67361737988404E-19 0.0493415044039515
8.67361737988404E-19 0.0403719199374669
-0.0029585798816568 0.0377108011376865
0.0118343195266272 0.0422147767952818
0.014792899408284 0.0376903138338064
0.00887573964497041 0.032283765211412
0.00887573964497041 0.0395755964525487
0.0029585798816568 0.0459101889503336
0.00591715976331361 0.0413626573729785
0.0118343195266272 0.0379965360430176
0.00887573964497041 0.0330540458971313
0.00295857988165681 0.0264887019860413
-0.0029585798816568 0.0228670873577634
-0.142011834319527 0.0354737072809622
-0.153846153846154 0.039047644885862
-0.14792899408284 0.0415636694354102
-0.14792899408284 0.0451190538835923
-0.159763313609467 0.0374556897701605
-0.162721893491124 0.0338125177437902
-0.174556213017751 0.0323564857087603
-0.153846153846154 0.023817393168068
-0.162721893491124 0.020055700838716
-0.142011834319527 0.0141437606541802
0.00295857988165681 -0.00317072653903958
0.0118343195266272 -0.0153973973672806
0.0118343195266272 -0.130016891081677
0.014792899408284 -0.158523576569691
0.0236686390532544 -0.102150057988131
0.029585798816568 -0.105100730994513
0.0384615384615385 -0.082020441940661
0.029585798816568 -0.0796233279336659
0.0473372781065089 -0.0857999001814448
0.0177514792899408 -0.123767420523972
0.0029585798816568 0.0290257706140301
0.00887573964497041 0.0469566676686596
0.00591715976331361 0.0285401188901257
0.00591715976331361 0.0387966463649717
0.0207100591715976 0.0277156717271828
0.0029585798816568 0.0511063355345573
0.00887573964497041 0.0181851911618764
0.0118343195266272 0.0360281858261579
0.00295857988165681 0.0349390902692671
0.0266272189349112 0.0191906186369496
0.029585798816568 0.033197180659302
0.00887573964497041 0.0296998169963255
0.0177514792899408 0.026666693386037
0.00887573964497041 0.0332455716774137
-0.0029585798816568 0.0416730890376051
0.0177514792899408 0.0404727866956999
0.00887573964497041 0.043981484052919
0.00887573964497041 0.0333180625355015
0.0029585798816568 0.0251193591270623
-0.00295857988165681 0.0467301018171876
-0.0118343195266272 0.0415446560946275
-8.67361737988404E-19 0.0365588181219571
0 0.0461848303099614
0.00295857988165681 0.0263569768400255
0.00295857988165681 0.0266860116548883
0 0.0381722459848194
-0.00295857988165681 0.0213225073777021
-0.0029585798816568 0.045629913333041
0.00887573964497041 0.0244314657186687
0.00887573964497041 0.0286215805084281
0.0118343195266272 0.0254727052430858
0.0118343195266272 0.0194521630664485
0.0029585798816568 0.0285755641917848
0.00887573964497041 0.0259266738707566
0.00591715976331361 0.0370547774382536
0.0177514792899408 0.0372971535831289
0.014792899408284 0.0279306786503798
0.029585798816568 0.0338055328768458
0.0443786982248521 0.031444985615673
0.0384615384615385 0.0341491052566311
0.0473372781065089 0.044735422436183
0.0355029585798817 0.0353816241263302
0.0532544378698225 0.0368538162762081
0.0384615384615385 0.0383055455993357
0.0325443786982249 0.0325638260498397
0.00887573964497042 0.0468443033720013
0.0177514792899408 0.0397762650551722
-0.0207100591715976 0.0607955968172735
-0.0355029585798817 0.0694623626285259
-0.0177514792899408 0.0582355379422682
-0.0177514792899408 0.0611729626194729
-0.0177514792899408 0.0436022574300238
-0.0414201183431953 0.0340415394649049
-0.0118343195266272 0.0400037655089117
-0.0118343195266272 -0.0140770851429331
-0.0236686390532544 0.0100337533000942
-0.0266272189349112 -0.0163566277538011
-0.00591715976331361 -0.0035580349858276
-0.00591715976331361 -0.0255209903744494
-0.00887573964497041 -0.00432581787083572
0 0.0072683763170697
0.0118343195266272 0.0130796699289241
0.0118343195266272 -0.00680967877728386
-0.0118343195266272 0.0100387410254469
-0.0029585798816568 0.000187893409883261
0.0207100591715976 -0.000239465186256366
0.0177514792899408 -0.0208186088781891
0.0177514792899408 -0.00905204786331745
0.0177514792899408 0.00805495857142083
0.00591715976331361 -0.00626879762468854
-0.0177514792899408 0.0143861506671516
-0.00591715976331361 0.0463815384868286
-0.00591715976331361 0.0396633844880991
-0.00591715976331361 0.0143429520322441
-0.00591715976331361 0.00641124199494306
-0.0118343195266272 0.029164300581188
-0.0118343195266272 0.000106523643708473
-0.0177514792899408 0.0186618213912641
-0.0118343195266272 0.024056980432876
-0.014792899408284 0.0341478810360697
-0.00591715976331361 0.0255093439707038
-0.014792899408284 0.0274468013986499
-0.0118343195266272 0.026586199405214
-8.67361737988404E-19 0.0283945022278384
0.00591715976331361 0.0239639918703868
0.0118343195266272 0.0203430221219917
0.014792899408284 0.0204573564066432
0.0118343195266272 0.0116925616845388
0.0029585798816568 0.0160865159760685
0.0118343195266272 0.0202258431198636
0.0118343195266272 0.0303684184833467
0.0029585798816568 0.0227498167806139
0.0029585798816568 0.0279390342944747
-0.0029585798816568 0.0384886168440381
-0.0118343195266272 0.0364886340988998
-0.0236686390532544 0.0416544908576419
-0.0207100591715976 0.0460200301869324
-0.014792899408284 0.0382759823011742
0 0.0340883781781524
-8.67361737988404E-19 0.0304884787735133
0.00295857988165681 0.0306981767684177
0.029585798816568 0.0196310101312881
0.0177514792899408 0.0230902109090429
0.00887573964497041 0.0290703664100302
0.014792899408284 0.0207682452556578
0.0236686390532544 0.0135208122006442
0.0384615384615385 0.00759756086595678
0.0177514792899408 0.0170109530476434
0.00887573964497041 0.0309397272176905
0.00887573964497041 0.0289948571154727
-0.00591715976331361 0.0370558133361509
-0.0266272189349112 0.0605573815583415
-0.0266272189349112 0.0486432399970251
-0.0207100591715976 0.0276822309306261
-0.0266272189349112 0.033447113572718
-0.0266272189349112 0.00496547825816043
-0.0473372781065089 0.0419599067504847
-0.0207100591715976 -0.0163315824835238
-0.0177514792899408 0.0142682434274998
-0.0177514792899408 0.0352966440085218
-0.014792899408284 0.00982022313437794
-0.0207100591715976 0.0126681372111238
0.0029585798816568 -0.014654759936839
0.0029585798816568 0.00942556669599873
0 -0.000586339753512716
4.33680868994202E-19 -0.00431704887395065
0.00591715976331361 -0.00617373699911469
-0.0029585798816568 0.0114802370091364
-0.014792899408284 0.0204593849698308
-0.0236686390532544 0.0205176151319612
-0.0118343195266272 0.0249047649219295
-4.33680868994202E-19 0.0212363379632129
