-1.34352222541176 0.0354387371147941
-0.0656351257665388 0.0355163538990711
-0.0284558335676532 0.0355166905575399
-0.811702116406332 0.0354567254510133
-0.782415148744997 0.0355043921175108
-0.00927073953098656 0.0361819074448397
1.07570856800647 0.0419279948638142
0.0522797317274115 0.0330291612579664
0.0294669704659967 0.0343298363761022
0.667697796163491 0.031804110191573
0.00682746690969793 0.0374968867819632
0.584448628638068 0.0309262381244352
-0.35454623291975 0.0298842838342895
-1.10522650566804 0.0413387672124492
1.01393220738304 0.0354249487152181
-0.239433721160998 0.0355231312688211
0.639773332375126 0.0355195757084087
0.457804063718781 0.0355485806689104
-0.520343802266332 0.0355441489100257
0.245745184788371 0.0354748948067694
-0.686337997530906 0.0406124616000682
-0.132048541969354 0.0371417581707468
0.638031954087381 0.0352623074081599
0.00506773499826529 0.0342872822391801
0.357722696961504 0.0295504449156433
-0.020063243503099 0.0360713515527013
-0.296867632002673 0.0265291540902114
1.34094493450112 0.052805476586858
0.270321740033275 0.0357071032702112
-0.150223499346014 0.0346291001165733
0.197804348302633 0.0369900533732048
-0.154337523754888 0.0361228187498619
-0.0550507559736957 0.0349573123492541
0.201947688344806 0.118449838520254
0.333052772408227 0.0762265235945875
-0.0763723889789958 0.0461407032492186
0.623714544626086 -0.0221894977176652
-0.0369442793203056 0.0395866229032498
-0.320460875932849 0.0372044589688919
0.179776731195869 0.0769873280558659
0.447272196043969 0.0172640185673925
-0.261414512423386 0.0366027473189924
0.398420578082259 0.0304977023900143
-0.0668411838732119 0.0307762520478548
-0.081523872612177 0.0424023367551225
0.237748495967427 0.106513727701446
-0.360683295538244 0.0506125374814879
-0.388102346949104 0.0583303222831797
0.170801127246278 0.0277655255901919
0.0397571268396568 0.0262386254870707
-1.09942788930799 0.0601519440126864
0.0459868413135389 0.0337913807799713
0.479317363449328 0.0362281176980389
-0.137282838219654 0.0302413546138414
0.087774161213261 0.039058714288339
0.685565552074596 0.0345627324127012
0.28502247573412 0.0229659910418476
-0.388122682675718 0.0342596970940534
0.622037777335205 0.0506281989897373
-1.23686138890244 0.0350168298246506
0.130584789725408 0.0357453653132965
-0.405583020246247 0.035427171120728
0.621710728783054 0.0355004681550635
-1.18648452451744 0.0355212262404007
0.208557445065383 0.0355172459828189
-0.638382511914637 0.0361771936482513
-0.735131784062615 0.0354958669080611
1.3009501617856 0.0355329929633334
-0.22887022192335 0.0355172168735216
-0.69906655944032 0.0355811502055206
0.219280594259841 0.0355189101637336
-0.923198757079202 0.0355178688968917
0.355040748199853 0.0355726645931114
-0.778297730519517 0.0364936188466437
0.813162305924253 0.0349286400771904
-0.885811548344906 0.0355265089152773
0.607476442117472 0.0355160256471848
1.21120376869679 0.0355602385121801
-0.0776040583833293 0.0355013514776332
0.368491977638818 0.0354946639520557
-0.198680470836887 0.0353000793679736
-0.281889286641768 0.0364766418814007
0.615843883784262 0.0343670188036129
0.621653906190556 0.0300904645117847
-0.0284566995585323 0.0390622962381106
0.348852888436557 0.0438988943327718
-1.1593094127869 0.0411121289746366
0.366516923917448 0.0355589611078988
-0.251807358665923 0.0370052271478095
-0.736664256593533 0.0349095024642968
-0.76664621711835 0.0352423948537167
0.335429061226566 0.0362452746124583
-0.0745981193175815 0.0346600091219832
0.163694300055317 0.0236758502034391
0.741331576181858 0.0338805587047649
0.377939602530963 0.0384873175952771
0.0908239400743138 0.0296484810746552
-0.507072098510664 0.0514244791428003
0.109066060460039 0.0376441618268899
-0.282520476149761 0.0303639865774192
