-0.482247292353844 0.200614297283894
0.185330590820239 0.315929590978268
-0.355897625687067 -0.169567880329751
-1.00896172130031 0.343333581623439
-1.8877925832116 -0.519436362419468
-1.05698321515907 -0.167868534806338
-0.34629333173852 -0.0207008794954229
-0.296021051968205 0.199559509198313
0.227756635285706 0.311361818751723
1.13071041282557 0.388048452939465
1.14073441569257 0.129940309360683
0.834837540856586 -0.0127590369104153
0.581515864866283 0.00616846532312731
-0.125033072733696 0.193446787283734
0.0905595613591673 -0.084374560265542
-0.0627819220133031 -0.232307068663954
-0.028332432815892 0.173787812563905
0.4775004208324 0.135632236884197
0.841694153678245 -0.0296717836545147
0.363360809820861 0.222272403933883
0.0850832411916165 -0.00138305731290811
-0.395513445759017 -0.0715405402325103
-0.283289460035865 -0.189914985969787
0.0438728716996357 0.264117540961961
0.113598831992079 0.0444619669040771
0.528473623739294 -0.305311930519187
0.42584436270221 0.217289703130708
0.863532980802535 0.388317287204625
1.02870087803074 0.229830872074318
0.712413834077886 0.163356966125374
0.848075242877262 0.129893105214793
0.936825639946247 0.193108741667019
0.0675694991956724 0.209513232615447
0.0249944649719037 -0.00085644522172082
0.325920083702527 -0.00108572166758457
0.1551961952556 -0.0309963679096449
0.639672288468904 -0.183073759631374
0.65094679749906 0.0993653029944526
0.325654351700328 0.139859727697754
0.23021269599689 0.0636920263872166
0.55627478501894 0.0706311829367601
0.00512418086820407 0.0588623598498476
0.276216404394667 0.0596483631530155
0.434139868086109 0.0047259845400133
0.2714336677792 0.00629784680422379
0.140967818803429 0.0332605592088482
0.0791553075641724 0.0910762787649528
-0.410595403766516 0.0641851888290169
-0.262620707531949 0.0684316818604282
-0.187101668147224 0.209444568499977
-1.01973230740942 0.078270227525188
-0.766507661996613 0.102003605330854
-0.226384282664788 0.0633268779037791
-0.418221464308925 0.251714288692744
-0.388322301815314 0.225753150185265
0.723154274157186 0.042803100378149
0.871996562493783 0.0325929365635284
0.331860520547484 0.290097500819218
0.804672945666841 0.462437246498938
-0.0201487884195686 0.458655006552779
-0.365723233213437 -0.131035396689105
-0.795748248557752 -0.0792028393390262
-0.166946956379641 -0.014883016454207
-1.29307444179836 -0.0437450749011921
-0.39304358500129 -0.0654804382253891
-0.871862791642005 0.216906772113617
-1.07706563616275 0.480027334784143
-0.654118020918628 0.184955669185353
-0.0578324315860667 0.0635502912040638
-0.622990150046403 0.28547558824706
-0.0889419958692208 0.366163960931582
-0.206047207785339 0.325456857110128
-0.795044417421078 0.214438378980213
-1.13716097193713 -0.0235197550029167
-0.195528962320165 0.364956211045777
-0.883645793631913 0.263264716160284
0.069472346685384 0.217406597923232
0.602586430151781 0.113055993445633
1.03889313327798 0.100563220339846
0.762006595512082 0.136713949208868
1.18986816607413 -0.0693522723021881
0.636079478636183 0.216997755673193
0.265361832838331 -0.160729297482123
0.700774552105291 0.0229927673186303
0.453603248088404 -0.0126055507627338
0.794540357036319 -0.188124654056241
0.248189936419773 -0.0226471049926565
0.092939463658511 0.177640871972041
-0.450945860175127 0.43415666120547
-0.891931295931917 0.236345644192743
-1.58652831662585 0.125538591170097
-0.655787193126808 -0.106141921561356
-0.930459932251873 0.527696538975096
-0.671736090337547 0.325098412384465
0.248579754768528 0.497468914178734
0.961288439426279 0.265080780093244
0.808978152889281 0.337927346630561
0.539686016320752 0.147502847064391
0.505670200189945 0.063191946910767
-0.131860194625693 0.0553375665681367
