1.57942671832318 -3.17445619713094
3.47621062592121 3.7816581793018
4.49215047743339 -0.712373106029534
4.80077260710858 -2.13256972890527
3.21846833714012 -3.67235145930911
1.05930734974242 -1.30857532331005
0.256221676460022 -2.10431192197386
-0.517023346609036 1.70032013278217
1.05930734974242 7.68492691182278
0.777861657361845 6.08939251988555
2.13193468271318 5.3008816683673
0.787262309988535 3.75318590242266
0.773245023069058 0.727383983089158
1.02191651816861 2.96569562711966
1.28119757599656 7.66107681312889
2.87025708756992 -2.80537231354797
3.12202270969457 1.18353479660216
2.87025708756992 3.27992656417197
4.24038485530873 -2.74857925096952
3.64292656266749 3.57304322692777
3.64292656266749 0.86450247711044
3.35230341436634 -0.17735186598372
2.55541044723882 5.25091541307623
2.57054002349018 4.4180533680944
1.80445026936427 -6.18483241984119
1.02191651816861 -2.12937958918328
-0.9984220906601 -3.81230227947883
-0.490733449474412 -9.97316258230878
-0.244673594708744 -0.747710160956562
0.246059854765668 -3.80009077912482
2.26639846359438 -6.12295290116362
1.76259632004763 -1.70422930270023
0.992716323301113 -1.02883207563668
1.48915554013451 -3.8276017166988
1.77287669604316 2.96025604331594
1.79380150887403 -4.07524717224019
0.254718901387996 0.0227086666566976
-11.5506501499715 -1.47742801658009
-12.3198075031999 2.3315400214795
-12.4082983657717 -0.639486361842522
-11.8912750191626 2.20749305250631
-13.6356640472835 0.326036285570318
-14.4089090703525 8.01200925032748
-15.9981485515018 3.46910684007538
-14.5623335468151 -0.832853152333739
-16.3646439601423 -5.98293020204463
-14.8140991689397 -8.37183226023244
-12.49387366083 -7.10786473383511
-12.49387366083 3.76674789561615
-12.3277952626835 3.72423562463584
-11.997531707675 -0.978085567469228
-12.9094696379458 0.819900649413412
-12.2464117480444 0.0319740891514861
-11.997531707675 1.97686673365948
-11.1676805940463 6.48032058429947
-10.8423648542741 4.3466484714069
-12.49387366083 -2.88331035007879
-13.1569315507313 0.386162579776009
-12.7399335155957 2.29223560197599
-12.4121625394721 4.59357879270188
-12.0868467996999 5.97392241627721
-10.8792100657743 4.34778896421
-12.4121625394721 3.80491348106417
-12.0086233813888 5.9259641616948
-10.6317481529887 6.03674257082004
-10.7712334633789 5.31835160213888
-9.31170239909174 2.75016402733737
3.89180660303698 -9.32216899787703
3.34237554869496 -9.04502194255941
3.92110792981382 -9.28595052654326
3.29168462004499 -9.1981188230556
4.71790776954693 -9.0219373184173
5.66549695793468 -9.39034644435018
6.43321250087057 -9.71898690141963
5.62229242388401 -8.58625744514057
6.16569010640922 -9.69784457755978
4.68154557170088 -9.23081411974802
2.29491980709686 -8.64929765776127
1.97440581957571 -8.73476733199151
2.5743504598331 -9.85563346780344
1.93051551953864 -9.80032334165376
2.27772148495702 -9.51925323912329
2.24408690482452 -10.2400346766514
1.61466359505569 -10.3856274312287
1.91631592870094 -10.4911622494381
1.59100018892875 -8.71989242606628
3.55383253789892 -10.0783814089796
3.21846833714015 -9.35674548496546
2.24408690482452 -9.21416702082502
2.22763947111524 -8.82461359623668
2.21143142905722 -8.53672229769331
0.629423309768828 -7.63257359620884
3.75163612678893 -8.86519748140423
2.19545758880504 -7.8212950420032
3.64657012558671 -7.50982749141369
5.7186952341457 -8.24604592617875
4.48123444163624 -7.81316475621955
4.69965626762234 4.71004766678946
4.86431787981634 -1.08652806769471
5.56422867003274 0.608702229683336
5.08001536800562 3.84983056759315
4.25523506854637 3.45132446739491
2.72469151408623 2.643455705879
3.0382628993721 -4.62599791315489
0.616030870481832 2.71022233715301
1.87494360128388 -5.44632111272585
3.05967675917693 0.00328333879213361
4.25523506854637 6.97710668456802
3.10342337399689 3.81690609440363
1.53476918411546 5.8218521179296
3.62121726544449 6.5640275173502
2.76322886280302 4.60180631876191
0.311323542414299 4.55208374644896
0.629423309768828 6.63985164000612
0.311323542414299 2.31509566314254
0.311323542414299 4.99000034211083
1.22344564170116 4.89526208078714
2.99632233774432 2.07321381571142
3.01714681581788 6.04614056034147
2.41336797167193 5.83036929395771
1.51337431290572 2.06458134113234
1.83532019808799 6.77539543988971
0.594933251320118 0.852522273674854
0.907965785191855 5.68299309916071
-0.883341262783688 1.18341234524653
-2.31678650520259 -0.820685355639791
-2.03385750331617 4.28649311846673
-3.47621062592118 -2.28478390373813
-1.16596125449933 4.04681535439001
-3.43042311699855 -0.423287151641523
-2.91582287412133 3.98457911024625
-2.07552215906195 4.8428599941391
-1.49256779298956 8.61692662355966
-2.10426027395776 -0.201057115066277
-0.616030870481832 2.91817361218208
0 6.2457677975012
-1.80982220927963 4.11584912121492
-2.38029146726249 4.83283555092073
-0.907965785191855 2.04840777512656
-0.607414771219328 2.58265373180357
-1.77287669604316 -0.906379959688071
-0.29848535494621 2.73125143583206
2.11892990699381 -4.78229589132361
2.1338055530342 -5.56607557381838
1.22344564170116 -4.0124728690943
0.920800178682368 -5.0749167465053
0.300551013972528 -2.7672321581988
-1.17384032712442 -3.51237798074944
-1.78502309472122 -7.71308078311817
-1.49256779298956 -1.20713696089954
-0.901681831937529 4.15413373623027
-1.21488895795951 1.45257969468965
-2.4302534494081 0.693070437926416
-1.83532019808799 2.74510440533772
-2.1338055530342 -13.1262908133324
-0.901681831937529 -8.19582926246811
-0.29848535494621 -8.91254586505278
0.895484265292645 -10.9290863318274
1.73740960694226 -0.434494765416204
0.883341262783688 0.764981055773907
0.599036368918737 -7.23251417924138
0.901681831937529 -2.83818016190418
1.19812972831144 -2.99135392724028
3.26244752893927 -3.15768278049038
1.52399665567369 1.02583221298983
1.20645114013807 1.7134019784718
2.10426027395776 -0.514354483640195
0.907965785191855 1.0583583088069
0.607414771219328 2.14724528563111
-0.616030870481832 1.58235533031324
-1.53476918411546 -2.67518898391244
-2.46474350785681 7.13081173886314
-2.74382483469398 4.63491473193676
-3.08139474142195 4.43938416390903
-1.84834056940133 4.72498784436377
-0.920800178682368 4.61365120851051
-0.907965785191855 -2.1727562578078
-1.8224820106199 -1.33202235739327
-1.8615470308655 -6.90994248613142
-0.611692480968196 -4.22635233434945
-0.920800178682368 0.54652197698022
-1.2498545498973 0.775945542760709
-0.313571385285871 -3.41521247033331
-0.313571385285871 -0.496129188736896
-0.629423309768828 -0.640910381139332
-2.50022689700558 2.04918302959842
-3.42632038701673 3.10065211517189
-3.37784263779586 1.99921760075541
-4.7970863661192 -4.5582550219581
