-2.6596324234409 0.0134946526231872
-2.12205462252978 0.00410607892428213
-2.15440340822787 0.377968826912568
-1.74219238509299 0.586634663269603
-1.4919519355267 0.223347473405079
-1.97742017584902 0.489492285001793
-1.67436729900297 0.295180275450936
-1.80903425680815 0.338053724574564
-2.44989356228044 0.384841738804757
-1.75976639736485 0.395423249502813
-2.03044159064517 0.103936783030699
-1.30894601321126 0.618147353117871
-1.15417656759969 0.449169501508444
-0.906760924657879 0.816546174482448
-0.809378897867435 0.691940299847548
-0.474550844977282 0.80172916401876
-0.144268307481003 0.827158597650394
-0.0719511512454317 0.570286698107576
0.124897482396259 0.6386546047834
0.295191543731218 0.545374055389375
0.152278851097261 0.408562621858206
0.675873284065607 0.914680856250768
0.987341128810081 0.770032167648826
1.00802974466032 0.633479139343863
0.522850866863959 0.820243157054404
1.48260138632837 0.834954538287941
1.42736833319162 0.960416497209224
1.41080825369282 0.62036401312054
2.04198593093254 0.354092878111532
2.73656353377809 0.939296567900585
2.69478079674303 0.808433754378662
2.41333395339904 0.602261253190192
2.35777610316009 0.888458865382639
2.13988364734716 0.208322314817541
1.83606581694941 1.20646202693789
2.11032116606941 0.968636338020413
1.58362059341066 0.796298334369802
2.05247664268847 1.20441244205748
2.69905658816696 1.20769387278131
2.01693992336944 0.73160624481133
2.31407090688614 1.07316641176861
1.69110833379072 1.21834037551182
1.16438081808955 1.01387936914014
1.59474172695677 0.918807232687407
1.46647744540136 0.838756540416882
1.20925535828511 0.453441901447863
1.32011411755313 0.768456060298767
1.22128599546063 0.705502790479177
1.13264739094821 0.82922317837722
0.964556311593964 0.323525159800735
1.403936008703 0.292453400852837
1.7662663173447 0.207937321390694
0.68961353520558 0.718800959020403
0.908619458584307 0.772552648381047
0.23199368909651 0.803642590878823
0.1901375326123 0.562713844130078
0.033692428840699 0.496611447490039
0.455097079630266 0.385740804351
-0.409449448185959 0.842329234682573
-0.486969979607307 0.344841685711859
-0.836921454285304 0.252276070582619
-1.68304549579096 0.564858535025203
-0.849967738787421 0.59162381232013
-0.792936231472353 0.669676548712353
-1.3401728256506 0.621224007285116
-1.48213823517347 0.160725460742297
-1.8942168844445 0.109298636215027
-1.92122856060317 0.513001579980471
-2.3642370714956 0.163214580436814
-1.80713545574997 0.487016082562192
-2.50675184760881 0.61756859545572
-1.90389984532329 0.493469690156992
-0.908046726684869 0.42004796199824
-1.06272323068567 0.35738424381186
-0.858027192090659 0.371873555394722
-0.29715137412526 0.415122779445095
-0.501312704690494 0.544548435254318
-0.41630061118175 0.562744881881668
0.0562727857285508 0.488329828480625
-0.0161016421869409 0.306462457292023
-0.225765291246127 0.309141115976888
-1.12511933076451 0.310404179051369
-0.655221668070724 0.486702551369016
-1.19934602011342 0.202213700360877
-0.887884149699289 0.300153106526374
-1.44657037465854 0.287984431600043
-0.98515827533356 0.61335587072927
-1.41873464394296 0.437597907523279
-0.578007668652601 0.260742461787508
-0.246260809929471 0.668807656113935
0.386580856409745 0.991847795564482
0.900885513718474 1.03374928858544
-0.224930606703576 0.822357112883123
-0.0145050368765893 1.20640545092061
0.24486914549124 1.25883623304225
