0.023325621215797 -0.0534149196600592
0.0234232190939934 -0.573968419052153
0.0586826178359207 -0.466959628332561
0.0818154631190348 -0.294689852823822
0.0468472583526458 -0.378588734640983
0.0470441048204271 -0.271822346329283
0.0818154631190348 -0.249823497961101
0.0933105854248598 -0.723436367025022
0.0586826178359207 -0.050186759798826
0.0118353594832749 0.0266164727855885
0.0236208857264337 0.139254433376579
0.035506501663956 0.155838518201575
0.0237209754207972 0.0839737091332418
0.0118353594832749 -0.0014821302288321
0.0118856159375223 0.125157104732788
-0.035061732109487 -0.0059061227205201
-0.035061732109487 -0.0597037938754444
-0.0466520523864961 -0.098251589370927
-0.0116871082003034 -0.0103515235680196
6.93889390390723E-18 0.0325179771558324
0.0116385130154936 -0.0187856816603725
6.93889390390723E-18 0.123204814993943
0.0231328452831141 -0.000846527500263192
-0.0116871082003034 -0.0115546535585512
-0.0234232190939934 0.0824263377434996
-0.0236208857264337 0.256107722845619
3.46944695195361E-18 -0.0143740195397151
-0.0116871082003034 -0.135715708943508
1.38777878078145E-17 -0.0974798987647043
-0.0234232190939934 -0.0727823834077424
-0.035061732109487 -0.16611546396281
-0.0116871082003034 -0.0448990091132162
-0.035061732109487 0.0229673862641733
-0.0699801036357599 -0.0266288431914137
-0.035061732109487 -0.00415518610939943
-0.0116871082003034 0.103139874343668
-0.046458466498911 -0.0877345020691047
-0.057953588804736 -0.102138516371409
-0.070568233773443 -0.025427383436415
0.0235216371368488 0.147879064658466
0.0234232190939934 0.101022701233585
-0.0474428026841429 0.188133864841307
-0.0596836758729387 0.0814626876141757
-0.0839180986669955 0.142980553331217
-0.0842790911491837 0.0921839616587788
-0.0835601857009083 0.117032614149867
-0.035506501663956 0.0771171648435605
-0.0117855262431589 0.0681343570270777
-0.0235216371368489 0.0549531059950202
-0.0234232190939934 0.0744159279595435
-0.023325621215797 0.0416194296735125
-0.023325621215797 -0.00989610253603872
-0.058194577392601 -0.114978642331609
0.0116871082003034 -0.00495125879110068
0.035061732109487 0.02440552420963
0.0470441048204271 0.0321725228898186
0.035061732109487 0.163666623982034
0.0116871082003034 0.142752409677237
-0.0116871082003034 0.0756157619522095
0.0234232190939934 0.0359151476606693
0.035061732109487 0.153028050779992
-1.04083408558608E-17 0.320449995081619
0.035061732109487 0.146089663455966
0.058437578629655 0.0927082099618591
0.069689699698426 0.0109378393334375
0.023325621215797 -0.00554650526872453
-3.46944695195361E-18 0.0505021974662411
-0.0235216371368489 0.0874979742470111
0.047242612557646 0.197726567572458
0.046458466498911 -0.00710163880919829
0.0116385130154936 0.0674063161070189
0.0238219169577092 0.0782701777438256
4.16333634234434E-17 0.100191298041255
0.012143439209246 0.0278326567474739
0.0121963519654631 0.0349237303379564
-0.0612509855882686 0.15990749179584
-0.096946776052749 0.226994619048827
-0.120667751473546 0.0864203220075616
-0.0839180986669955 0.100500885112289
-0.0957036249101543 0.106922311530399
-0.119636087769307 -0.000842103532721156
-0.144189388610395 0.223933846130192
-0.144811171289177 0.137429008027923
-0.119126844004148 -0.100123065012091
-0.142961708985104 -0.130990687113964
-0.143572923824845 0.0390334228667512
-0.167515009826192 -0.166636784678601
-0.155876496810698 -0.0192175864331776
-0.144189388610395 -2.39682917566944E-05
-0.155876496810698 -0.0627324825668443
-0.167515009826192 -0.124724571495562
-0.156547282182867 -0.112119992858196
-0.142961708985104 -0.302831478309081
-0.154552029262114 0.110889320566144
-0.189839404429278 -0.0323405274226197
-0.155211436840339 -0.183723048730419
-0.119636087769307 -0.157108622641494
-0.108364178487693 -0.0519409870724198
-0.168959978123355 -0.164165745210519
-0.227886431150267 -0.215717640409255
-0.179872903398664 -0.171808126715331
-0.0965288190044179 -0.0320977740334935
-0.0364307747595198 -0.213677973866414
