-0.523252693367704 1.1394465117738
-1.04654336781649 0.44860438207496
-0.523252693367704 2.97074538027808
1.84834056940131 0.0918154402837654
3.86867917823002 0.0801389879618579
4.35941262770443 -1.24767656380762
5.72954039544324 -0.832957925801383
4.13926851582251 -1.43737794551987
2.11892990699381 -0.38581533999122
1.83716900710427 -0.647969969007265
2.05621589148892 -0.354840124464582
2.0684598859851 -0.635011136451
0.782533751195658 -0.707732467344764
-0.520119368580763 0.416171569048982
-1.5063746435876 0.947016806846831
-2.77035311613107 1.38996764850749
-3.03119142688388 1.73462791612026
-1.76259632004763 1.5446570011085
-0.259281057827954 2.75523326257503
-0.517023346609036 1.34788819554832
-0.75971817505216 1.40150938952361
0 0.201488563664325
1.02191651816861 0.650523240932378
1.54203588674937 -0.165173104148808
0.75971817505216 -0.930931070813843
1.28119757599656 -1.46443299349478
1.54203588674937 -1.63793882558983
1.26625436689261 -0.835943161025783
1.78327771350164 -0.900979640862262
2.03215775387111 -0.0459872785581101
1.25891273080205 -0.439032429043168
0.502080137505079 -0.4026177258028
0 0.356878130651024
0 0.537081959994692
-0.251765622124656 -0.117859619997718
0.9984220906601 0.203151979654761
1.24448194542577 -0.0539868294926737
0.74240180792069 -0.0815331885405772
0.74240180792069 -0.0569740361126367
0.247461912785552 0.440586574147046
0.493521767551219 0.166112904019881
0.987075402629434 -0.155647305541111
0.750960177874549 -0.236711904311649
0.251765622124656 -0.677703910483645
-0.253233651539508 -0.801009545135118
-13.8302698166282 -0.153679156097114
-15.106325335375 0.276503663857268
-14.416954540585 0.366109975842901
-14.416954540585 0.52088508203016
-15.9152837139402 -0.049400775498599
-16.1613435687058 -0.165667256456276
-17.4873040916363 -0.182219622808605
-15.3132937246896 -0.574812948767404
-16.616409582267 -0.532265382224283
-14.3090998952756 -1.12234334479862
0.337974065138069 4.04059608992896
1.36796972911926 3.28556421875225
1.34675746998072 1.25137276357655
1.6770210249893 0.503565200300702
2.75835216320883 -3.89034986720019
3.42141005311016 -3.85977209914876
4.50269698133192 -1.69077867628331
3.39465295276877 -3.96026090282968
5.52227910586822 -3.34382055953291
2.0684598859851 -4.78591908863103
0.33536420075877 -1.34263753255722
0.9984220906601 -0.371740454291691
0.658034531132157 -0.350704120978977
0.653086715895768 0.329935533733901
2.27772148495702 1.34084196353552
0.327770976123576 1.21456148438383
0.975983728915608 0.559791378959273
1.28689261893211 0.252739846782147
0.322897013019841 1.0668075407638
2.92893761019875 -0.852454587079139
3.21846833714015 0.240489274180801
0.975983728915608 -0.578250657988621
1.91631592870094 -0.280428717578561
0.96157687915992 0.417175731840898
-0.318165878618926 1.18533372368148
1.91631592870094 0.375959376955846
0.954531790623037 1.10169281026517
0.940746852183127 0.109189515284568
0.320513987521154 -0.298992042723443
-0.315851924482957 0.998439214300857
-1.25891273080205 0.942569939289056
0 0.470606965074962
0 1.27634961960938
0.315851924482957 -0.205429060587393
0.318165878618926 0.0101024150484061
0 0.697275543197248
-0.315851924482957 -0.287115637051985
-0.311323542414299 0.272635996774182
0.947589188387754 -0.0581282037774375
0.940746852183127 -0.439689674183315
1.25891273080205 -0.935877759870296
1.26810317590891 -1.04047205679032
0.311323542414299 -0.246324797785691
0.934002625414343 -0.401406628163942
0.629423309768828 0.267032220903074
1.83532019808799 0.128628071090487
1.55677772266496 -0.598680569623655
3.01714681581788 -0.390386662031448
4.45059205823679 -0.113859280219517
3.85633951393607 -0.187888006570221
4.69965626762234 0.411863800099509
3.59621470390743 -0.119283887173355
5.25290512761845 -0.208308330695305
3.83016081810832 -0.20961011270589
3.30764588015862 -0.385116347605889
0.889371315998244 0.639836544081545
1.7973371011901 0.0361999858756388
-2.08979240292175 1.0284625259459
-3.52323764534066 1.50185281689679
-1.73740960694226 0.891293380033728
-1.70333392987803 1.6970455443481
-1.76089450581944 0.51399610842847
-4.02945948591729 0.93177921129316
-1.14294617807817 0.0517112485593696
-1.17384032712442 -1.76495898920789
-2.41336797167193 -0.923568598980582
-2.72469151408623 -2.5942711404727
-0.616030870481832 -1.51036247017118
-0.616030870481832 -2.81339020566282
-0.895484265292645 -1.02913851913974
0 -1.48931383115011
1.1818266177299 -0.0513321147720678
1.18992232997077 0.255162940910806
-1.17384032712442 -1.6379602606463
-0.29848535494621 -0.672562733707439
2.11892990699381 -1.18147657373464
1.83532019808799 -2.39877822444096
1.8224820106199 -1.62955381696988
1.8224820106199 -1.54821220457303
0.599036368918737 -0.780938848293738
-1.77287669604316 0.652391183727557
-0.58689336640978 -0.605412867271328
-0.590885961052035 1.41695726898912
-0.599036368918737 -1.37606216181659
-0.603196476991319 0.174826099334565
-1.19812972831144 0.121169836244119
-1.21488895795951 -0.276845457030435
-1.8224820106199 -0.40140628355063
-1.20645114013807 0.56831275890247
-1.51337431290572 -0.345060730557352
-0.607414771219328 -0.811508899331729
-1.50289903651197 -0.647512045741182
-1.20645114013807 -0.730700298170492
0 -0.544873419555332
0.603196476991319 -0.670526897285983
1.19812972831144 -1.14933007933533
1.51337431290572 -1.06958752968618
1.22344564170116 -1.61095589122783
0.304769308200536 -1.12744964545409
1.21488895795951 -1.31367407055953
1.20645114013807 -0.448177124468929
0.304769308200536 -0.76479491732063
0.304769308200536 -0.809038781494523
-0.302645463018791 -0.301440502280331
-1.21488895795951 -0.111493758577881
-2.4302534494081 0.152578921828534
-2.1338055530342 0.503114880581945
-1.53476918411546 0.295811856647672
0 0.0058279842952782
0 -0.334662089147985
0.296447896373908 -0.146446128378331
2.9355393352537 -0.734881015264579
1.78502309472122 -0.248871224275904
0.901681831937529 -0.76774102717002
1.51337431290572 -0.871733761333021
2.4302534494081 -1.50113182469028
3.88287876906774 -1.72436824062643
1.83532019808799 -1.45628312898072
0.901681831937529 -0.528820600540636
0.889371315998244 0.0489966531592909
-0.594933251320118 0.165446163184802
-2.63289387223491 0.331432975585079
-2.70582327340358 0.343105549143884
-2.1338055530342 1.32070685420957
-2.76322886280302 0.159024629721925
-2.74382483469398 0.760100051463665
-4.8304679574555 0.457844526406531
-2.14889158337386 -0.705199247233887
-1.8224820106199 -0.00132933070393371
-1.7973371011901 -0.27865165710695
-1.52399665567369 -0.674258515708944
-2.16419249388429 -1.04696151882148
0.309107697714173 -2.3868400878024
0.311323542414299 -1.06725364009222
0 -2.03662972762159
0 -2.11152539277252
0.634017803101883 -2.39190178357786
-0.315851924482957 -1.34503608695183
-1.57942671832321 -1.15361600937472
-2.51835460182488 -1.15219654512109
-1.25891273080205 -0.522956951440237
0 -0.448727901604373
