-0.482247292353844 0.104119646774979
0.185330590820239 0.0898225488200519
-0.355897625687067 0.084075175578903
-1.00896172130031 0.0881135815389597
-1.8877925832116 0.0828697491674386
-1.05698321515907 0.0842481340735031
-0.34629333173852 0.0843687123550626
-0.296021051968205 0.0852915305118127
0.227756635285706 0.0846902494388007
1.13071041282557 0.0887313501520913
1.14073441569257 0.0798907720844103
0.834837540856586 0.0775663665701816
0.581515864866283 0.0802872377604544
-0.125033072733696 0.0860008548500483
0.0905595613591673 0.0648966601281059
-0.0627819220133031 0.0653197012724482
-0.028332432815892 0.0869349312730249
0.4775004208324 0.0860250943504022
0.841694153678245 0.0822383359236265
0.363360809820861 0.0842797644189362
0.0850832411916165 0.0845509544879986
-0.395513445759017 0.0826646898391369
-0.283289460035865 0.083416553146938
0.0438728716996357 0.0840696986332898
0.113598831992079 0.0642369842249488
0.528473623739294 0.0846584951396235
0.42584436270221 0.106854232902031
0.863532980802535 0.112600909388296
1.02870087803074 0.078728332483704
0.712413834077886 0.0813463821045538
0.848075242877262 0.0869380912125142
0.936825639946247 0.100919932850853
0.0675694991956724 0.0842084380762669
0.0249944649719037 0.0862343251884551
0.325920083702527 0.0917804025425919
0.1551961952556 0.0805711065893096
0.639672288468904 0.0807517763959193
0.65094679749906 0.115565936780176
0.325654351700328 0.151345095465783
0.23021269599689 0.0276462085249196
0.55627478501894 0.0564475991442656
0.00512418086820407 0.0256750958588527
0.276216404394667 0.0253365207984446
0.434139868086109 0.0533962015229859
0.2714336677792 0.0467063219510515
0.140967818803429 0.0918609915115792
0.0791553075641724 0.0879363588054342
-0.410595403766516 0.0651706121775863
-0.262620707531949 0.0618913413690695
-0.187101668147224 0.117381686096674
-1.01973230740942 0.0743074567328588
-0.766507661996613 0.0919333044834933
-0.226384282664788 0.0689310341404554
-0.418221464308925 0.167411649993234
-0.388322301815314 0.163556870586982
0.723154274157186 0.079075937336457
0.871996562493783 0.0912108429184424
0.331860520547484 0.0995107830701017
0.804672945666841 0.0921926532232099
-0.0201487884195686 0.0882079601001222
-0.365723233213437 0.0136172495971041
-0.795748248557752 0.0189931781295209
-0.166946956379641 0.0800865083989818
-1.29307444179836 0.0394260879565369
-0.39304358500129 0.0866178631244556
-0.871862791642005 0.0860406950210943
-1.07706563616275 0.0855014209336601
-0.654118020918628 0.0848326195786095
-0.0578324315860667 0.0843463230084989
-0.622990150046403 0.0883993120028801
-0.0889419958692208 0.0840817792749758
-0.206047207785339 0.0842632763425767
-0.795044417421078 0.0844373985130056
-1.13716097193713 0.0833864125613648
-0.195528962320165 0.0848513645262313
-0.883645793631913 0.0844682673804174
0.069472346685384 0.0858962966474369
0.602586430151781 0.0905775064243734
1.03889313327798 0.0804020779824987
0.762006595512082 0.0859910499603606
1.18986816607413 0.0842109940464659
0.636079478636183 0.0851227448300353
0.265361832838331 0.0847310167726463
0.700774552105291 0.0842132521935649
0.453603248088404 0.0821018327886356
0.794540357036319 0.0776255338717727
0.248189936419773 0.0879698900000442
0.092939463658511 0.0583434668801511
-0.450945860175127 0.0866676415863627
-0.891931295931917 0.0923540482558839
-1.58652831662585 0.0530774489152954
-0.655787193126808 0.0846209765815185
-0.930459932251873 0.0907124207878411
-0.671736090337547 0.0911513298854788
0.248579754768528 0.0881115964229271
0.961288439426279 0.08869802465914
0.808978152889281 0.0874666405184329
0.539686016320752 0.076720629808034
0.505670200189945 0.0760739768074509
-0.131860194625693 0.0791960364198651
