-0.035061732109487 0.0408048653908281
-0.0232288332925027 0.0354176900258229
0 0.0249467242781569
0 0.0192962763886336
0.0116385130154936 0.0226974147075323
-0.0116385130154936 0.0256545679204366
0 0.0273188833873991
0.0347713582986076 0.0174948747599073
0.0116385130154936 0.0209749075608127
0.0234232190939934 -0.00926195698527721
0.058194577392601 -0.0103240222703398
0.0462664806044326 0.000830558405291552
0.0116385130154936 0.0078725684329589
-0.0352087453371523 0.00625389285798448
-0.035061732109487 0.0120518759472884
-0.0234232190939934 0.00369725399519996
-0.0468472583526458 0.00849400367582584
-0.0699801036357599 0.0234261690261385
-0.0586826178359207 0.0080854092381154
-0.0234232190939934 0.0102684668958023
-0.058194577392601 0.0271130602607942
-0.069689699698426 0.0276248628479989
-0.023325621215797 0.00693821853640332
0.0352087453371523 -0.0226773843510327
0.035061732109487 -0.013098178004076
0.035061732109487 -0.00748811312442352
0.0699801036357599 -0.0160424228356239
0.0235216371368489 -0.0222220601561739
0.0236208857264337 -0.0175237453510252
-0.0236208857264337 -0.0010347844155601
3.46944695195361E-18 -0.00931940227484759
0.01173611089369 -0.0195589093901826
0.0116871082003034 0.0015713444814838
-0.0234232190939934 0.0206457847873516
-0.035061732109487 0.0228163650466636
-0.023325621215797 0.0196951799775317
-0.058194577392601 0.0330177602555667
-0.0235216371368489 0.0106451732674968
0 0.00592938813839716
0.0353569966201237 -0.0121378359289496
0.01173611089369 -0.000550934535276722
-1.73472347597681E-18 0.0133205688787343
-0.0589297207579494 0.0153707165392149
0.01173611089369 -0.00285932073352557
0.0234232190939934 -0.0035714988220381
-0.0591789135778329 0.00199089696003886
-0.0714692021160976 -0.0132354597650822
-0.0839180986669955 -0.0100005098335965
-0.107899976875617 0.00402697611426208
-0.0952962965945983 0.0173747942957921
-0.047242612557646 0.01072109470025
-0.0235216371368489 0.00549471252719837
0.0237209754207972 -0.0207212784524295
-0.01173611089369 0.0102792226147165
-0.0116871082003034 0.0225464078286113
0.0591789135778329 -0.0273299292090429
0.0714692021160976 -0.0343380960791493
0.119126844004148 -0.0373579281620497
0.142961708985104 -0.0414302303676158
0.106983404794902 -0.0271187059292668
0.070568233773443 0.0102092445114066
0.0352087453371523 0.0124373782892865
0.0235216371368488 0.0208645031999298
0.0234232190939934 0.0132897893779792
0.023325621215797 0.0126792650467703
0 0.0314094350014223
0.035061732109487 0.0198715735997421
0.0232288332925027 0.0425285750519798
0.0346279675889391 0.0506537545844921
0.0116385130154936 0.0364882366733657
-0.023325621215797 0.0286346658665997
-0.0352087453371523 0.0157304337839883
3.46944695195361E-18 0.010314236789396
0.0347713582986076 0.0118583016531434
3.46944695195361E-18 0.0150097797150624
-0.0353569966201237 0.00291808265820297
-0.106530934225585 0.0169988758725633
-0.130212238087404 0.0187147837267447
-0.16539332460858 0.0234835646092232
-0.179872903398664 0.00892877093636794
-0.144189388610395 -0.0129210570488385
-0.120667751473546 -0.0119470418051542
-0.107439735803844 -0.000323131466825712
-0.153898202302755 0.0304145161711429
-0.142961708985104 0.011345416991357
-0.108832391990271 -0.0151257463734187
-0.0733419691730793 -0.0312762610978205
-0.012143439209246 -0.0489212362318468
-0.0121963519654631 -0.0561520807450075
0.0246614665583253 -0.0807012206748063
-5.20417042793042E-18 -0.0524450791201792
-5.20417042793042E-18 -0.0435316680752356
-0.0367496528065507 -0.0293755817043398
-0.0367496528065507 -0.0403204249169103
-0.0245533008410877 -0.0457164909853777
-0.0123578935724719 -0.0261695412584717
0.0369111944135595 -0.019973058058551
-0.0121963519654631 0.0104113481750584
-0.0122497278552342 0.0063764299745208
5.20417042793042E-18 0.0083610824565716
0.0245533008410877 0.00240941916578208
0.0123035729858534 0.00175876518107594
-0.0247705895129597 -0.0053388546348468
-0.0372385760409606 -0.0100067127949323
-0.0123578935724719 -0.00553626350115085
0.0246614665583253 -0.00124057026386496
5.20417042793042E-18 0.0202242778625839
