-0.836582055834879 0.049396923129714
-0.0408695646489386 0.0462918942308527
-0.0177188283872465 0.0265649913293819
-0.505429245921566 -0.0146084196134875
-0.487192888418972 0.0771724025833399
-0.00577268778234423 0.0873170927566101
0.669820318771609 0.0313750050696021
0.0325534513830685 0.0189827251709486
0.0183484413323449 0.048246372845813
0.41576088912089 0.0536982166601124
0.00425131508465308 -0.025779012046827
0.36392344393563 -0.0109524021512717
-0.220768224607235 0.0173143417391703
-0.688200496267634 0.00234339395343576
0.631353523213754 0.04976225217438
-0.149090168287817 -0.00502165067975922
0.398372933133041 0.00177004965019391
0.285064629041057 0.0707499535841161
-0.32400676342179 -0.00705407042789129
0.15302017935637 0.022970041992027
-0.427367736917061 0.0173251811612351
-0.0822237538175922 0.00356597631710533
0.397288614764209 0.0510184976697146
0.00315556831371048 0.00830054776193125
0.222746139648813 0.0316173919417977
-0.0124929451698458 0.0445437105517487
-0.184853014854676 0.00249004614227723
0.834977232864534 0.023072051813042
0.168323465541919 -0.0128036834849298
-0.0935409043040439 -0.0132292269495461
0.123168463629531 0.0493213144096292
-0.0961026177856919 -0.0120541448204395
-0.034278907886041 -0.0151802397323307
0.12574843131815 0.0316710332547264
0.207384714426579 0.0174263782467483
-0.0475554248173958 0.0152728544059007
0.388373475427612 0.0304190609848792
-0.0230043988558856 0.0108521788924906
-0.199544014480582 0.000429842105537107
0.111943058723141 0.0366243616651846
0.278506664204655 0.00711783205472651
-0.162777128723124 -0.00397038427527117
0.248087824670577 0.0390550708798855
-0.0416205507891401 0.0273493897556547
-0.0507631415837675 -0.000551861410074558
0.148040815228883 0.032724970451954
-0.22458963996238 0.0136537751312396
-0.241662886660111 0.0239207472702767
0.106354145445427 0.0489040305085508
0.0247558978009572 0.0180551090727428
-0.684589824033311 0.0252077382100159
0.0286350054504248 0.0753618667169167
0.298460492671714 0.045790768947184
-0.0854830361987103 -0.00427536437635866
0.0546550602945679 0.0577930396976635
0.42688675193919 0.0542621773606288
0.177477293787022 -0.0102953536574264
-0.241675549274585 0.00277391088491076
0.387329388920646 0.0385621539114826
-0.770166673791841 -0.00478645007492483
0.0813123071453212 0.0179507589616758
-0.252547721557293 0.0563538742284371
0.387125742903526 0.00660269439973517
-0.738798096498075 0.0472316226981247
0.12986418300523 0.0601861817502312
-0.397506899495393 0.0580286765127085
-0.457750566078041 0.01208124191585
0.810073358147651 0.0833388199257886
-0.142512507165514 0.0186342369959597
-0.435293535455106 0.0177509336524439
0.136541254681789 0.0984575447688012
-0.57485577799416 0.00135232985813517
0.221076148511913 0.0164607924144362
-0.48462906168157 0.0643509433296429
0.506338474161863 0.0356610957813181
-0.551575576629959 0.0500490020350997
0.378262362323137 0.0323986605470956
0.75419023197831 0.0534204571388294
-0.0483223585553698 -0.031448368042324
0.229451936395963 0.0245509040357135
-0.123714006067911 0.0307612126083193
-0.175526325114809 -0.0308212739892236
0.383472586180459 0.0146200288109042
0.38709036071159 0.00312955226804192
-0.0177193676209236 -0.00361816738117481
0.217223102880003 0.0370032394878387
-0.721876745731356 0.0106572333894819
0.228222113419196 0.014009576367147
-0.156794963122048 0.0257454361094832
-0.458704803377713 0.00173135196411213
-0.477373917813929 0.0840643649193254
0.208864377767686 0.0651367642397552
-0.046450625705869 0.0217843877401679
0.101928878792279 0.0431932018118347
0.461611041728361 0.0691366901201005
0.235334766843822 0.0110224604227471
0.0565540912306876 0.00153306981232883
-0.315742762274399 0.0219039984851522
0.067913062661473 0.0121448057672692
-0.175919353087277 0.00216845673406597
