-0.0182926829268292 0.0710628175893857
-0.0182926829268293 -0.225317944223847
1.38777878078145E-17 -0.132003816639765
-0.0121951219512195 -0.011832670059315
-0.0548780487804878 0.0150755719699292
-0.0426829268292683 -0.0459385435514313
-0.0365853658536585 0.0855133363060589
-0.0426829268292683 -0.18562595110018
-0.0792682926829268 -0.0520900361123109
-0.024390243902439 0.00716053215732744
0.0243902439024391 0.00999148052166333
0.0365853658536586 -0.0249886665931838
0.0792682926829269 -0.0683824629923074
0.109756097560976 -0.12573723935542
0.146341463414634 -0.0787958202094296
0.103658536585366 -0.050050678563208
0.140243902439024 -0.00682415989746486
0.164634146341463 0.10984933378824
0.170731707317073 0.089706363700754
0.146341463414634 0.04273313734538
0.201219512195122 -0.0770811002730813
0.231707317073171 -0.0776417358018401
0.182926829268293 0.0178797627177131
0.140243902439024 0.00322736043663392
0.0487804878048781 -0.0555674045499762
0.128048780487805 -0.0192985248914263
0.170731707317073 0.206569449898743
0.189024390243902 0.180191933606619
0.134146341463415 0.0313871851051053
0.0548780487804878 -0.0595955542647115
0.0609756097560976 -0.0797429101888163
0.0975609756097561 -0.1283622224024
0.0914634146341463 -0.0176775661071542
0.103658536585366 0.0577506342660321
0.128048780487805 0.0853983168737458
0.128048780487805 -0.00166602394991455
0.140243902439024 -0.0028562800489782
0.170731707317073 -0.0499723178142754
0.219512195121951 0.0416571251030009
0.207317073170732 0.0359371154887263
0.140243902439024 -0.0895118128707635
0.158536585365854 0.190780931412224
0.158536585365854 0.276535892340078
0.134146341463415 0.108995067804444
0.0731707317073171 -0.10715291093259
0.115853658536585 0.167257821601722
0.121951219512195 -0.0550971792816642
0.115853658536585 -0.00149544958945554
0.0670731707317073 0.0707498263938281
0.0426829268292683 -0.0521167541113032
6.93889390390723E-18 -0.104112441640171
-0.0365853658536585 0.180654340726683
0.00609756097560977 0.000289711715226224
0.0121951219512195 0.0254989970676615
0.0426829268292683 -0.0989104421082455
1.73472347597681E-17 -0.103556442685344
-0.0426829268292683 -0.0580317152634311
-0.0487804878048781 0.123896274358048
-0.024390243902439 -0.0198932256858548
0.00609756097560978 0.029073868972369
-0.0121951219512195 -0.231230464435613
-0.0182926829268293 -0.0907836990293179
0.0182926829268293 -0.169968695387404
0.0365853658536585 0.0647644810866472
0.0426829268292683 0.046811993056429
0.0182926829268293 0.163513049358005
0.0182926829268293 -0.110223125007357
0.00609756097560976 0.0800099246477132
-0.00609756097560975 -0.0270788730248675
-0.0365853658536585 0.286174988712304
-0.0182926829268293 0.208161969552779
-0.0121951219512195 0.141630746113538
0.00609756097560976 0.0857421886000543
0.0487804878048781 0.124618804133141
0.0792682926829268 -0.0990622196891327
0.0792682926829268 0.0238499874862151
0.0609756097560976 -0.0628003114890355
0.0670731707317073 -0.0297357097635387
0.0731707317073171 -0.10336479783554
0.0731707317073171 0.00654601983720328
0.0548780487804878 -0.0891971831643302
0.0731707317073171 -0.219748407681533
0.0670731707317073 -0.241664410015905
0.0670731707317073 0.0915090571253272
0.0914634146341464 -0.0914306940489636
0.0731707317073171 0.016676842800674
0.0670731707317073 -0.0119127427089582
0.0365853658536586 -0.0568344021689344
0.0304878048780488 0.0682132525824642
0.00609756097560978 0.0769798272215477
0.024390243902439 0.11319244911516
0.0304878048780488 0.0914730230553942
0.0365853658536586 0.0213898188319647
0.0121951219512195 -0.0877740739140811
0.024390243902439 -0.0179219999892341
0.00609756097560975 0.101275548269407
6.93889390390723E-18 0.109784101261608
3.46944695195361E-18 0.141233448327394
0.0121951219512195 0.219225313115261
0.0182926829268293 0.170172773259607
-6.93889390390723E-18 0.203479227789627
-6.93889390390723E-18 0.212783163800902
6.93889390390723E-18 0.211915059444765
-0.0365853658536585 0.182191886304745
-0.0487804878048781 0.217803908671998
-0.0487804878048781 0.201332625172431
-0.0426829268292683 0.209825409455359
-0.0304878048780488 0.213133688331035
-0.0365853658536585 0.17239936274168
-0.024390243902439 0.145323470308061
-0.0121951219512195 0.172123047234734
-0.0304878048780488 0.0906070701853719
-0.00609756097560975 0.105263648583763
-0.00609756097560976 0.0974075651931559
-0.0121951219512195 0.076726455534598
-0.00609756097560975 0.128472609277996
-0.00609756097560975 0.104148678210488
0.00609756097560976 0.0177313171037888
0.0121951219512195 0.0885248932977228
0.0487804878048781 0.0108534371816683
0.0304878048780488 0.0391325590803683
0.024390243902439 -0.0695937673534437
0.0182926829268293 -0.15088297813481
0.024390243902439 -0.0503837842685276
0.0121951219512195 -0.0327002259041539
0.0365853658536585 0.0389572596190182
0.0365853658536585 0.0591872752103663
0.0426829268292683 -0.0216041399217938
0.0304878048780488 -0.082271678846227
0.0304878048780488 -0.0560825234681784
0.0548780487804878 -0.0227974052865162
0.0609756097560976 -0.0443553129920159
0.048780487804878 0.0122534715618928
0.0304878048780488 0.177968801382415
0.024390243902439 0.134734402492053
0.024390243902439 0.193795805338772
0.0304878048780488 0.163444200780009
0.0182926829268293 0.145416963636363
0.024390243902439 0.182882579015693
0.024390243902439 0.191778899592955
0.0182926829268293 0.178963295223636
0.024390243902439 0.185009193621387
0.0121951219512195 0.146853382192507
0.0121951219512195 0.129441691648648
0.00609756097560975 0.180234967926877
0.00609756097560975 0.197441375897457
0.00609756097560975 0.197951236228223
0.0182926829268293 0.164314389419103
-0.0121951219512195 0.209134794872658
-0.024390243902439 0.196309169844571
-0.00609756097560976 0.160774041122639
-0.0182926829268293 0.138588679776942
-0.0304878048780488 0.16353210664388
-0.0304878048780488 0.158908821192033
-0.024390243902439 0.16076380509048
-0.0365853658536585 0.151386831538443
-0.0609756097560976 0.193201031375194
-0.0670731707317073 0.173277405060567
-0.0670731707317073 0.198839587655766
-0.0670731707317073 0.209214725223642
-0.0487804878048781 0.155676173795124
-0.0487804878048781 0.142783989749446
-0.0609756097560975 0.164190093533853
-0.0487804878048781 0.178721540683594
-0.0487804878048781 0.171454837192936
-0.0487804878048781 0.188014742258896
-0.0426829268292683 0.146991318048528
-0.0365853658536585 0.137776220085443
-0.0365853658536585 0.153871573597036
-0.0365853658536585 0.157844081229423
-0.0304878048780488 0.15096831071647
-0.0365853658536585 0.157829765860862
-0.0304878048780488 0.169173949791534
-0.0365853658536585 0.155231133878502
-0.0304878048780488 0.139087776101919
-0.024390243902439 0.136946787357358
-0.0304878048780488 0.136871436992839
-0.0426829268292683 0.109533301496985
-0.0182926829268293 0.0986117743158087
-0.0121951219512195 0.054727449315154
-0.024390243902439 0.0521000370835456
-0.0121951219512195 0.103707874284104
-3.46944695195361E-18 0.109714357413764
-0.0121951219512195 0.109927234253875
-0.024390243902439 0.105898414169847
-0.00609756097560976 0.0802402202283888
0.00609756097560976 0.0861868462394491
0.0182926829268293 0.114312095590846
0.024390243902439 0.114479188892792
0.0182926829268293 0.113120157046013
-1.73472347597681E-18 0.147612888838874
-1.73472347597681E-18 0.12891758324753
-1.73472347597681E-18 0.118723975812446
-1.73472347597681E-18 0.138897652018094
0 0.144657228556306
-0.0121951219512195 0.126068054602454
-0.0121951219512195 0.174182778456522
-0.0121951219512195 0.158891156935267
-0.0121951219512195 0.088785343483966
-0.0121951219512195 0.111414212224857
-0.024390243902439 0.150129077534063
-0.0182926829268293 0.159506161705794
-0.024390243902439 0.196902162505216
-0.0304878048780488 0.190154925537272
-0.0304878048780488 0.176021283367761
-0.0304878048780488 0.183193228190285
-0.024390243902439 0.201134670236142
-0.0182926829268293 0.186320754265654
-0.0304878048780488 0.189481301776426
-0.0365853658536585 0.156026377666871
-0.0365853658536585 0.10275369779816
-0.0426829268292683 0.0951061596350889
-0.0548780487804878 0.15205440829997
-0.048780487804878 0.156738453412268
-0.0548780487804878 0.160430938679211
-0.0548780487804878 0.166145708605968
-0.0365853658536585 0.129810715009421
-0.0487804878048781 0.120281916916324
-0.0548780487804878 0.134509285261425
-0.0548780487804878 0.145399985716719
-0.0487804878048781 0.15948914762001
-0.0548780487804878 0.174185527002833
-0.0487804878048781 0.161089824407732
-0.0487804878048781 0.159752040848231
-0.0426829268292683 0.160923042086204
-0.0365853658536585 0.154944287156502
-0.0365853658536585 0.130515279991713
-0.0304878048780488 0.154944287156502
-0.0365853658536585 0.146959258247838
-0.0365853658536585 0.157701501650807
-0.0304878048780488 0.14952396211564
-0.0182926829268293 0.166439687340108
-0.0121951219512195 0.17160059264648
