1.63904161881694 -0.454864223735926
1.63904161881694 0.33804281085277
1.63255525509935 0.418086541706003
-1.70333392987805 0.408949080558318
0.415595977115757 0.497767584719888
-2.93837776852097 0.379122833666898
-3.74264979406238 -0.432967934317779
-1.23504383864292 -0.497016464977258
-1.22344564170118 -0.0685082864060659
-2.96706706672203 2.22000408180261
-2.48235837250324 1.03566797196301
-2.48235837250324 0.453809668557201
-0.423705294325472 0.420444472687511
2.53058652647702 0.432737891427812
-1.68679252872954 0.836745890594852
1.28372247051722 0.969556762913033
2.11892990699381 0.556677129421183
0 -0.245277329232247
-1.68679252872954 0.440058931195039
0.43648054024501 -0.542384841904532
0 -0.464040597609394
0.423705294325472 0.188604342879125
0 0.330788265671462
-3.40797895722753 0.294328668317222
-0.432137378264263 -0.455453190571233
-0.423705294325472 -2.56137277484402
-2.99632233774432 -0.731352349128523
-0.843316753686296 -0.614509718121886
-0.432137378264263 1.50461226107485
-0.43648054024501 1.80022119502688
-0.860017176191752 3.47359559144149
-1.98421262738306 1.47510227123951
-1.38432271742894 -0.00599837250577162
0.528559646168381 0.430921116300776
-0.612308505878878 0.510049807861348
-1.64886839749678 3.5541171031323
0.440911890505502 2.2286666127892
0.423705294325472 2.47454653043672
3.34237554869499 -1.08205411352352
5.74432488858698 0.036159298089633
3.34237554869499 -0.263288440036131
5.62229242388401 0.133639023986472
4.66357405705971 0.265833209241642
2.46776269157594 -4.98306197740672
0.525362634616 0.434672408303218
0.788851221305031 -1.49836426060409
1.29649771643676 -0.0107772124370906
0.835207436476582 -0.106231467120812
-3.42932141995786 -1.21782938191573
-5.6566771329241 0.388899695176775
-4.2197679794455 0.553586503299595
-5.62229242388401 -0.72176618029907
-4.40063007609117 -0.543354524515164
-2.55541044723882 1.64417710516282
-2.50796384944938 0.190578371924031
-4.76919903378747 -0.710787143099685
-6.41174996117488 1.69120076653133
-7.37555771828873 0.682507238567283
-3.0647592733436 -0.76576285122777
-2.15396778561097 0.225899804581121
-1.62540813944259 -0.703766467524027
-2.92072710857862 0.657185760382759
-3.35985570517581 -1.36534813689635
-5.41237619631467 -0.583268215231758
-2.95682306427087 -0.724277284191912
0.673338265896839 -0.590754685890249
1.4558720170925 -1.8343987524126
-0.891399671055892 -0.975110920960601
-1.13547508771221 -1.334910718978
-2.0729484858744 1.49618790902991
-4.24982296209158 -0.240206497383973
-3.43689016312625 2.31252801276654
-1.34229729694322 0.756684792680213
2.88354435956903 0.0572859003149896
0.588218222595449 -0.280866737054622
1.22344564170116 -0.833778281742499
0.75695943608407 -2.35135377195593
2.05216671446018 1.16428790373071
-0.288568823748814 0.400111536158085
-0.680878755227421 1.27624407826058
2.65676276439404 2.47584906718768
2.48235837250321 1.87985633466619
-1.58664031325555 1.04995266140181
-1.51403386881517 -0.493663877980113
2.27629992235756 -0.509246580672253
0.185200486159354 1.04423513504351
0.187196187200089 1.70857118264465
1.40864612786051 0.927864096112609
0.479888288176866 -0.787675159890551
1.16076704340429 0.716196583234065
0.28540813467568 -2.00719041927311
0 -2.03637325299167
2.73970224242828 1.69511389269946
0.38348547791518 1.01145366297517
-2.5694131712648 -0.084590077234582
-2.47148878210977 2.3223442910491
-0.0934972335073114 2.57130203465375
-1.40864612786051 -0.473027180943775
0 -0.992634013459092
-0.479888288176866 -1.19182880241054
-0.765296422852546 0.887644699605432
0 -0.376999089228107
-0.66889361259086 -2.07934384622197
-0.479888288176866 -3.21806484747381
1.16076704340429 -0.773012568937807
1.06284265424925 -0.921100795219029
-0.850658389776848 0.579084589772663
-0.38348547791518 -0.340051792058945
-0.965138567618085 0.22183915612298
-0.582954366072386 0.257647752626068
0 -0.689398375179421
-0.485250279441218 -1.81193093407426
-0.581653089702905 1.45014872097074
0 1.05194101972967
-0.479888288176866 -1.14531458195322
-0.479888288176866 -0.713036045715111
0.47464350244617 -0.0667071163247643
0.85812898036135 -0.202033355819005
2.3737846954786 -0.559535223703909
2.93106395102467 -1.24296484578767
4.40168289843739 -0.44950281560371
6.76433326538677 0.00527483470358953
4.53669379427153 -1.4460014403742
3.69835662531699 -0.941177334724875
3.07346169761684 0.523271261269867
3.69835662531699 0.0953655365701059
2.11892990699381 -0.636804191501194
3.09691172420727 -0.82757218221581
2.60026876876724 0.311671762913644
0.904812897739715 0.248700856756021
-1.50842663858859 0.148878784825695
-2.58072636062856 0.969859951701343
0.524305541237191 -0.200504484484449
0.877392430750512 0.998249142839694
1.50228735845066 1.65210941091741
2.99632233774432 2.36559233239797
5.64155587427317 0.382334777525163
6.59408957659837 0.915155467588004
8.00507047602537 0.653065569165833
11.3598810851318 0.243696042877454
13.7398859168037 -0.439491420756376
14.8653010708742 -0.726419611735371
12.3851640967086 -0.778443221490069
10.3803720955957 -0.114171017505303
8.27853703164501 2.44838412891195
3.95085412836738 3.15293556575513
1.93051551953867 1.26568534207803
1.84834056940131 0.74405255238843
2.11892990699381 1.86067494703316
2.02033860882871 3.62049544962192
-2.02033860882871 2.33483708697666
-2.59357340943998 0.746987598902352
-2.69416279590293 2.39521988420776
-2.82567595634262 3.59652665687855
1.06363148457851 3.24293545726253
4.98918699456372 -2.4336409937713
4.98918699456372 1.0012626084458
1.42404391146103 0.174736923809773
-2.11892990699381 5.49347711831521
-2.71522460436149 7.21049362366765
-2.84885378114375 -1.89357964185911
-6.0864908823417 -2.32969724550707
-3.62121726544447 0.81933053331354
0.363428465509408 3.00441696367771
0.694885995532779 6.55451702087169
-3.14084642516241 1.90790445503914
-5.36848589627763 -1.36211505368518
-2.89636959353166 -1.85791921431344
-1.84834056940131 -0.715825276294569
-5.202900000401 -4.18730365466122
-1.49771559696528 -6.05772571504389
-1.56519455427959 -1.50031841591277
-4.36645010548313 -6.35669315753887
-6.21479067488444 -8.31273465091176
-8.33372058187825 -3.80805473094215
-7.91812460476249 -1.35052821010467
-3.98715120376922 -1.91953372670684
-2.70314912862948 -1.95754117732456
-0.379298901713909 -0.495535187766573
2.67931765879366 -2.15903764447097
1.49771559696528 -3.72104165774168
4.17547481070011 -0.979330413994457
6.93264913759679 -2.65860244343192
7.63883458634547 -6.07427368568313
5.4848668007345 -8.56309543556977
7.91812460476249 -6.50993937537472
7.63883458634547 -2.84528367509883
5.59951872216113 -1.33500639360132
1.86421100560581 2.91538442908264
2.17192496932364 4.13458804697912
1.80231041332726 3.8942220423314
1.42404391146103 1.87456118182142
0.706185448748675 1.04434134449017
-0.351657372283709 -0.757568252046234
1.80231041332726 -0.333914817375122
1.07238653917732 -1.38945671486114
-0.351657372283709 1.26460468342946
-2.52358234160734 -2.24419219760912
1.08128692822176 -1.00760689363162
1.04654336781649 -0.233325922333209
-1.07238653917732 1.51695107506084
-2.89636959353166 2.23184172272853
-1.06363148457851 3.36715115532288
-0.7119741122948 -1.10975169361566
-0.7119741122948 0.939902710643422
-2.92072710857862 -0.922100729904527
-1.07238653917732 -3.54441047633524
1.09953843014632 -1.15085961872132
0.706185448748675 1.57608060968081
-2.84885378114375 2.27015871474546
0.360412426882517 -0.49826505509322
0.74240180792069 0.950837610747495
-1.09033630103246 4.12164412354689
-0.360412426882517 3.32803933276851
0.357446035829834 7.44587826546546
0.376014887330678 5.197566637787
0 4.69883396536236
0 0.887850682544605
-1.42404391146103 -0.395870694523906
0 -0.981530554434575
-1.83273810895315 -0.515696873908408
-0.74240180792069 -0.0880210852204731
-1.11841669525137 -0.570851068850636
-2.61028025642052 -0.218941086177083
-2.94549793382757 -0.191103604619765
-0.755313789044587 -2.35584374378745
-2.22763947111522 0.0877000564806948
-2.22763947111522 1.76411791659793
-3.77885608893997 0.145388053634318
-3.04893221479003 0.216204557239309
-0.755313789044587 0.622798192903774
-0.376014887330678 2.43881609065278
0 1.06481201908044
-0.386042081323801 0.567156231068366
-1.55121661782476 0.33324225767399
-0.7686828666291 4.24032106482701
-0.7686828666291 1.26490087106452
0.379298901713909 -1.18835868143192
0 1.08570211783346
0.393029362843245 1.27530272084965
-2.34810958495228 -1.06240458845394
-0.761939687019209 -0.128002503716267
1.11841669525137 -0.692679072846056
4.06870887692163 -0.835524892928504
6.91970251410239 -0.319354297194675
7.7886775694626 -0.364900392765962
9.69100130080565 -0.965728661542052
8.54301953246264 -1.258429892019
10.162211509587 -1.0372683389124
9.76918214674376 -0.212081535246108
10.0115152883268 -0.151356214436288
6.74954877224303 -0.0107614320164061
5.52227910586822 1.08926662209798
5.62229242388401 -0.0942594783185433
2.92893761019875 -1.56552704032164
3.12576937304421 0.495499508267937
1.8224820106199 -0.159282876029328
3.85633951393607 0.344879216294216
6.11051824018296 -0.220170478166476
8.22944814717676 -0.510448634885031
7.05810742857072 -1.77351114335945
6.41174996117488 0.174922615165507
5.75866324527912 1.15374057778172
2.99632233774432 0.388884385822182
3.62121726544449 -0.408875049107672
0.300551013972528 2.15233203289306
1.74907321603355 0.213056889825303
1.67056935028527 2.92659450000302
1.07238653917732 6.18194313463633
-3.21846833714012 5.07043391051596
-2.22763947111522 10.7322837501519
-0.284784287282625 5.44429663980382
1.67056935028527 3.1605942714527
2.80287236002434 0.444322541397945
0.860017176191752 -0.48515487122533
3.72890847194476 1.66181833078358
-0.286664065160314 2.19501609952704
-0.827252596598993 0.392563459166243
-2.17192496932364 0.362385629085571
0 -2.91442915189286
0.848811022551899 0.770742557482644
2.76714265978584 0.758238271262481
2.39121574054113 -4.01451033769284
3.14084642516241 -2.33154473498604
4.8304679574555 1.72273774758417
2.66521947714402 -0.536862458496456
4.63323344326934 -1.76936147307929
1.09953843014632 -1.63818758394569
1.63904161881694 -4.63304544246161
3.21846833714012 -3.23086105514419
3.49775835555712 -4.09763947976627
1.57942671832318 -0.999886097375076
-1.04654336781649 -0.366633446769832
-4.24038485530873 4.1052794766182
-2.08085059881959 5.862374714455
-1.31216773219049 8.36342591136674
0.513963965241104 13.4401557508853
0.53950318867062 7.65061815099495
-2.19942937061679 2.28795656527612
-3.77885608893997 5.53810568391555
-2.66521947714402 9.82701564570461
-2.9409629316629 12.1511044241029
-3.58669007545285 0.974997714415036
-0.279290018417 -3.81220090989738
-0.536172837210813 -0.81119798349815
-1.62879519947241 -0.679750749152578
-3.45492689690401 0.443844309706718
-3.05380672494615 2.63961973796213
0.281097733382851 2.80850078250082
1.38764034839884 1.23960721995155
-1.681349900965 0.861541715511152
-3.15467966247966 -1.76506452629944
-2.06144551979197 -2.30011414885368
-1.71454297580176 0.909816884242464
-1.93051551953867 -0.599101150465301
-1.69227051160643 1.10113111106572
-2.85823176610576 0.922654961259003
0.571448352442938 -0.570623798315564
-0.564026735269274 -0.34690839149141
-3.70442685360144 -1.2691297001851
-1.74907321603355 -1.20761031469429
-1.51337431290572 0.625264595061701
0.895484265292645 1.12939746186241
-0.58689336640978 1.78646072639556
-2.91582287412133 0.148211719395681
-1.76089450581944 0.425046358656785
-1.80982220927963 0.871493758190638
-1.44297154226414 -0.796444381427386
-0.860017176191752 0.415484357620772
-0.901681831937529 -0.111795078284371
-2.76322886280302 0.52115922424866
0.306923172767659 -0.152414845752826
-3.37784263779586 -2.76644251042272
-1.50289903651197 -0.325450568397816
0.300551013972528 0.327626556885022
0 -0.577824759220172
0.914337943986987 -0.284371004717613
-3.35411482385506 -0.0293069540726593
-2.07552215906195 -0.611414174049359
1.19812972831144 0.27383890534255
2.76322886280302 1.46718613131771
0 -0.76013342043882
1.87494360128388 -1.67665841009959
0 -0.246928434567877
-0.907965785191855 0.000404610071916001
-0.907965785191855 0.080376186638721
-2.80287236002437 -0.218117371040448
0.940746852183127 -0.613492299923399
-0.920800178682368 -0.523386556958853
-0.296447896373908 0.846260280540142
0.590885961052035 0.684685324850462
2.6688602910113 -0.48711511082769
0.607414771219328 -3.02780740319529
1.7973371011901 -0.252808803477157
1.7973371011901 -0.440447096395211
3.24030864345424 -0.277284320751175
5.7186952341457 -1.87600054622643
4.13926851582249 -1.04146007320954
4.69965626762234 -0.77626499468828
0.883341262783688 1.15216840862616
-1.7973371011901 1.58416828960109
-2.36409098281076 1.0422992649051
0.895484265292645 1.60773636468886
-0.294438064678126 1.49294555169242
-0.889371315998244 0.107530810946661
-2.63289387223491 1.33397992233
-3.21846833714012 -0.241836716746752
-2.91582287412133 -1.30465737223937
-3.17565961194866 -0.593243029885097
-1.1818266177299 -0.705426033336428
0.907965785191855 -1.53133973688158
-1.54569510638254 -0.120931147161966
-1.50289903651197 2.33463083380684
-2.74382483469398 0.444003862632417
-1.52399665567369 0.939581201429192
-2.16419249388429 -0.162664313450695
-0.304769308200536 1.16423878376095
-0.607414771219328 1.22044580589816
-1.52399665567369 -0.169461394079857
-0.603196476991319 -0.0247443633862848
-2.46474350785681 -1.0498061157222
-1.60274454341507 -0.152597554332781
-2.19545758880504 0.0099981138551023
0 -0.546569139901306
-2.22763947111524 -0.83824098216486
0.315851924482957 -0.694219380442859
-3.17144131772065 1.46149144764947
-3.17144131772065 -0.709487409644917
-0.62489492770017 -0.624452932632907
-0.304769308200536 -0.573661337096016
-0.318165878618926 0.821173658704332
2.53674716882941 0.152368249238701
1.88853441603738 0.595704559389951
0.934002625414343 -0.749921904422436
2.53674716882941 0.375812132291347
0.934002625414343 -1.03113079528303
2.55541044723882 -0.0195856505353094
2.55541044723882 0.521876408403131
0.62489492770017 -0.251827532590904
-0.616030870481832 -0.445623950445198
1.25891273080205 -0.743290628173347
-0.620431240128472 -2.37882920552431
-0.620431240128472 -1.49017482770826
-0.934002625414343 -1.13016529928345
0.306923172767659 -2.43274012016812
0.611692480968196 -0.275103940824007
0.920800178682368 -2.42633997407455
0.920800178682368 -3.00259068563755
0.920800178682368 -0.852901878711374
0.920800178682368 -0.483841436449125
1.22344564170116 0.765046122633236
-0.629423309768828 1.06603945311157
0 0.363737552296893
1.240925798182 -0.00829505297918548
0.304769308200536 1.20102026041759
0 0.452384457248542
0 2.37731839988033
-0.304769308200536 2.17337511140359
0 1.05464618930007
0.302645463018791 0.477778313181011
0 1.79550414203224
