102
1
2
7 6 6 3 0 -1
9 6 2 3 0 3
haar_x3
1.705993e-002 0 -1
3.948528e-001 7.142535e-001 
1
2
1 0 18 4 0 -1
7 0 6 4 0 3
haar_x3
2.184084e-002 0 -1
3.370316e-001 6.090017e-001 
1
2
7 15 2 4 0 -1
7 17 2 2 0 2
haar_y2
2.452005e-004 0 -1
3.500576e-001 5.987902e-001 
1
2
1 0 19 9 0 -1
1 3 19 3 0 3
haar_y3
8.327261e-003 0 -1
3.267528e-001 5.697241e-001 
1
2
3 7 3 6 0 -1
3 9 3 2 0 3
haar_y3
5.714830e-004 0 -1
3.044600e-001 5.531657e-001 
1
3
13 7 4 4 0 -1
15 7 2 2 0 2
13 9 2 2 0 2
haar_x2_y2
6.737399e-004 0 -1
3.650012e-001 5.672631e-001 
1
3
3 7 4 4 0 -1
3 7 2 2 0 2
5 9 2 2 0 2
haar_x2_y2
3.468159e-005 0 -1
3.313541e-001 5.388727e-001 
1
2
9 6 10 8 0 -1
9 10 10 4 0 2
haar_y2
-5.856340e-003 0 -1
2.697943e-001 5.498779e-001 
1
2
3 8 14 12 0 -1
3 14 14 6 0 2
haar_y2
8.510227e-003 0 -1
5.269358e-001 2.762879e-001 
1
3
6 5 10 12 0 -1
11 5 5 6 0 2
6 11 5 6 0 2
haar_x2_y2
-6.981721e-002 0 -1
2.909603e-001 5.259247e-001 
1
2
9 11 2 3 0 -1
9 12 2 1 0 3
haar_y3
-8.611367e-004 0 -1
5.892577e-001 4.073698e-001 
1
2
9 5 6 5 0 -1
9 5 3 5 0 2
haar_x2
9.714925e-004 0 -1
3.523564e-001 5.415862e-001 
1
2
9 4 2 4 0 -1
9 6 2 2 0 2
haar_y2
-1.472749e-005 0 -1
5.423018e-001 3.503156e-001 
1
2
9 5 6 5 0 -1
9 5 3 5 0 2
haar_x2
4.842029e-002 0 -1
5.193946e-001 3.411196e-001 
1
2
5 5 6 5 0 -1
8 5 3 5 0 2
haar_x2
1.325714e-003 0 -1
3.157769e-001 5.335376e-001 
1
2
11 2 6 1 0 -1
13 2 2 1 0 3
haar_x3
1.492215e-005 0 -1
4.451300e-001 5.536554e-001 
1
2
3 2 6 1 0 -1
5 2 2 1 0 3
haar_x3
-2.717340e-003 0 -1
3.031742e-001 5.248089e-001 
1
2
13 5 2 3 0 -1
13 6 2 1 0 3
haar_y3
2.921950e-003 0 -1
4.781453e-001 6.606042e-001 
1
2
0 10 1 4 0 -1
0 12 1 2 0 2
haar_y2
-1.980499e-003 0 -1
3.186308e-001 5.287625e-001 
1
2
13 5 2 3 0 -1
13 6 2 1 0 3
haar_y3
-4.001211e-003 0 -1
6.413597e-001 4.749928e-001 
1
2
8 18 3 2 0 -1
9 18 1 2 0 3
haar_x3
-4.349199e-003 0 -1
1.507498e-001 5.098997e-001 
1
2
6 15 9 2 0 -1
6 16 9 1 0 2
haar_y2
1.349089e-003 0 -1
4.316159e-001 5.881167e-001 
1
2
8 14 4 3 0 -1
8 15 4 1 0 3
haar_y3
1.859707e-002 0 -1
4.735554e-001 9.089794e-001 
1
2
18 4 2 4 0 -1
18 6 2 2 0 2
haar_y2
-1.856238e-003 0 -1
3.553189e-001 5.577837e-001 
1
2
5 5 2 3 0 -1
5 6 2 1 0 3
haar_y3
2.294043e-003 0 -1
4.500095e-001 6.580878e-001 
1
2
15 16 3 2 0 -1
15 17 3 1 0 2
haar_y2
2.998285e-004 0 -1
5.629242e-001 3.975879e-001 
1
2
0 0 3 9 0 -1
0 3 3 3 0 3
haar_y3
3.545546e-003 0 -1
5.381547e-001 3.605486e-001 
1
2
9 7 3 3 0 -1
9 8 3 1 0 3
haar_y3
9.610472e-003 0 -1
5.255997e-001 1.796746e-001 
1
2
8 7 3 3 0 -1
8 8 3 1 0 3
haar_y3
-6.278322e-003 0 -1
2.272857e-001 5.114030e-001 
1
2
9 5 2 6 0 -1
9 5 1 6 0 2
haar_x2
3.459848e-003 0 -1
4.626308e-001 6.608219e-001 
1
2
8 6 3 4 0 -1
9 6 1 4 0 3
haar_x3
-1.311202e-003 0 -1
6.317540e-001 4.436858e-001 
1
3
7 6 8 12 0 -1
11 6 4 6 0 2
7 12 4 6 0 2
haar_x2_y2
2.687618e-003 0 -1
5.421110e-001 4.054022e-001 
1
3
5 6 8 12 0 -1
5 6 4 6 0 2
9 12 4 6 0 2
haar_x2_y2
3.911817e-003 0 -1
5.358478e-001 3.273455e-001 
1
2
12 4 3 3 0 -1
12 5 3 1 0 3
haar_y3
-1.420645e-002 0 -1
7.793577e-001 4.975781e-001 
1
2
2 16 3 2 0 -1
2 17 3 1 0 2
haar_y2
7.170553e-004 0 -1
5.297320e-001 3.560904e-001 
1
2
12 4 3 3 0 -1
12 5 3 1 0 3
haar_y3
1.663502e-003 0 -1
4.678094e-001 5.816482e-001 
1
2
2 12 6 6 0 -1
2 14 6 2 0 3
haar_y3
3.368619e-003 0 -1
5.276734e-001 3.446420e-001 
1
2
7 13 6 3 0 -1
7 14 6 1 0 3
haar_y3
1.279953e-002 0 -1
4.834680e-001 7.472159e-001 
1
2
6 14 6 3 0 -1
6 15 6 1 0 3
haar_y3
3.390120e-003 0 -1
4.511859e-001 6.401721e-001 
1
2
14 15 5 3 0 -1
14 16 5 1 0 3
haar_y3
4.707078e-003 0 -1
5.335659e-001 3.555221e-001 
1
2
5 4 3 3 0 -1
5 5 3 1 0 3
haar_y3
1.481934e-003 0 -1
4.250707e-001 5.772724e-001 
1
2
14 15 5 3 0 -1
14 16 5 1 0 3
haar_y3
-6.999576e-003 0 -1
3.003320e-001 5.292900e-001 
1
2
5 3 6 2 0 -1
7 3 2 2 0 3
haar_x3
1.593901e-002 0 -1
5.067319e-001 1.675582e-001 
1
2
8 15 4 3 0 -1
8 16 4 1 0 3
haar_y3
7.637735e-003 0 -1
4.795070e-001 7.085601e-001 
1
2
1 15 5 3 0 -1
1 16 5 1 0 3
haar_y3
6.733404e-003 0 -1
5.133113e-001 2.162470e-001 
1
3
8 13 4 6 0 -1
10 13 2 3 0 2
8 16 2 3 0 2
haar_x2_y2
-1.285881e-002 0 -1
1.938842e-001 5.251372e-001 
1
2
7 8 3 3 0 -1
8 8 1 3 0 3
haar_x3
-6.227080e-004 0 -1
5.686538e-001 4.197868e-001 
1
2
12 0 5 4 0 -1
12 2 5 2 0 2
haar_y2
-5.265168e-004 0 -1
4.224169e-001 5.429696e-001 
1
3
0 2 20 2 0 -1
0 2 10 1 0 2
10 3 10 1 0 2
haar_x2_y2
1.107510e-002 0 -1
5.113775e-001 2.514518e-001 
1
2
1 0 18 4 0 -1
7 0 6 4 0 3
haar_x3
-3.672825e-002 0 -1
7.194662e-001 4.849619e-001 
1
2
4 3 6 1 0 -1
6 3 2 1 0 3
haar_x3
-2.820711e-004 0 -1
3.840262e-001 5.394446e-001 
1
2
4 18 13 2 0 -1
4 19 13 1 0 2
haar_y2
-2.748969e-003 0 -1
5.937089e-001 4.569182e-001 
1
2
2 10 3 6 0 -1
2 12 3 2 0 3
haar_y3
1.004752e-002 0 -1
5.138576e-001 2.802298e-001 
1
3
14 12 6 8 0 -1
17 12 3 4 0 2
14 16 3 4 0 2
haar_x2_y2
-8.149784e-003 0 -1
6.090037e-001 4.636121e-001 
1
3
4 13 10 6 0 -1
4 13 5 3 0 2
9 16 5 3 0 2
haar_x2_y2
-6.883389e-003 0 -1
3.458611e-001 5.254660e-001 
1
2
14 12 1 2 0 -1
14 13 1 1 0 2
haar_y2
-1.403936e-005 0 -1
5.693104e-001 4.082083e-001 
1
2
8 13 4 3 0 -1
8 14 4 1 0 3
haar_y3
1.549842e-003 0 -1
4.350537e-001 5.806517e-001 
1
2
14 12 2 2 0 -1
14 13 2 1 0 2
haar_y2
-6.784150e-003 0 -1
1.468873e-001 5.182775e-001 
1
2
4 12 2 2 0 -1
4 13 2 1 0 2
haar_y2
2.170563e-004 0 -1
5.293524e-001 3.456174e-001 
1
2
8 12 9 2 0 -1
8 13 9 1 0 2
haar_y2
3.119890e-004 0 -1
4.652451e-001 5.942414e-001 
1
2
9 14 2 3 0 -1
9 15 2 1 0 3
haar_y3
5.450753e-003 0 -1
4.653509e-001 7.024846e-001 
1
2
11 10 3 6 0 -1
11 13 3 3 0 2
haar_y2
-2.581869e-004 0 -1
5.497295e-001 3.768967e-001 
1
2
5 6 9 12 0 -1
5 12 9 6 0 2
haar_y2
-1.744254e-002 0 -1
3.919088e-001 5.457498e-001 
1
2
11 10 3 6 0 -1
11 13 3 3 0 2
haar_y2
-4.534353e-002 0 -1
1.631357e-001 5.154909e-001 
1
2
6 10 3 6 0 -1
6 13 3 3 0 2
haar_y2
1.919069e-003 0 -1
5.145898e-001 2.791896e-001 
1
2
5 4 11 3 0 -1
5 5 11 1 0 3
haar_y3
-6.017787e-003 0 -1
6.517636e-001 4.756333e-001 
1
2
7 1 5 10 0 -1
7 6 5 5 0 2
haar_y2
-4.072074e-003 0 -1
5.514653e-001 4.092686e-001 
1
2
2 8 18 2 0 -1
2 9 18 1 0 2
haar_y2
3.985506e-004 0 -1
3.165241e-001 5.285551e-001 
1
2
7 17 5 3 0 -1
7 18 5 1 0 3
haar_y3
-6.541857e-003 0 -1
6.853378e-001 4.652809e-001 
1
2
5 9 12 1 0 -1
9 9 4 1 0 3
haar_x3
3.484509e-003 0 -1
5.484588e-001 4.502760e-001 
1
3
0 14 6 6 0 -1
0 14 3 3 0 2
3 17 3 3 0 2
haar_x2_y2
-1.369678e-002 0 -1
6.395780e-001 4.572555e-001 
1
2
5 9 12 1 0 -1
9 9 4 1 0 3
haar_x3
-1.734714e-002 0 -1
2.751073e-001 5.181615e-001 
1
2
3 9 12 1 0 -1
7 9 4 1 0 3
haar_x3
-4.088543e-003 0 -1
3.325636e-001 5.194984e-001 
1
2
14 10 6 7 0 -1
14 10 3 7 0 2
haar_x2
-9.468790e-003 0 -1
5.942281e-001 4.851820e-001 
1
2
1 0 16 2 0 -1
1 1 16 1 0 2
haar_y2
1.708484e-003 0 -1
4.167111e-001 5.519806e-001 
1
2
10 9 10 9 0 -1
10 12 10 3 0 3
haar_y3
9.480909e-003 0 -1
5.433895e-001 4.208515e-001 
1
2
0 1 10 2 0 -1
5 1 5 2 0 2
haar_x2
-4.738965e-003 0 -1
6.407190e-001 4.560655e-001 
1
2
17 3 2 3 0 -1
17 4 2 1 0 3
haar_y3
6.576105e-003 0 -1
5.214555e-001 2.258227e-001 
1
2
1 3 2 3 0 -1
1 4 2 1 0 3
haar_y3
-2.169055e-003 0 -1
3.151528e-001 5.156705e-001 
1
2
9 7 3 6 0 -1
10 7 1 6 0 3
haar_x3
1.466017e-002 0 -1
4.870837e-001 6.689941e-001 
1
2
6 5 4 3 0 -1
8 5 2 3 0 2
haar_x2
1.723200e-004 0 -1
3.569749e-001 5.251078e-001 
1
2
7 5 6 6 0 -1
9 5 2 6 0 3
haar_x3
-2.180376e-002 0 -1
8.825921e-001 4.966330e-001 
1
3
3 4 12 12 0 -1
3 4 6 6 0 2
9 10 6 6 0 2
haar_x2_y2
-9.473611e-002 0 -1
1.446162e-001 5.061114e-001 
1
2
9 2 6 15 0 -1
11 2 2 15 0 3
haar_x3
5.582555e-003 0 -1
5.396479e-001 4.238066e-001 
1
2
2 2 6 17 0 -1
4 2 2 17 0 3
haar_x3
1.951709e-003 0 -1
4.170411e-001 5.497787e-001 
1
2
14 10 6 7 0 -1
14 10 3 7 0 2
haar_x2
1.214990e-002 0 -1
4.698367e-001 5.664274e-001 
1
2
0 10 6 7 0 -1
3 10 3 7 0 2
haar_x2
-7.516962e-003 0 -1
6.267773e-001 4.463136e-001 
1
2
9 2 6 15 0 -1
11 2 2 15 0 3
haar_x3
-7.166791e-002 0 -1
3.097011e-001 5.221003e-001 
1
2
5 2 6 15 0 -1
7 2 2 15 0 3
haar_x3
-8.829242e-002 0 -1
8.112389e-002 5.006365e-001 
1
2
17 9 3 6 0 -1
17 11 3 2 0 3
haar_y3
3.106308e-002 0 -1
5.155504e-001 1.282256e-001 
1
2
6 7 6 6 0 -1
8 7 2 6 0 3
haar_x3
4.662184e-002 0 -1
4.699778e-001 7.363961e-001 
1
3
1 10 18 6 0 -1
10 10 9 3 0 2
1 13 9 3 0 2
haar_x2_y2
-1.218949e-002 0 -1
3.920530e-001 5.518997e-001 
1
2
0 9 10 9 0 -1
0 12 10 3 0 3
haar_y3
1.301611e-002 0 -1
5.260658e-001 3.685136e-001 
1
2
8 15 4 3 0 -1
8 16 4 1 0 3
haar_y3
-3.495290e-003 0 -1
6.339295e-001 4.716281e-001 
1
2
5 12 3 4 0 -1
5 14 3 2 0 2
haar_y2
-4.401504e-005 0 -1
5.333027e-001 3.776185e-001 
1
2
3 3 16 12 0 -1
3 9 16 6 0 2
haar_y2
-1.096649e-001 0 -1
1.765342e-001 5.198347e-001 
1
3
1 1 12 12 0 -1
1 1 6 6 0 2
7 7 6 6 0 2
haar_x2_y2
-9.027956e-004 0 -1
5.324160e-001 3.838908e-001 
1
3
10 4 2 4 0 -1
11 4 1 2 0 2
10 6 1 2 0 2
haar_x2_y2
7.112664e-004 0 -1
4.647930e-001 5.755224e-001 
1
3
0 9 10 2 0 -1
0 9 5 1 0 2
5 10 5 1 0 2
haar_x2_y2
-3.125028e-003 0 -1
3.236709e-001 5.166771e-001 
1
2
9 11 3 3 0 -1
9 12 3 1 0 3
haar_y3
2.414468e-003 0 -1
4.787439e-001 6.459718e-001 
1
2
3 12 9 2 0 -1
3 13 9 1 0 2
haar_y2
4.439124e-004 0 -1
4.409308e-001 6.010256e-001 
1
2
9 9 2 2 0 -1
9 10 2 1 0 2
haar_y2
-2.261119e-004 0 -1
4.038114e-001 5.493256e-001 
5.016973e+001
