<Ticker>,<DTYYYYMMDD>,<Open>,<High>,<Low>,<Close>,<Volume>
ABT,20100729,53,53,52,53,40180
ABT,20100728,53.5,53.5,52,53,85430
ABT,20100727,52.5,53,52.5,53,36510
ABT,20100726,52.5,52.5,52,52.5,49320
ABT,20100723,51.5,52.5,51,52.5,101930
ABT,20100722,51,51.5,51,51.5,13300
ABT,20100721,52,52.5,51.5,51.5,32040
ABT,20100720,52,52,51,52,13810
ABT,20100719,51.5,52,51.5,52,3750
ABT,20100716,52,53,52,52.5,9870
ABT,20100715,52.5,52.5,52,52.5,7590
ABT,20100714,54,54,53,53,25060
ABT,20100713,53,53,51.5,52.5,21960
ABT,20100712,50,50.5,49.1,50.5,6290
ABT,20100709,50.5,51,48.5,48.5,11590
ABT,20100708,51.5,52,50,50,8650
ABT,20100707,52,52.5,51.5,51.5,7000
ABT,20100706,52,52,51,51.5,50450
ABT,20100705,52,53,52,53,4620
ABT,20100702,51,52,51,52,15160
ABT,20100701,51.5,51.5,51,51,18190
ABT,20100630,51,52,51,51.5,28420
ABT,20100629,53,53,52.5,52.5,27020
ABT,20100628,53.5,53.5,53,53,11850
ABT,20100625,53,53.5,53,53,26670
ABT,20100624,53,53.5,53,53.5,85740
ABT,20100623,53.5,53.5,53.5,53.5,15300
ABT,20100622,54,54,53,53.5,246730
ABT,20100621,53.5,54,53.5,54,17990
ABT,20100618,55,55,54,54.5,15360
ABT,20100617,53.5,54.5,53.5,54.5,11670
ABT,20100616,54.5,54.5,54.5,54.5,41530
ABT,20100615,54,54.5,53.5,54.5,55150
ABT,20100614,54,54.5,53.5,53.5,17290
ABT,20100611,54,54,53.5,53.5,19470
ABT,20100610,52,53.5,52,53.5,13110
ABT,20100609,53,54,53,53,19560
ABT,20100608,55,55,53,53,5330
ABT,20100607,54,55,54,55,10200
ABT,20100604,55.5,55.5,55,55,17530
ABT,20100603,55,56,54,55,32660
ABT,20100602,55,55.5,55,55.5,1800
ABT,20100601,56,56,55,55.5,6410
ABT,20100531,54,56,54,56,11130
ABT,20100528,54.5,55,54,55,32170
ABT,20100527,52.5,53.5,52,53.5,13390
ABT,20100526,52,53,51.5,52.5,15240
ABT,20100525,52,52,52,52,6750
ABT,20100524,52,52.5,52,52,106130
ABT,20100521,51.5,52,51,51,82320
ABT,20100520,51,55,51,53.5,14690
ABT,20100519,55.5,55.5,53.5,53.5,109430
ABT,20100518,54,55.5,53,55.5,50120
ABT,20100517,56,56,54,54.5,61300
ABT,20100514,55.5,56,54,56,66890
ABT,20100513,55,55.5,54,54,28040
ABT,20100512,55,56.5,54.5,55,59140
ABT,20100511,57.5,57.5,55.5,57,35980
ABT,20100510,57,57,55.5,55.5,88840
ABT,20100507,58.5,58.5,56.5,58,104490
ABT,20100506,60,60.5,58.5,59,80170
ABT,20100505,56.5,58.5,56,58.5,279010
ABT,20100504,57,57.5,56,56,70320
ABT,20100429,56.5,56.5,56,56,67810
ABT,20100428,56,56,55.5,56,37270
ABT,20100427,56.5,57,56,56.5,49000
ABT,20100426,56.5,57.5,55.5,57,97260
ABT,20100422,55.5,56.5,55,55,44080
ABT,20100421,55,55.5,55,55,22060
ABT,20100420,54.5,55,54.5,54.5,23020
ABT,20100419,54.5,54.5,54,54.5,52410
ABT,20100416,56,56,54.5,54.5,14520
ABT,20100415,54.5,55,54.5,55,22730
ABT,20100414,55,55,54.5,55,37730
ABT,20100413,55,55,55,55,36920
ABT,20100412,55,55,54.5,55,56250
ABT,20100409,55,55.5,54.5,54.5,16800
ABT,20100408,54,55.5,54,54,54080
ABT,20100407,55,55,54,54.5,22310
ABT,20100406,55.5,55.5,54.5,54.5,58510
ABT,20100405,55,55,54,54.5,61050
ABT,20100402,54.5,55,54.5,54.5,14900
ABT,20100401,52,54.5,52,54.5,12470
ABT,20100331,54,54,53,54,11670
ABT,20100330,54.5,54.5,53,54,32500
ABT,20100329,54,54,54,54,17630
ABT,20100326,54.5,54.5,53.5,54,34590
ABT,20100325,54,55,53.5,54,16670
ABT,20100324,54,55,54,55,42920
ABT,20100323,54,54,53.5,54,29750
ABT,20100322,56,56,54.5,54.5,52440
ABT,20100319,56,56,56,56,19700
ABT,20100318,57.5,57.5,56,57,12970
ABT,20100317,57,57,56,56,39640
ABT,20100316,57,58,56.5,57,51900
ABT,20100315,59,59,58,58,71220
ABT,20100312,57,57,56.5,57,35400
ABT,20100311,59,59,57,57,12910
ABT,20100310,59,59.5,58,59,78350
ABT,20100309,56.5,59,56.5,59,129680
ABT,20100308,57,57.5,56.5,56.5,41520
ABT,20100305,56,56.5,55,56.5,35960
ABT,20100304,56,57,56,56,35820
ABT,20100303,55.5,56,55,56,21120
ABT,20100302,54.5,55,53.5,55,23060
ABT,20100301,54,54.5,53.5,54,19580
ABT,20100226,53.5,53.5,52,53,64050
ABT,20100225,52.5,53.5,52,53.5,44990
ABT,20100224,52.5,54,52,52,19220
ABT,20100223,55,55,53,53,41110
ABT,20100222,57,57,55,55,48920
ABT,20100212,56,57,55.5,56,18410
ABT,20100211,55.5,55.5,55,55,77240
ABT,20100210,55,55,54.5,55,29690
ABT,20100209,54.5,55.5,53.5,54.5,43600
ABT,20100208,56,56.5,56,56,1760
ABT,20100205,56.5,57.5,56,56,50160
ABT,20100204,58,58,56.5,58,54920
ABT,20100203,58.5,58.5,57.5,58,22010
ABT,20100202,59,59.5,58,58,33950
ABT,20100201,59,59,57.5,59,50450
ABT,20100129,58.5,59,57.5,59,60360
ABT,20100128,58,58.5,57.5,58.5,80240
ABT,20100127,57.5,60,57.5,59.5,91380
ABT,20100126,57,60,57,60,303990
ABT,20100125,57.5,57.5,57,57.5,172560
ABT,20100122,55.5,57.5,55.5,57.5,144500
ABT,20100121,57,58,56.5,57.5,370540
ABT,20100120,58,59,57,58.5,315210
ABT,20100119,55,57.5,55,57.5,355460
ABT,20100118,54.5,56,54,55,279130
ABT,20100115,52.5,57,52.5,56,547570
ABT,20100114,56,56,54.5,54.5,168720
ABT,20100113,52.5,55,52,54.5,160750
ABT,20100112,56.5,56.5,54.5,54.5,179960
ABT,20100111,55.5,56.5,53.5,55.5,124510
ABT,20100108,58,58,54,54,349060
ABT,20100107,55.5,55.5,55,55.5,324660
ABT,20100106,53.5,54.5,52.5,53,139130
ABT,20100105,55,55,50,54,85700
ABT,20100104,52,52.5,50.5,52.5,153010
ABT,20091231,51,52,50,50,94720
ABT,20091230,50,50,49,50,35500
ABT,20091229,48.5,50.5,48.5,49.5,23870
ABT,20091228,48,50,48,49.5,13970
ABT,20091225,51,51,48.5,49.5,69310
ABT,20091224,49,49,47,48.5,29540
ABT,20091223,48,49,48,49,33480
ABT,20091222,48,51.5,48,49,34660
ABT,20091221,49,49,47,49,41700
ABT,20091218,46.5,47,46.4,47,21860
ABT,20091217,42.5,44.7,42.5,44.7,17980
ABT,20091216,45,46,44.6,44.7,79460
ABT,20091215,46.5,47,45.5,47,34140
ABT,20091214,43.2,46.5,43.2,46.5,46020
ABT,20091211,44.3,44.6,44.2,44.2,160100
ABT,20091210,46.5,47.3,45.5,46.4,96090
ABT,20091209,50,50,47.4,47.4,23780
ABT,20091208,48,51.5,48,50,31670
ABT,20091207,50,50.5,50,50.5,57020
ABT,20091204,50,50,50,50,53550
ABT,20091203,50.5,51,48.5,50,45660
ABT,20091202,51,52.5,49.5,50.5,83410
ABT,20091201,51,51,50.5,51,123620
ABT,20091130,50.5,51.5,50,50.5,63650
ABT,20091127,47.3,52.5,47.3,50.5,155080
ABT,20091126,50,50,50,50,71060
ABT,20091125,54.5,54.5,52.5,52.5,245890
ABT,20091124,55,55.5,54.5,55,50790
ABT,20091123,56.5,57.5,55,55,87950
ABT,20091120,58.5,58.5,56.5,57,81850
ABT,20091119,58.5,59.5,58.5,58.5,105840
ABT,20091118,56,58.5,55.5,58.5,76540
ABT,20091117,57,57,55.5,56,55170
ABT,20091116,57.5,57.5,56.5,57,57220
ABT,20091113,56,57,56,57,34880
ABT,20091112,57.5,57.5,56.5,56.5,58710
ABT,20091111,54.5,56.5,54.5,56.5,75370
ABT,20091110,56,56,54.5,54.5,61690
ABT,20091109,57,57.5,56,56,143530
ABT,20091106,60,60,58.5,58.5,298670
ABT,20091105,54.5,57,54.5,57,126940
ABT,20091104,55,56.5,53.5,54.5,129630
ABT,20091103,55.5,56,54.5,54.5,256110
ABT,20091102,58,58,57.5,57.5,33230
ABT,20091030,60,60,57.5,60,114540
ABT,20091029,57,58,56.5,58,130080
ABT,20091028,58.5,60.5,58.5,59,96020
ABT,20091027,59.5,59.5,57.5,58.5,225340
ABT,20091026,62,62.5,60,60.5,313140
ABT,20091023,64,64,61.5,61.5,216990
ABT,20091022,64.5,65.5,64,64,145180
ABT,20091021,62.5,64.5,62,64.5,152320
ABT,20091020,64,65,61,62.5,394420
ABT,20091019,65,65,63.5,64,182500
ABT,20091016,65,65,60,65,639370
ABT,20091015,62,62,62,62,141100
ABT,20091014,56.5,59,56.5,59,124410
ABT,20091013,58.5,58.5,56,56,263060
ABT,20091012,56,56.5,54.5,56.5,188220
ABT,20091009,53.5,54,53.5,54,231730
ABT,20091008,51,52.5,51,51.5,304350
ABT,20091007,52.5,53.5,51.5,52.5,352740
ABT,20091006,53.5,53.5,52.5,52.5,128970
ABT,20091005,55,55,53,53.5,114870
ABT,20091002,53,55,52.5,55,474930
ABT,20091001,55,55,52.5,52.5,314530
ABT,20090930,55.5,56,54.5,55,183950
ABT,20090929,54.5,54.5,53.5,54.5,354290
ABT,20090928,52,52.5,51.5,52,139480
ABT,20090925,51.5,52.5,51.5,52,225010
ABT,20090924,51,52,50.5,52,186000
ABT,20090923,49.5,51.5,49,51,223810
ABT,20090922,49,49.5,48.5,49,215920
ABT,20090921,50,51,48.5,49,165130
ABT,20090918,47.6,50,47.6,49.5,129800
ABT,20090917,48,48,47.3,47.6,134920
ABT,20090916,48.5,48.5,47.3,48,162720
ABT,20090915,49,49.5,48,49,261050
ABT,20090914,48.5,49,48,49,341480
ABT,20090911,45.5,46.9,45.5,46.9,322050
ABT,20090910,43,44.8,43,44.8,265950
ABT,20090909,44.1,44.1,43,43.4,163910
ABT,20090908,42.6,43.4,41.6,43,132720
ABT,20090907,40.9,41.6,39.4,41.6,104820
ABT,20090904,43,43.4,41.2,41.2,332030
ABT,20090903,43,44.8,42.6,43,226740
ABT,20090901,43.4,43.4,41.6,43.4,332270
ABT,20090831,41.2,41.2,41.2,41.2,29050
ABT,20090828,39.4,39.4,39.4,39.4,867200
ABT,20090827,39.8,40.5,37.6,37.6,480400
ABT,20090826,39.8,40.9,39.4,39.4,316830
ABT,20090825,42.3,42.3,41.6,41.6,78500
ABT,20090824,42.6,44.4,42.6,43.7,142020
ABT,20090821,43,43.7,43,43.7,152050
ABT,20090820,40.1,41.6,40.1,41.6,111410
ABT,20090819,39.4,40.1,39.1,40.1,123770
ABT,20090818,39.1,39.4,38,39.1,257270
ABT,20090817,35.5,37.6,35.5,37.6,300770
ABT,20090814,35.9,35.9,34.8,35.9,16170
ABT,20090813,35.1,35.9,35.1,35.9,37300
ABT,20090812,34.4,35.1,34.4,34.8,25200
ABT,20090811,34.4,34.4,33.7,34.4,43070
ABT,20090810,33.6,34.4,33.6,34.4,62330
ABT,20090807,32.6,33.2,32.6,33,12210
ABT,20090806,33,33.1,32.3,32.3,11840
ABT,20090805,31.6,32.6,31.6,32.1,8390
ABT,20090804,33.6,33.6,32.6,32.6,1330
ABT,20090803,31.6,32.6,31.6,32.6,16380
ABT,20090731,31.9,32.6,31.4,32.6,28990
ABT,20090730,31.6,31.7,30.9,31.4,23700
ABT,20090729,31.9,33.4,31.6,31.6,44160
ABT,20090728,32.1,33.7,31.9,33.4,23110
ABT,20090727,33.6,33.6,33.6,33.6,4560
ABT,20090724,31.9,32.5,31.9,32.5,36710
ABT,20090723,28.7,31.1,28.7,30.9,13920
ABT,20090722,29.9,31.2,29.9,30,3230
ABT,20090721,30.1,30.1,29.4,30.1,3920
ABT,20090720,29.5,30.2,28.6,29.1,17430
ABT,20090717,30.1,30.7,30.1,30.2,2760
ABT,20090716,31.4,31.4,30.6,30.9,15390
ABT,20090715,31.4,31.4,30.9,30.9,8320
ABT,20090714,29.2,30.1,29.2,30.1,19880
ABT,20090713,30.7,31.5,30.1,30.1,8010
ABT,20090710,31.3,31.5,30.6,31.5,14430
ABT,20090709,31.3,31.6,30.9,31.3,11110
ABT,20090708,31.3,31.3,30.9,31.3,32620
ABT,20090707,30.5,30.9,30.5,30.8,9920
ABT,20090706,30.1,31.9,30.1,30.5,18190
ABT,20090703,28.8,31,28.8,30.3,34020
ABT,20090702,29.4,30.8,29.1,30.3,9690
ABT,20090701,28.9,30,28.8,29.4,17720
ABT,20090630,30.3,30.4,28.7,30.3,19120
ABT,20090629,30.2,30.4,29.4,30.3,27210
ABT,20090626,29.1,30.2,28.7,30.2,41290
ABT,20090625,29.8,29.8,28.7,28.7,11460
ABT,20090624,28.6,28.7,27.3,28.7,35920
ABT,20090623,26.9,27.6,26.9,27.3,24960
ABT,20090622,28.1,28.4,28,28.4,18150
ABT,20090619,29.1,29.1,28.4,28.6,16940
ABT,20090618,29.2,29.5,28,29.1,23020
ABT,20090617,26.6,28.1,26.6,28,34570
ABT,20090616,27.3,27.6,27.3,27.3,68800
ABT,20090615,28.7,28.9,27.9,28.7,66770
ABT,20090612,29.6,29.6,28.4,29.1,30660
ABT,20090611,27.9,29.4,27.9,28.4,83980
ABT,20090610,28.4,28.4,27.9,27.9,93740
ABT,20090609,28,30.1,28,29.4,70480
ABT,20090608,29.5,29.5,29.5,29.5,113668
ABT,20090605,28,28,28,28,45430
ABT,20090604,25.9,26.7,25.9,26.6,85210
ABT,20090603,25.5,25.6,25.5,25.6,38210
ABT,20090602,26.1,26.1,25.5,25.5,78070
ABT,20090601,24.9,24.9,23.9,24.8,18280
ABT,20090529,23.5,23.7,23.5,23.7,9440
ABT,20090528,24.2,24.4,23.7,23.7,254597
ABT,20090527,24.6,24.6,24.1,24.2,34100
ABT,20090526,25.6,25.6,24.5,24.6,34100
ABT,20090525,24.4,24.6,24.4,24.6,68440
ABT,20090522,24.4,24.4,23.1,23.4,40390
ABT,20090521,24.1,25.1,23.7,24.4,86500
ABT,20090520,24.4,24.7,24.4,24.4,57780
ABT,20090519,25.1,25.1,24.4,24.4,85320
ABT,20090518,24.6,24.6,24.4,24.4,49650
ABT,20090515,24.6,24.6,24.6,24.6,164230
ABT,20090514,22.6,23.5,22.6,23.4,15250
ABT,20090513,23.6,23.6,23,23.5,50730
ABT,20090512,23.3,23.3,22.1,22.4,44230
ABT,20090511,22,22.3,22,22.1,53930
ABT,20090508,21.2,22,21.2,22,40280
ABT,20090507,22.3,22.3,21.6,22,64880
ABT,20090506,21.4,22.4,21.2,21.4,53840
ABT,20090505,22.9,22.9,22.3,22.4,155130
ABT,20090504,21.7,21.7,21.7,21.7,28650
ABT,20090429,19.6,20.6,19.4,20.6,71470
ABT,20090428,18.6,20.6,18.6,19.6,26830
ABT,20090427,19.6,19.6,18.6,19.6,12890
ABT,20090424,18.4,19.1,18.4,18.6,9620
ABT,20090423,18.6,20.1,18.4,18.4,99410
ABT,20090422,20.3,20.3,19.1,19.1,98850
ABT,20090421,19.4,19.4,19.4,19.4,21170
ABT,20090420,20.5,20.5,20.5,20.5,11920
ABT,20090417,22.4,22.6,21.6,21.6,39680
ABT,20090416,23,23.7,22.6,22.9,37940
ABT,20090415,24.2,24.2,23.6,23.9,42610
ABT,20090414,24.5,24.6,24.1,24.3,35870
ABT,20090413,24.3,24.3,23.9,24.3,104570
ABT,20090410,21.9,23.1,21.9,23.1,48380
ABT,20090409,22.3,22.3,21.6,21.9,63890
ABT,20090408,21.6,22.9,21.5,22.3,61440
ABT,20090407,22.7,22.7,22.3,22.7,91400
ABT,20090403,21.6,21.6,20.9,21.6,49830
ABT,20090402,20.1,20.5,20.1,20.5,36480
ABT,20090401,20.7,20.9,19,20.9,44870
ABT,20090331,18.1,20,18.1,20,46600
ABT,20090330,20.6,21.1,19,19,36300
ABT,20090327,19.4,20.1,19.4,20.1,34040
ABT,20090326,18.7,19.1,18.7,19.1,44800
ABT,20090325,18.3,18.7,18.3,18.7,19650
ABT,20090324,18.8,18.8,18.2,18.7,9590
ABT,20090323,17.9,17.9,17.6,17.9,97140
ABT,20090320,17.6,18,17.6,18,69680
ABT,20090319,17.6,17.6,16.6,17.6,223050
ABT,20090318,16.8,17.3,16.7,17.3,31330
ABT,20090317,16.4,16.6,15.9,16.6,20610
ABT,20090316,15.5,16,15.4,15.9,20020
ABT,20090313,15.4,15.4,15,15.1,7590
ABT,20090312,14.6,15.4,14.6,15.4,2310
ABT,20090311,15.9,15.9,14.4,15.4,18160
ABT,20090310,15.4,15.4,15.3,15.3,1860
ABT,20090309,15.1,15.1,15,15.1,10780
ABT,20090306,14.2,15.1,14.2,15.1,16380
ABT,20090305,14.1,14.3,14.1,14.3,13420
ABT,20090304,14.1,14.4,14,14.4,4100
ABT,20090303,14.1,14.1,14,14,21520
ABT,20090302,14.6,14.6,14.6,14.6,700
ABT,20090227,14.2,14.4,14,14.4,9470
ABT,20090226,14.2,14.2,14.2,14.2,1660
ABT,20090225,14.3,14.4,14.2,14.2,3280
ABT,20090224,13.9,14,13.9,13.9,31820
ABT,20090223,14.4,14.4,13.9,14.4,9140
ABT,20090220,14.4,14.4,14.4,14.4,4150
ABT,20090219,14.4,14.4,13.8,14.4,4110
ABT,20090218,13.8,14.4,13.8,14.4,41910
ABT,20090217,14.2,14.3,14.2,14.3,5720
ABT,20090216,14.2,14.2,14.2,14.2,2360
ABT,20090213,14.4,14.4,14.2,14.2,6950
ABT,20090212,14.6,14.6,14.5,14.5,31250
ABT,20090211,14.1,14.1,14.1,14.1,4510
ABT,20090210,14.7,14.7,13.9,13.9,14570
ABT,20090209,14.4,14.6,14.4,14.6,8640
ABT,20090206,14.1,14.4,14.1,14.4,5000
ABT,20090205,14.4,14.4,14.3,14.3,17460
ABT,20090204,14.2,14.4,14.1,14.3,11980
ABT,20090203,14.2,14.4,14.1,14.2,210100
ABT,20090202,14.1,14.2,14.1,14.2,850
ABT,20090123,14.4,14.4,14.1,14.1,19980
ABT,20090122,14,14,13.9,14,69570
ABT,20090121,14,14.1,14,14,78570
ABT,20090120,14.1,14.1,14,14,25780
ABT,20090119,14,14.1,14,14,32130
ABT,20090116,14.1,14.1,14,14.1,27610
ABT,20090115,13.9,14.1,13.9,14,23610
ABT,20090114,14.3,14.4,13.9,13.9,145860
ABT,20090113,13.8,13.9,13.8,13.8,80790
ABT,20090112,14.1,14.3,13.8,13.8,84080
ABT,20090109,14.2,14.6,14.2,14.4,69310
ABT,20090108,14.6,14.9,14.6,14.6,13600
ABT,20090107,15.1,15.1,14.9,14.9,20380
ABT,20090106,14.9,14.9,14.9,14.9,26250
ABT,20090105,15.1,15.2,14.8,14.9,20280
ABT,20090102,15.1,15.1,14.9,14.9,710
ABT,20081231,15.4,15.4,15.1,15.4,8730
ABT,20081230,15.4,15.4,14.6,15.4,9600
ABT,20081229,14.6,15.4,14.6,15.4,2590
ABT,20081226,14.6,15.1,14.6,14.6,71990
ABT,20081225,14.7,15.3,14.6,15.3,5490
ABT,20081224,14.5,15.4,14.5,14.5,50310
ABT,20081223,15.1,15.1,15.1,15.1,33330
ABT,20081222,16.6,16.9,15.9,15.9,3550
ABT,20081219,16.2,16.7,16.2,16.7,36000
ABT,20081218,15.9,15.9,15.9,15.9,10410
ABT,20081217,14.9,15.9,14.9,15.7,220
ABT,20081216,15.5,15.5,15.5,15.5,10560
ABT,20081215,16.5,16.5,16.2,16.4,13790
ABT,20081212,15.7,16.1,15.7,16.1,5060
ABT,20081211,14.6,15.4,14.6,15.4,31850
ABT,20081210,15.7,15.7,15.4,15.4,3750
ABT,20081209,15.4,15.7,15.4,15.6,2670
ABT,20081208,14.6,15.5,14.6,15.5,6890
ABT,20081205,15.1,15.2,14.9,14.9,24060
ABT,20081204,14.1,14.9,14.1,14.9,8690
ABT,20081203,13.8,14.4,13.8,14.1,57960
ABT,20081202,14.1,14.4,13.8,14.1,64120
ABT,20081201,14.1,14.4,14.1,14.1,15200
ABT,20081128,14.4,15.1,14.4,14.4,50700
ABT,20081127,15.1,15.9,15.1,15.1,21300
ABT,20081126,15.9,17,15.9,15.9,10860
ABT,20081125,16.8,16.9,16.4,16.8,10690
ABT,20081124,16.2,16.4,15.9,16.2,6870
ABT,20081124,16.2,16.4,15.9,16.2,6870
ABT,20081121,16.4,16.6,16.4,16.4,12860
ABT,20081120,16.9,16.9,16.6,16.6,8560
ABT,20081119,16.9,17.3,16.6,16.9,2990
ABT,20081118,17.3,17.6,17.3,17.3,17470
ABT,20081117,17.2,17.3,16.4,17.2,17000
ABT,20081114,17.3,17.4,16.9,17.3,14370
ABT,20081113,16.6,16.6,16.4,16.6,37290
ABT,20081112,16.4,16.6,16.1,16.4,3400
ABT,20081111,17,17,16.4,17,2720
ABT,20081110,17.1,17.2,15.9,17.1,3220
ABT,20081107,16.3,17.3,16.3,16.3,30650
ABT,20081106,17.3,17.9,16.6,17.3,38500
ABT,20081105,17.4,17.4,17.4,17.4,3830
ABT,20081104,16.5,16.5,15.6,16.5,16740
ABT,20081103,15.6,17.1,15.6,15.6,22650
ABT,20081031,16.5,16.5,15.7,16.5,50710
ABT,20081030,15.8,17.3,15.7,15.8,36500
ABT,20081029,16.5,17,16.4,16.5,15460
ABT,20081028,16.1,16.1,16.1,16.1,44460
ABT,20081027,17,17.1,17,17,42610
ABT,20081024,18,18.4,17.7,18,6990
ABT,20081023,18.4,18.4,18.4,18.4,33680
ABT,20081022,19.4,19.8,18.1,19.4,7820
ABT,20081021,19.1,19.7,19,19.1,17990
ABT,20081020,19,20.1,19,19,4560
ABT,20081017,20.5,20.5,19.6,20.1,2410
ABT,20081016,19.6,20.5,19.6,19.6,6050
ABT,20081015,20.8,21,20.1,20.8,40690
ABT,20081014,20.1,20.1,20.1,20.1,85220
ABT,20081013,19.9,19.9,19,19,7770
ABT,20081010,19,19,19,19,8950
ABT,20081009,20.1,21.1,19.4,20.1,6850
ABT,20081008,19.6,20.1,19.5,20.1,10140
ABT,20081007,20.6,20.7,20.6,20.6,28120
ABT,20081006,21.6,21.9,21.1,21.9,16470
ABT,20081003,21.9,22.4,21.9,22.3,20350
ABT,20081002,22.1,22.3,22.1,22.3,9200
ABT,20081001,21.9,22.3,21.6,21.6,14930
ABT,20080930,22.4,22.4,22.4,22.4,10620
ABT,20080929,22.8,23.7,22.4,23.6,30660
ABT,20080926,24.6,24.6,22.3,23.7,18170
ABT,20080925,23,23.4,23,23.4,7660
ABT,20080924,23.6,23.6,22.5,23,6630
ABT,20080923,22.5,23.8,22.5,22.5,28300
ABT,20080922,23.8,23.8,23.8,23.8,11700
ABT,20080919,21.4,22.6,21.4,22.6,30260
ABT,20080918,21.4,21.5,21.4,21.4,38720
ABT,20080917,21.8,22.6,21.8,22.6,30620
ABT,20080916,24.4,24.4,23.1,23.1,48080
ABT,20080915,23.8,24.4,23.7,24.4,25650
ABT,20080912,23.6,24.4,23.6,24.4,31520
ABT,20080911,24.9,25,24.1,24.9,78670
ABT,20080910,25.1,25.5,25.1,25.5,50920
ABT,20080909,25.9,25.9,25.5,25.5,14110
ABT,20080908,25.2,25.9,25.2,25.9,42500
ABT,20080905,25.5,26.9,25.5,26.6,36590
ABT,20080904,27.8,27.8,26.4,26.9,71470
ABT,20080903,26.4,26.4,26.3,26.4,95510
ABT,20080829,23.9,25.1,23.9,25.1,33160
ABT,20080828,25.1,25.3,25.1,25.1,37830
ABT,20080827,26.9,28,26.6,26.6,64160
ABT,20080826,26.6,26.6,26.2,26.6,105210
ABT,20080825,24.4,25.3,24,25.3,100940
ABT,20080822,24.8,24.8,23.8,24,27540
ABT,20080821,24.4,24.8,23.7,24.1,127050
ABT,20080820,23.4,23.7,23.4,23.7,55410
ABT,20080819,24.8,24.9,24.8,24.8,27670
ABT,20080818,26.6,26.6,24.4,26.2,86700
ABT,20080815,25.4,25.4,25.4,25.4,36120
ABT,20080814,24.6,24.6,23.7,24.6,100330
ABT,20080813,22.5,23.9,22.5,23.9,15440
ABT,20080812,23.7,23.7,23.1,23.2,61490
ABT,20080811,22.9,22.9,22.6,22.9,30660
ABT,20080808,21.6,22.2,21.2,22.2,37360
ABT,20080807,21.6,20.9,20.1,20.9,29840
ABT,20080806,20.1,20.9,20.1,20.9,29840
ABT,20080805,20.1,20.7,20.1,20.1,103930
ABT,20080804,19.8,20.1,19.4,20.1,102450
ABT,20080801,20.5,20.9,20.1,20.1,105340
ABT,20080731,19.6,20.5,19.6,20.5,17720
ABT,20080730,20.6,20.6,19.4,20.1,92850
ABT,20080729,20,20,20,20,83480
ABT,20080728,18.3,19.4,18.3,19.4,24850
ABT,20080725,18.7,18.8,18.7,18.7,67770
ABT,20080724,19.4,19.9,19.4,19.4,47050
ABT,20080723,20,20,20,20,20
ABT,20080722,20.7,20.7,20.7,20.7,60
ABT,20080721,21.4,21.4,21.4,21.4,6240
ABT,20080718,22.1,22.1,22.1,22.1,26560
ABT,20080717,22.9,22.9,22.9,22.9,17930
ABT,20080716,23.7,23.7,23.7,23.7,52940
ABT,20080715,25.9,25.9,24.5,24.5,96760
ABT,20080714,24.1,25.3,24.1,25.2,48040
ABT,20080711,24.5,24.5,23,24.5,40350
ABT,20080710,22.2,23.8,22.2,23.8,61400
ABT,20080709,23,23.4,23,23,48110
ABT,20080708,23.8,23.8,23.8,23.8,6280
ABT,20080707,24.6,26.1,24.6,24.6,37290
ABT,20080704,25.4,25.4,25.4,25.4,91770
ABT,20080703,24.6,24.6,24.6,24.6,15500
ABT,20080702,23.9,23.9,23.1,23.9,29950
ABT,20080701,22.6,23.1,22.6,23.1,37780
ABT,20080630,21.2,22.4,21.2,22.4,5950
ABT,20080627,20.9,21.7,20.9,21.7,12710
ABT,20080626,22.2,22.3,20.9,21.6,24690
ABT,20080625,21.6,21.6,20.9,21.6,31200
ABT,20080624,20.8,20.9,20.7,20.9,14750
ABT,20080623,19.8,20.1,19.8,20.1,20340
ABT,20080620,19.5,19.6,19.5,19.5,30840
ABT,20080619,19.5,20.2,19.5,20.2,36960
ABT,20080618,20.2,20.2,19.4,20.2,85840
ABT,20080617,19.8,19.8,19.8,19.8,6960
ABT,20080616,19.4,19.4,19.4,19.4,22560
ABT,20080613,18.9,18.9,18.9,18.9,1010
ABT,20080612,18.5,18.5,18.5,18.5,6310
ABT,20080611,18,18.1,18,18.1,14460
ABT,20080610,17.6,18.4,17.6,17.6,114340
ABT,20080609,18.1,18.1,18.1,18.1,40
ABT,20080606,18.5,18.5,18.5,18.5,2390
ABT,20080605,18.9,18.9,18.9,18.9,60
ABT,20080604,19.4,19.4,19.4,19.4,10
ABT,20080603,19.8,19.8,19.8,19.8,20
ABT,20080602,20.2,20.2,20.2,20.2,650
ABT,20080530,20.6,20.6,20.6,20.6,10010
ABT,20080526,21.1,21.1,21.1,21.1,60
ABT,20080522,22.1,22.1,22.1,22.1,1010
ABT,20080521,22.6,22.6,22.6,22.6,640
ABT,20080520,23.1,23.1,23.1,23.1,60
ABT,20080519,23.6,23.6,23.6,23.6,1280
ABT,20080516,24.1,24.1,24.1,24.1,39200
ABT,20080515,24.6,24.6,24.6,24.6,210
ABT,20080514,25.1,25.1,25.1,25.1,160
ABT,20080513,26.3,26.3,25.7,25.7,320
ABT,20080512,26.3,26.3,26.3,26.3,10
ABT,20080509,26.9,26.9,26.9,26.9,4910
ABT,20080508,27.4,27.4,27.4,27.4,3220
ABT,20080507,28.1,28.1,28,28,26950
ABT,20080506,28.1,29.1,28.1,28.6,24300
ABT,20080505,28.6,28.6,28.6,28.6,36970
ABT,20080429,28.6,28.6,27.9,28.1,50820
ABT,20080428,26.7,27.9,26.7,27.9,23030
ABT,20080425,28.6,28.6,27.3,27.3,54210
ABT,20080424,27.9,27.9,27.9,27.9,7460
ABT,20080423,27.3,27.3,27.3,27.3,11960
ABT,20080422,26.7,26.7,26.6,26.7,35800
ABT,20080421,26.1,26.1,25.9,26.1,35130
ABT,20080418,25.6,25.6,25.1,25.6,21860
ABT,20080417,24.5,25.1,24.5,25.1,18530
ABT,20080416,24.6,25.1,24.5,24.5,7520
ABT,20080411,25.1,25.1,25.1,25.1,3350
ABT,20080410,25.6,25.7,25.6,25.6,34840
ABT,20080409,26.7,26.7,26.2,26.2,28920
ABT,20080408,26.4,26.4,25.2,26.2,23630
ABT,20080407,25.8,25.8,25.8,25.8,1100
ABT,20080404,25.2,25.2,25.2,25.2,20
ABT,20080403,24.9,24.9,24.9,24.9,50
ABT,20080402,24.6,24.6,24.6,24.6,10
ABT,20080401,24.4,24.4,24.4,24.4,3000
ABT,20080331,24.1,24.1,24.1,24.1,690
ABT,20080328,23.8,23.8,23.8,23.8,4500
ABT,20080327,23.6,23.6,23.6,23.6,12940
ABT,20080326,23.4,24.4,23.4,23.4,48540
ABT,20080325,24.6,25.9,24.6,24.6,32710
ABT,20080324,26.1,26.1,26.1,26.1,10390
ABT,20080321,27.7,29.4,27.7,27.7,38220
ABT,20080320,30.9,31.2,29.4,29.4,11750
ABT,20080319,31.6,33,31.2,31.2,45210
ABT,20080318,33,33,33,33,5350
ABT,20080317,34.8,35.9,34.8,34.8,14440
ABT,20080314,36.2,36.9,36.2,36.6,4180
ABT,20080313,38,38,37.3,37.6,4840
ABT,20080312,36.6,38,36.6,37.3,9230
ABT,20080311,36.6,38,36.6,36.6,15530
ABT,20080310,39.1,39.1,38.7,38.7,96960
ABT,20080307,37.3,37.3,37.3,37.3,3950
ABT,20080306,35.5,35.5,35.5,35.5,930
ABT,20080305,33.7,33.7,33.7,33.7,13580
ABT,20080304,35.5,35.5,35.5,35.5,28540
ABT,20080303,38,38.4,37.3,37.3,13250
ABT,20080229,40.9,40.9,39.1,39.4,17310
ABT,20080228,42.6,42.6,41.2,41.2,16120
ABT,20080227,43,43.7,42.3,42.6,10710
ABT,20080226,45.1,45.1,42.6,42.6,14130
ABT,20080225,43,47.3,43,45.1,48880
ABT,20080222,40.9,45.1,40.9,45.1,60810
ABT,20080221,43,43,43,43,38780
ABT,20080220,48,48,45.5,45.5,14140
ABT,20080219,48.5,48.5,48,48,5380
ABT,20080218,48.5,48.5,48.5,48.5,51490
ABT,20080215,52,52,51,51,9290
ABT,20080214,51.5,52.5,51.5,51.5,10780
ABT,20080213,52.5,52.5,51,51,32660
ABT,20080212,52.5,52.5,51.5,52.5,63000
ABT,20080201,48.5,50.5,48.5,50,9670
ABT,20080131,50,50,48,48,35650
ABT,20080130,50,50,49.5,50,38420
ABT,20080129,45.1,47.6,45.1,47.6,5860
ABT,20080128,45.9,46.2,45.1,45.1,13310
ABT,20080125,45.9,45.9,44.4,45.5,3400
ABT,20080124,44.4,48.5,44.4,45.9,4470
ABT,20080123,46.6,46.6,45.9,45.9,14110
ABT,20080122,48,48,47.6,48,10060
ABT,20080121,48.5,49,48.5,48.5,5270
ABT,20080118,51,51,49.5,49.5,4510
ABT,20080117,51,51,50,50,7350
ABT,20080116,48.5,49.5,48.5,49.5,22130
ABT,20080115,48.5,48.5,46.9,46.9,20830
ABT,20080114,51,52,49.5,49.5,24710
ABT,20080111,51,52.5,51,52.5,4400
ABT,20080110,55,55,52.5,52.5,127910
ABT,20080109,55.5,55.5,54,54.5,7600
ABT,20080108,54.5,56.5,54.5,55,45560
ABT,20080107,56,56,54.5,54.5,5680
ABT,20080104,56,56.5,55.5,56,6280
ABT,20080103,56,56.5,56,56,8900
ABT,20080102,57.5,57.5,56.5,56.5,16880
ABT,20071228,56.5,56.5,56.5,56.5,2650
ABT,20071227,56,56.5,56,56,4710
ABT,20071226,56.5,56.5,56,56,4770
ABT,20071225,56.5,56.5,56,56,4250
ABT,20071224,56,56,56,56,8490
ABT,20071221,57,57,56,56,2820
ABT,20071220,57,57,56,57,10230
ABT,20071219,55,57.5,55,56,17070
ABT,20071218,55,55.5,55,55,2580
ABT,20071217,55,55,55,55,14380
ABT,20071214,55.5,55.5,55,55,10900
ABT,20071213,56,56,55.5,55.5,3690
ABT,20071212,55,56.5,55,56,12230
ABT,20071211,57,57,56,56,3420
ABT,20071210,56.5,57.5,56.5,56.5,8820
ABT,20071207,57.5,57.5,57,57.5,9900
ABT,20071206,57,57.5,56.5,57.5,37520
ABT,20071205,58,58,57.5,58,10170
ABT,20071204,58.5,58.5,58,58,9710
ABT,20071203,58,58,57.5,57.5,9140
ABT,20071130,57.5,58,57.5,57.5,28740
ABT,20071129,58.5,58.5,58,58,48950
ABT,20071128,58.5,58.5,58.5,58.5,5270
ABT,20071127,60,60,58.5,58.5,14800
ABT,20071126,59,59,58.5,58.5,7690
ABT,20071123,57.5,58,57.5,58,55420
ABT,20071122,57.5,58.5,57.5,58,19210
ABT,20071121,57.5,58,57.5,57.5,10590
ABT,20071120,59,59,58.5,59,15120
ABT,20071119,60,60,58.5,59.5,9730
ABT,20071116,58.5,60,57,60,16020
ABT,20071115,59,61,59,60,73960
ABT,20071114,59,60.5,59,60.5,21520
ABT,20071113,60.5,60.5,57.5,57.5,13600
ABT,20071112,61,61,60,60,11840
ABT,20071109,61,61.5,61,61,8120
ABT,20071108,61.5,63,61.5,61.5,15360
ABT,20071107,61.5,62.5,61.5,62.5,10970
ABT,20071106,62.5,63.5,61,61,35420
ABT,20071105,63,64.5,63,63.5,13580
ABT,20071102,63.5,64.5,63.5,63.5,22700
ABT,20071101,64.5,65,63.5,63.5,12140
ABT,20071031,63,63.5,63,63.5,28820
ABT,20071030,63.5,64.5,63,63,21420
ABT,20071029,64.5,65,63.5,63.5,20920
ABT,20071026,63.5,64.5,63.5,64.5,23510
ABT,20071025,65.5,65.5,64.5,64.5,26600
ABT,20071024,63.5,65,63.5,64.5,26200
ABT,20071023,65,65,64.5,64.5,29380
ABT,20071022,65.5,65.5,65,65.5,28540
ABT,20071019,65.5,65.5,65,65.5,44340
ABT,20071018,65.5,66,65,65,46480
ABT,20071017,66,66,65,65.5,41360
ABT,20071016,65,65.5,65,65,35280
ABT,20071015,66,66.5,65.5,65.5,23720
ABT,20071012,66,66.5,65.5,66,22940
ABT,20071011,66.5,66.5,66,66,42370
ABT,20071010,66.5,66.5,66,66.5,39430
ABT,20071009,68.5,68.5,66.5,66.5,45250
ABT,20071008,66.5,67.5,66,66.5,72200
ABT,20071005,66,67.5,66,66,34990
ABT,20071004,66.5,68.5,66,66.5,88930
ABT,20071003,66.5,66.5,66,66.5,34340
ABT,20071002,68.5,69.5,66,67.5,90070
ABT,20071001,68.5,68.5,66.5,68.5,61560
ABT,20070928,66,66,65,66,27150
ABT,20070927,65,65.5,65,65,16820
ABT,20070926,66.5,66.5,65.5,66,21180
ABT,20070925,67.5,67.5,66,67.5,49220
ABT,20070924,65,65.5,65,65.5,26520
ABT,20070921,65,65,64.5,65,28810
ABT,20070920,64.5,65,64.5,64.5,30950
ABT,20070919,63.5,63.5,63,63.5,20940
ABT,20070918,63.5,64.5,63.5,63.5,17470
ABT,20070917,64.5,64.5,63.5,63.5,16380
ABT,20070914,64.5,64.5,63.5,64.5,19970
ABT,20070913,64.5,64.5,63.5,63.5,10160
ABT,20070912,65,65,64.5,64.5,13950
ABT,20070911,64.5,65,64.5,65,11730
ABT,20070910,64.5,65,64.5,64.5,8140
ABT,20070907,65.5,65.5,65,65,9600
ABT,20070906,64.5,65.5,64.5,65.5,30040
ABT,20070905,66.5,66.5,66,66,53510
ABT,20070904,66,66,65.5,66,14990
ABT,20070831,65,66,65,65.5,60300
ABT,20070830,65.5,66,65.5,65.5,13680
ABT,20070829,63.5,68.5,63.5,68.5,68250
ABT,20070828,65,65,65,65,28800
ABT,20070827,66,66,65,65,26510
ABT,20070824,65,65.5,64.5,65,36800
ABT,20070823,64.5,64.5,64.5,64.5,15770
ABT,20070822,65,65,65,65,19400
ABT,20070821,65,65.5,65,65,19890
ABT,20070820,63.5,66,63.5,66,50890
ABT,20070817,63.5,63.5,63,63,26360
ABT,20070816,64.5,64.5,64.5,64.5,26780
ABT,20070815,65.5,65.5,64.5,65,24410
ABT,20070814,66,66,65.5,65.5,21700
ABT,20070813,65.5,66,65,66,40440
ABT,20070810,68.5,68.5,67.5,67.5,13630
ABT,20070809,68.5,69.5,67.5,69.5,70580
ABT,20070808,70,70,66.5,70,136050
ABT,20070807,70,70,68.5,69.5,86250
ABT,20070806,66,66.5,64.5,66.5,129190
ABT,20070803,64.5,64.5,63.5,64.5,96780
ABT,20070802,65,66,63.5,65.5,90060
ABT,20070801,63,64.5,63,64.5,9670
ABT,20070731,63,63,61.5,63,29710
ABT,20070730,63,63,63,63,4670
ABT,20070727,65,65,63,63.5,9550
ABT,20070726,63.5,65,63.5,65,22820
ABT,20070725,66.5,66.5,65.5,65.5,33450
ABT,20070724,67.5,67.5,66.5,66.5,43900
ABT,20070723,68.5,68.5,66.5,66.5,13930
ABT,20070720,66,66.5,66,66.5,6500
ABT,20070719,70,70,66,66,37710
ABT,20070718,66.5,67.5,66.5,67.5,13910
ABT,20070717,66.5,68.5,66.5,68.5,14710
ABT,20070716,70,70,66.5,66.5,10570
ABT,20070713,68.5,69.5,68.5,69.5,5730
ABT,20070712,73,73,69.5,69.5,35560
ABT,20070711,71,71,71,71,50500
ABT,20070710,66.5,66.5,66.5,66.5,21220
ABT,20070709,65,65,65,65,3050
ABT,20070706,65,65,65,65,21170
ABT,20070705,65,65,64.5,65,27970
ABT,20070704,61.5,64.5,61.5,64.5,5110
ABT,20070703,61.5,62.5,61.5,61.5,12320
ABT,20070702,65,65,64.5,64.5,36030
ABT,20070629,66,66,66,66,7280
ABT,20070628,66,66,66,66,26490
ABT,20070627,66.5,66.5,66,66,42260
ABT,20070626,67.5,67.5,66,66,14970
ABT,20070625,66.5,66.5,66,66,5340
ABT,20070622,65.5,66.5,65.5,66.5,4080
ABT,20070621,67.5,68.5,67.5,67.5,5010
ABT,20070620,68.5,69.5,68.5,69.5,16830
ABT,20070619,70,70,70,70,17130
ABT,20070618,70,70,70,70,46840
ABT,20070615,67.5,70,67.5,70,40650
ABT,20070614,68.5,68.5,68.5,68.5,53770
ABT,20070613,66,67.5,66,67.5,46450
ABT,20070612,66,66,64.5,66,23640
ABT,20070611,66,66,66,66,20530
ABT,20070608,69.5,69.5,66,66,45340
ABT,20070607,66,66,66,66,33790
ABT,20070606,60,63,60,63,15140
ABT,20070605,61,61,60,60,22750
ABT,20070604,63,64.5,63,63,16560
ABT,20070601,68.5,68.5,65.5,65.5,9860
ABT,20070531,68.5,68.5,68.5,68.5,7890
ABT,20070530,66,68.5,66,68.5,31930
ABT,20070529,68.5,69.5,68.5,68.5,31730
ABT,20070528,66,68.5,66,68.5,43470
ABT,20070525,53,54.5,53,54.5,54324
ABT,20070524,57.5,57.5,55,55,46308
ABT,20070523,61,61,58,58,86112
ABT,20070522,58,58,58,58,65136
ABT,20070521,55,55,55,55,27516
ABT,20070518,52.5,52.5,51,52.5,56652
ABT,20070517,50.5,51,50.5,50.5,31512
ABT,20070516,51,51,50,50,58260
ABT,20070515,51,51,50,50,54252
ABT,20070514,48.5,48.5,48.5,48.5,71652
ABT,20070511,45.5,46.6,45.5,46.6,32412
ABT,20070510,46.9,46.9,45.9,45.9,30672
ABT,20070509,44.8,45.9,44.8,44.8,86604
ABT,20070508,44.4,44.8,44.1,44.1,40044
ABT,20070507,42.6,44.1,42.6,44.1,16476
ABT,20070504,42.3,42.3,42.3,42.3,8304
ABT,20070503,41.9,42.3,41.9,42.3,9828
ABT,20070502,40.9,40.9,40.9,40.9,96468
ABT,20070425,43,43.4,43,43.4,14412
ABT,20070424,43.4,43.4,42.3,43,13620
ABT,20070423,44.8,44.8,43.4,43.4,36912
ABT,20070420,46.9,46.9,44.8,44.8,15312
ABT,20070419,49.5,49.5,46.9,46.9,23400
ABT,20070418,46.9,46.9,46.9,46.9,8484
ABT,20070417,44.4,45.5,44.4,44.8,24852
ABT,20070416,47.6,47.6,46.9,46.9,32940
ABT,20070413,50.5,50.5,49,49,69984
ABT,20070412,51,51,50.5,50.5,18624
ABT,20070411,52.5,52.5,52.5,52.5,17196
ABT,20070410,50.5,51,50.5,51,24864
ABT,20070409,51,51,50.5,51,20460
ABT,20070406,52.5,52.5,51.5,51.5,14376
ABT,20070405,54,54,52.5,52.5,15492
ABT,20070404,53.5,54,53.5,54,26280
ABT,20070403,53.5,53.5,53.5,53.5,66408
ABT,20070402,53.5,53.5,53.5,53.5,17412
ABT,20070330,56,56,56,56,20952
ABT,20070329,55,57,55,57,29304
ABT,20070328,51,54.5,51,54.5,34320
ABT,20070327,54.5,54.5,53.5,53.5,21336
ABT,20070326,57.5,57.5,55,55,32340
ABT,20070323,56,57,55,55,55104
ABT,20070322,60.5,60.5,57.5,57.5,54240
ABT,20070321,61,61,60.5,60.5,12468
ABT,20070320,63,63,61,61,23400
ABT,20070319,63,63,63,63,17568
ABT,20070316,61,63,60.5,63,22068
ABT,20070315,61,61,60.5,60.5,11460
ABT,20070314,66,66,63.5,63.5,51564
ABT,20070314,66,66,63.5,63.5,51564
ABT,20070313,64.5,64.5,63.5,63.5,21972
ABT,20070312,66.5,66.5,64.5,64.5,22980
ABT,20070309,66.5,66.5,65.5,65.5,34056
ABT,20070308,64.5,64.5,64.5,64.5,33384
ABT,20070307,64.5,64.5,61,61,42684
ABT,20070306,66.5,66.5,64.5,64.5,41208
ABT,20070305,66.5,66.5,66.5,66.5,36528
ABT,20070302,65.5,65.5,65.5,65.5,22392
ABT,20070301,65.5,65.5,65.5,65.5,30372
