<Ticker>,<DTYYYYMMDD>,<Open>,<High>,<Low>,<Close>,<Volume>
ALP,20100729,20.4,21,20.3,20.4,47810
ALP,20100728,21,21.1,20.4,20.5,175840
ALP,20100727,22,22,21.3,21.3,105290
ALP,20100726,22.7,22.7,21.8,21.8,79820
ALP,20100723,22.5,22.6,22.3,22.3,68360
ALP,20100722,23,23,22.5,22.5,38440
ALP,20100721,22.5,23.3,22.5,22.8,86860
ALP,20100720,22.7,23.3,22.4,23.3,156920
ALP,20100719,22.2,22.5,22.2,22.2,68570
ALP,20100716,22.6,23.5,22.5,22.5,126210
ALP,20100715,23.2,23.2,22.5,22.7,89800
ALP,20100714,24.1,24.1,23.2,23.2,46320
ALP,20100713,23.7,23.8,23,23.8,130350
ALP,20100712,23.9,23.9,23.2,23.6,63000
ALP,20100709,22.1,23.2,22,23.2,127110
ALP,20100708,23.4,23.4,22.1,22.1,183560
ALP,20100707,24.5,24.5,23.1,23.1,223760
ALP,20100706,25,25,24.3,24.3,90830
ALP,20100705,25.4,25.4,24.5,25.2,83300
ALP,20100702,25.3,25.3,24.8,25.2,64720
ALP,20100701,24.8,25.5,24.6,24.8,111490
ALP,20100630,25.5,25.9,25,25.1,204420
ALP,20100629,27.2,27.2,25.7,26,89840
ALP,20100628,27,27.3,26.7,27,194530
ALP,20100625,26.8,27.5,26.6,26.6,291970
ALP,20100624,28.3,28.3,27.8,28,487330
ALP,20100623,25.5,27,25.5,27,114980
ALP,20100622,26.9,26.9,25.8,25.8,375750
ALP,20100621,27.6,27.8,26.9,26.9,237800
ALP,20100618,27.9,27.9,27.2,27.9,231240
ALP,20100617,28.1,28.1,27.4,27.4,334080
ALP,20100616,29.3,29.8,28.8,28.8,265590
ALP,20100615,28,29,27.4,29,397020
ALP,20100614,27.9,29.6,27.9,28,521430
ALP,20100611,30.1,30.2,28.7,28.7,620230
ALP,20100610,29.8,29.9,28.8,29.8,454140
ALP,20100609,30.5,31.7,29.8,29.8,537120
ALP,20100608,31.7,32.6,30.5,31.3,346160
ALP,20100607,29.8,31.2,29.5,31.2,852130
ALP,20100604,29.5,29.8,29.5,29.8,1188630
ALP,20100603,27.1,28.4,26.6,28.4,665750
ALP,20100602,27.4,27.4,26.2,27.1,172800
ALP,20100601,26.6,27,26.5,26.6,276860
ALP,20100531,28.8,28.8,27.6,27.6,293540
ALP,20100528,29.2,29.2,28.5,29,295850
ALP,20100527,27,27.9,26.8,27.9,305530
ALP,20100526,25.3,27,25.3,27,262430
ALP,20100525,27,27.1,25.8,25.8,611420
ALP,20100524,27,28,26.3,26.9,113640
ALP,20100521,27.6,27.9,27.6,27.6,185600
ALP,20100520,27.6,29,27.6,29,235920
ALP,20100519,30.1,30.1,28.2,29,373180
ALP,20100518,27.5,28.8,27.5,28.8,419170
ALP,20100517,28.9,28.9,26.9,27.5,230960
ALP,20100514,27.5,28.5,27.5,28.3,269300
ALP,20100513,28.2,28.5,27.3,27.5,582130
ALP,20100512,27.9,29.5,27.8,28.5,434640
ALP,20100511,30.8,30.8,28,29.2,853790
ALP,20100510,29.4,29.4,29.4,29.4,240960
ALP,20100507,28,28,26.8,28,1098060
ALP,20100506,26.7,26.7,26.7,26.7,191870
ALP,20100505,25.5,25.5,25.5,25.5,160420
ALP,20100504,24.3,24.3,24.3,24.3,374740
ALP,20100429,23.2,23.2,23.2,23.2,192720
ALP,20100428,22.1,22.1,22.1,22.1,386990
ALP,20100427,21.1,21.1,21.1,21.1,479870
ALP,20100426,20,20.1,19.9,20.1,674710
ALP,20100422,19.2,19.2,19.2,19.2,417380
ALP,20100421,18.3,18.3,18.2,18.3,171880
ALP,20100420,17.5,17.5,17,17.5,297240
ALP,20100419,16.8,16.8,16.1,16.7,133150
ALP,20100416,15.6,16.3,15.5,16.3,293450
ALP,20100415,15.6,15.6,15.1,15.6,281050
ALP,20100414,14,14.9,14,14.9,281860
ALP,20100413,14,14.2,14,14.2,152750
ALP,20100412,14,14,13.8,14,273490
ALP,20100409,13,13.4,13,13.4,77950
ALP,20100408,12.8,12.9,12.8,12.8,24690
ALP,20100407,12.7,12.9,12.7,12.8,36810
ALP,20100406,12.7,13,12.7,12.7,23780
ALP,20100405,12.6,12.9,12.6,12.7,42770
ALP,20100402,12.7,12.8,12.6,12.7,32480
ALP,20100401,12.8,12.8,12.6,12.7,15160
ALP,20100331,12.6,12.7,12.6,12.6,21030
ALP,20100330,12.9,12.9,12.6,12.6,15670
ALP,20100329,12.6,12.9,12.6,12.7,9820
ALP,20100326,12.8,12.9,12.6,12.6,11180
ALP,20100325,12.9,12.9,12.6,12.6,42750
ALP,20100324,12.7,12.9,12.7,12.9,151550
ALP,20100323,13,13,12.7,12.7,30560
ALP,20100322,12.9,13,12.9,12.9,29000
ALP,20100319,13,13.1,12.9,12.9,35160
ALP,20100318,13,13.2,12.9,13,28690
ALP,20100317,13,13.4,12.9,13,20210
ALP,20100316,13,13,12.8,12.8,32250
ALP,20100315,13.1,13.2,13,13,24040
ALP,20100312,12.7,13,12.7,13,60060
ALP,20100311,12.9,13.1,12.8,12.9,51570
ALP,20100310,12.8,12.9,12.7,12.9,39910
ALP,20100309,12.8,12.8,12.6,12.8,42170
ALP,20100308,12.5,12.9,12.5,12.7,22950
ALP,20100305,12.3,12.5,12.3,12.5,76510
ALP,20100304,12.5,12.8,12.4,12.5,26720
ALP,20100303,12.4,12.4,12.2,12.4,23140
ALP,20100302,12.3,12.3,12.1,12.3,19360
ALP,20100301,12.1,12.3,12.1,12.3,94570
ALP,20100226,12.1,12.4,12.1,12.1,9330
ALP,20100225,12.1,12.4,12.1,12.1,21020
ALP,20100224,12.2,12.4,12.1,12.1,77970
ALP,20100223,12,12.3,12,12.1,19340
ALP,20100222,12.6,12.6,12,12,9690
ALP,20100212,12.5,12.5,12.2,12.2,14440
ALP,20100211,12,12.2,11.9,12.2,11500
ALP,20100210,12,12,12,12,2680
ALP,20100209,12,12,11.7,11.8,7630
ALP,20100208,12.2,12.2,11.8,11.8,8610
ALP,20100205,12,12,11.8,11.8,26780
ALP,20100204,11.9,12.2,11.9,12.1,19060
ALP,20100203,12,12.2,11.9,12.1,8830
ALP,20100202,12.4,12.4,11.7,12,62740
ALP,20100201,11.9,12.4,11.9,12.1,28070
ALP,20100129,12,12.2,12,12.1,14030
ALP,20100128,12.3,12.3,11.9,12.1,16220
ALP,20100127,12,12.1,12,12,17680
ALP,20100126,12,12.3,11.9,12.3,38700
ALP,20100125,11.9,12.3,11.7,11.9,30380
ALP,20100122,12.3,12.3,11.8,11.9,37510
ALP,20100121,12.5,12.5,12.1,12.1,68310
ALP,20100120,12.7,12.8,12.4,12.5,32940
ALP,20100119,12.7,13,12.6,12.7,45910
ALP,20100118,12.9,12.9,12.6,12.7,64800
ALP,20100115,13.3,13.5,13.1,13.1,44320
ALP,20100114,13.4,13.4,13,13.3,64520
ALP,20100113,13.4,13.4,13,13.4,282650
ALP,20100112,12.8,12.8,12.8,12.8,68190
ALP,20100111,12.4,12.5,12.2,12.2,40250
ALP,20100108,12.9,12.9,12.4,12.4,34270
ALP,20100107,12.5,12.6,12.4,12.5,82210
ALP,20100106,12.4,12.8,12.4,12.5,107940
ALP,20100105,12.8,13,12.4,12.5,75530
ALP,20100104,11.9,12.4,11.9,12.4,47230
ALP,20091231,11.8,12.1,11.8,11.9,56360
ALP,20091230,11.9,12,11.8,11.8,40380
ALP,20091229,11.9,12.1,11.8,11.9,31480
ALP,20091228,12.3,12.3,11.9,12.1,17800
ALP,20091225,11.6,12.3,11.6,12.3,114270
ALP,20091224,11.5,11.8,11.5,11.8,39190
ALP,20091223,11.7,11.8,11.7,11.7,25910
ALP,20091222,12,12,11.8,11.9,54110
ALP,20091221,11.8,12.1,11.8,12.1,39570
ALP,20091218,11.7,11.9,11.7,11.8,48190
ALP,20091217,11.1,11.7,11,11.7,62270
ALP,20091216,11.2,11.5,10.7,11.5,79380
ALP,20091215,11.2,11.2,10.6,11.2,82450
ALP,20091214,10.7,10.7,10.7,10.7,51800
ALP,20091211,10.4,10.6,10.2,10.3,95960
ALP,20091210,11.4,11.4,10.6,10.6,15230
ALP,20091209,11.5,11.5,11,11,52760
ALP,20091208,11.5,11.5,11.2,11.5,107370
ALP,20091207,10.8,11,10.7,10.9,23220
ALP,20091204,10.8,10.8,10.6,10.8,54050
ALP,20091203,10.7,10.9,10.5,10.6,35780
ALP,20091202,11.2,11.4,10.8,10.8,63890
ALP,20091201,11.5,11.7,11.3,11.4,25530
ALP,20091130,11.3,11.6,11.1,11.2,40700
ALP,20091127,10.7,11.1,10.3,11.1,163010
ALP,20091126,10.7,10.8,10.7,10.7,110910
ALP,20091125,11.6,11.7,11.2,11.2,144990
ALP,20091124,12,12,11.8,11.8,58400
ALP,20091123,12.3,12.3,12,12,39310
ALP,20091120,12.4,12.5,12.1,12.3,46030
ALP,20091119,12.3,12.5,12.3,12.3,60940
ALP,20091118,12.1,12.3,12.1,12.3,50050
ALP,20091117,12.4,12.5,12.1,12.1,59420
ALP,20091116,12.5,12.6,12.4,12.4,36720
ALP,20091113,12.1,12.6,12.1,12.4,105930
ALP,20091112,12.8,13,12.6,12.6,72290
ALP,20091111,12.5,12.6,12.4,12.6,44800
ALP,20091110,12.9,12.9,12.3,12.5,85980
ALP,20091109,12.8,12.8,12.4,12.5,152560
ALP,20091106,13.3,13.3,12.3,12.3,56890
ALP,20091105,12.2,12.7,12.2,12.7,70580
ALP,20091104,11.7,12.4,11.7,12.2,101200
ALP,20091103,12.3,12.5,11.9,11.9,188070
ALP,20091102,12.6,12.7,12.5,12.5,241900
ALP,20091030,13.3,13.4,13.1,13.1,171240
ALP,20091029,13.2,13.4,12.9,13,206370
ALP,20091028,13.9,13.9,13.4,13.6,171620
ALP,20091027,13.1,13.5,13.1,13.5,384160
ALP,20091026,13.6,14.1,13.6,13.6,499540
ALP,20091023,14.8,14.9,14.2,14.2,390560
ALP,20091022,14.5,15.3,14.5,15,468980
ALP,20091021,14.7,14.9,14.2,14.9,696370
ALP,20091020,13.8,14.2,13.7,14.2,314230
ALP,20091019,14.7,14.7,13.6,13.6,606810
ALP,20091016,14.2,14.2,13.7,14.2,1185210
ALP,20091015,13.6,13.6,13.6,13.6,132460
ALP,20091014,12.9,12.9,12.9,12.9,107720
ALP,20091013,11.9,12.4,11.8,12.4,326410
ALP,20091012,11.9,12.1,11.7,11.8,330910
ALP,20091009,11.9,12,11.6,11.8,205060
ALP,20091008,11.6,12,11.6,11.8,54030
ALP,20091007,12,12.1,11.9,12,65270
ALP,20091006,11.8,12.1,11.6,11.7,84990
ALP,20091005,12.1,12.1,11.5,11.6,89670
ALP,20091002,11.7,11.9,11.6,11.6,247430
ALP,20091001,12.5,12.7,12.2,12.2,130180
ALP,20090930,13,13,12.6,12.8,259110
ALP,20090929,12.4,12.5,12.4,12.5,131750
ALP,20090928,11.8,12.1,11.8,11.9,234120
ALP,20090925,11.9,12.5,11.9,12.1,268090
ALP,20090924,12.6,12.7,12.4,12.5,111960
ALP,20090923,12.8,13,12.6,12.7,140150
ALP,20090922,12.6,13,12.6,12.7,99140
ALP,20090921,12.7,13.1,12.7,12.9,102020
ALP,20090918,13.2,13.3,13,13.1,164770
ALP,20090917,13,13.4,12.8,13.1,82520
ALP,20090916,13.2,13.5,12.8,13.5,169350
ALP,20090915,13.7,13.7,12.9,13.2,125740
ALP,20090914,13.7,13.7,13.2,13.5,293290
ALP,20090911,13.5,13.5,13,13.2,279180
ALP,20090910,12.4,12.8,12.4,12.8,341970
ALP,20090909,12.6,12.6,12.3,12.3,171830
ALP,20090908,12.7,12.8,12.4,12.5,202480
ALP,20090907,12.6,12.6,11.9,12.3,239850
ALP,20090904,13.1,13.1,12.5,12.5,286280
ALP,20090903,13,13.4,12.9,13.1,197310
ALP,20090901,13.2,14.1,13.2,13.6,143600
ALP,20090831,13.7,13.7,13.6,13.7,363060
ALP,20090828,12.8,13,12.5,13,325310
ALP,20090827,12.4,12.5,11.8,12.5,210450
ALP,20090826,12.1,12.5,12.1,12.4,134790
ALP,20090825,12.2,12.5,12.2,12.3,107240
ALP,20090824,12.5,12.5,12.2,12.2,727210
ALP,20090821,12.1,12.6,12.1,12.2,78600
ALP,20090820,12.3,12.3,12,12.1,26820
ALP,20090819,11.9,12,11.9,12,36020
ALP,20090818,11.5,11.9,11.5,11.9,31810
ALP,20090817,12,12,11.7,11.8,26490
ALP,20090814,11.7,11.9,11.7,11.8,30400
ALP,20090813,12.2,12.2,12,12.2,37900
ALP,20090812,11.8,12,11.8,12,31170
ALP,20090811,11.6,11.9,11.6,11.9,41570
ALP,20090810,11.5,11.8,11.4,11.6,34060
ALP,20090807,11.4,11.4,11.2,11.3,20240
ALP,20090806,11.3,11.7,11.3,11.4,33850
ALP,20090805,11.2,11.5,11.2,11.5,9140
ALP,20090804,11.1,11.3,11.1,11.3,29230
ALP,20090803,11.5,11.9,11.1,11.1,24380
ALP,20090731,11.7,11.7,11.5,11.5,12580
ALP,20090730,11.2,11.5,11.2,11.5,14780
ALP,20090729,11.3,11.7,11.3,11.3,14270
ALP,20090728,11.6,12.1,11.6,11.6,32850
ALP,20090727,11.7,12.5,11.7,12.2,24440
ALP,20090724,12.2,12.2,12.2,12.2,48030
ALP,20090723,11.6,11.6,11.4,11.6,13430
ALP,20090722,11.7,11.7,11.4,11.5,7180
ALP,20090721,11.2,11.6,11.2,11.3,19990
ALP,20090720,11.5,11.5,11.4,11.5,11000
ALP,20090717,12.3,12.3,11.7,12,15640
ALP,20090716,12.2,12.2,11.4,12.2,10050
ALP,20090715,11.6,11.7,11.5,11.7,3600
ALP,20090714,11.4,11.4,11,11.4,31260
ALP,20090713,11.6,11.7,11.4,11.4,33540
ALP,20090710,12.6,12.6,12,12,21860
ALP,20090709,12.6,12.6,12.4,12.6,25840
ALP,20090708,12.2,12.6,12.2,12.6,38490
ALP,20090707,12.7,12.9,12.5,12.5,17590
ALP,20090706,12.5,12.7,12.5,12.7,56300
ALP,20090703,12.3,12.3,12.1,12.2,11900
ALP,20090702,12.5,12.5,11.9,12.3,20740
ALP,20090701,12.1,12.4,11.8,12,65230
ALP,20090630,13.4,13.4,12.4,12.4,24780
ALP,20090629,13.6,13.6,12.8,13,24160
ALP,20090626,13.2,13.5,13.1,13.5,32040
ALP,20090625,13.1,13.1,12.8,13.1,105800
ALP,20090624,12.5,12.5,12.2,12.5,23800
ALP,20090623,12,12,12,12,16530
ALP,20090622,12.5,12.6,12.5,12.5,32320
ALP,20090619,13.6,14,13.2,13.2,325940
ALP,20090618,14.7,14.7,13.6,13.6,106900
ALP,20090617,12.7,14.1,12.7,14.1,253880
ALP,20090616,13.4,13.4,13.4,13.4,175740
ALP,20090615,14.2,14.2,14.2,14.2,207860
ALP,20090612,15.5,15.6,14.9,14.9,152100
ALP,20090611,14.5,15.8,14.5,14.9,277350
ALP,20090610,15.4,15.4,15.4,15.4,68250
ALP,20090609,16.6,16.6,15,16.1,336130
ALP,20090608,15.8,15.8,15.8,15.8,33740
ALP,20090605,15,15,15,15,35100
ALP,20090604,14.3,14.3,14.3,14.3,65240
ALP,20090603,13.6,13.6,13.6,13.6,188560
ALP,20090602,12.9,12.9,12.9,12.9,21500
ALP,20090601,12.4,12.4,12.4,12.4,51560
ALP,20090529,11.7,11.7,11.4,11.7,185020
ALP,20090528,11.1,11.3,11,11.2,139340
ALP,20090527,11.5,11.6,10.9,11.6,200340
ALP,20090526,11.6,11.6,11,11.1,94130
ALP,20090525,10.9,11.3,10.8,11.3,181530
ALP,20090522,10.9,10.9,10.4,10.9,210100
ALP,20090521,10.4,10.4,10.4,10.4,48250
ALP,20090520,9.8,9.8,9.8,9.8,113370
ALP,20090519,9.4,9.4,9.2,9.4,170720
ALP,20090518,9.2,9.2,8.7,9,96500
ALP,20090515,9.2,9.2,8.9,9.2,49760
ALP,20090514,9.1,9.1,8.7,9.1,30740
ALP,20090513,9.1,9.3,9.1,9.2,37630
ALP,20090512,8.7,9.1,8.6,9,46210
ALP,20090511,8.7,8.8,8.6,8.7,97020
ALP,20090508,8.7,8.9,8.7,8.7,23650
ALP,20090507,8.9,9.1,8.7,9.1,95440
ALP,20090506,9.1,9.2,9.1,9.1,60940
ALP,20090505,9.8,9.8,9.4,9.6,72640
ALP,20090504,9.4,9.4,9.4,9.4,3460
ALP,20090429,9,9,9,9,55920
ALP,20090428,8.5,8.5,8.5,8.5,34040
ALP,20090427,7.8,8.1,7.8,8.1,14520
ALP,20090424,7.9,7.9,7.5,7.7,13070
ALP,20090423,8.4,8.4,7.9,7.9,7740
ALP,20090422,7.8,8.2,7.8,8.2,17590
ALP,20090421,7.5,7.8,7.5,7.8,34440
ALP,20090420,8.1,8.1,8,8,67120
ALP,20090417,8.6,8.6,8.3,8.4,48850
ALP,20090416,8.9,8.9,8.5,8.6,38340
ALP,20090415,8.6,8.7,8.4,8.4,62680
ALP,20090414,8.7,8.9,8.4,8.9,64000
ALP,20090413,8.6,8.6,8.5,8.6,32380
ALP,20090410,8.2,8.2,8,8.1,66310
ALP,20090409,8,8.1,7.8,7.9,23940
ALP,20090408,8,8.2,7.8,8,58000
ALP,20090407,7.8,8.2,7.8,8.2,27850
ALP,20090403,8,8,7.8,8,62210
ALP,20090402,7.5,7.8,7.5,7.6,42830
ALP,20090401,7.4,7.5,7.4,7.5,10760
ALP,20090331,7.5,7.5,7.3,7.3,8100
ALP,20090330,7.3,7.5,7.3,7.3,26220
ALP,20090327,7.4,7.5,7.4,7.5,7630
ALP,20090326,7.4,7.5,7.4,7.5,17550
ALP,20090325,7.5,7.5,7.4,7.5,27180
ALP,20090324,7.4,7.6,7.4,7.5,12020
ALP,20090323,7.5,7.5,7.3,7.5,18360
ALP,20090320,7.4,7.5,7.4,7.5,9560
ALP,20090319,7.5,7.8,7.5,7.5,19480
ALP,20090318,7.5,7.7,7.5,7.6,9730
ALP,20090317,7.5,7.5,7.5,7.5,19290
ALP,20090316,7.4,7.5,7.4,7.5,20110
ALP,20090313,7.5,7.5,7.3,7.4,7560
ALP,20090312,7.4,7.5,7.3,7.4,9590
ALP,20090311,7.4,7.5,7.4,7.5,18610
ALP,20090310,7.5,7.5,7.2,7.4,16400
ALP,20090309,7.4,7.5,7.4,7.4,8070
ALP,20090306,7.4,7.4,7.3,7.4,9490
ALP,20090305,7.5,7.5,7.4,7.4,12500
ALP,20090304,7,7.4,7,7.2,10580
ALP,20090303,7.2,7.3,7.2,7.2,5380
ALP,20090302,7.6,7.6,7.4,7.4,6280
ALP,20090227,7.1,7.6,7.1,7.4,5960
ALP,20090226,7.4,7.4,7,7.3,17680
ALP,20090225,6.9,7,6.8,7,11700
ALP,20090224,6.8,6.9,6.7,6.7,22750
ALP,20090223,6.9,6.9,6.8,6.9,6180
ALP,20090220,7,7,6.8,6.9,24230
ALP,20090219,6.8,7.4,6.8,7,12900
ALP,20090218,7,7,6.7,7,10810
ALP,20090217,6.9,7.3,6.8,7,14550
ALP,20090216,7.1,7.1,6.9,6.9,3680
ALP,20090213,7.1,7.1,6.8,7,10710
ALP,20090212,7.1,7.2,7,7,18350
ALP,20090211,7.3,7.3,7.1,7.2,16720
ALP,20090210,7.3,7.3,7.2,7.2,41540
ALP,20090209,7.4,7.5,7.3,7.4,35200
ALP,20090206,7.3,7.4,7.3,7.4,24250
ALP,20090205,7.5,7.5,7.4,7.4,49720
ALP,20090204,7.5,7.6,7.5,7.5,11010
ALP,20090203,7.5,7.6,7.5,7.6,41420
ALP,20090202,7.5,7.7,7.5,7.5,19110
ALP,20090123,7.6,7.6,7.5,7.6,27440
ALP,20090122,7.5,7.5,7.5,7.5,12430
ALP,20090121,7.5,7.5,7.5,7.5,4620
ALP,20090120,7.4,7.7,7.4,7.5,6660
ALP,20090119,7.5,7.5,7.5,7.5,14430
ALP,20090116,7.5,7.8,7.5,7.5,9560
ALP,20090115,7.5,7.5,7.5,7.5,13150
ALP,20090114,7.5,7.6,7.5,7.5,3000
ALP,20090113,7.2,7.7,7.2,7.5,9480
ALP,20090112,7.7,7.7,7.5,7.5,8750
ALP,20090109,7.9,7.9,7.7,7.7,14870
ALP,20090108,7.8,7.9,7.8,7.8,12740
ALP,20090107,7.9,8,7.8,7.9,28700
ALP,20090106,7.5,7.7,7.5,7.7,8770
ALP,20090105,7.5,7.9,7.5,7.7,20810
ALP,20090102,8.1,8.1,7.8,7.9,6260
ALP,20081231,7.6,8,7.6,7.9,85820
ALP,20081230,7.7,7.7,7.5,7.6,17540
ALP,20081229,7.2,7.5,7.2,7.5,22020
ALP,20081226,7.2,7.4,7.2,7.2,15880
ALP,20081225,7,7.2,7,7.2,20510
ALP,20081224,7,7.1,7,7,24900
ALP,20081223,7,7.2,7,7,7190
ALP,20081222,7.2,7.4,7.2,7.3,45210
ALP,20081219,7.1,7.2,7.1,7.1,37610
ALP,20081218,7.1,7.2,7,7.1,24770
ALP,20081217,6.8,7.1,6.7,7.1,11470
ALP,20081216,7.4,7.4,6.8,6.8,61540
ALP,20081215,7.2,7.2,7.1,7.2,14560
ALP,20081212,6.8,6.8,6.5,6.8,48880
ALP,20081211,6.5,6.5,6.4,6.5,25270
ALP,20081210,6.4,6.4,6.4,6.4,27670
ALP,20081209,6.3,6.4,6.3,6.4,8220
ALP,20081208,6,6.3,6,6.3,24100
ALP,20081205,6.4,6.5,6.3,6.3,39090
ALP,20081204,6.5,6.7,6.5,6.6,10290
ALP,20081203,6.5,6.5,6.3,6.5,15960
ALP,20081202,6.5,6.5,6.2,6.5,14090
ALP,20081201,6.5,7,6.5,6.5,3610
ALP,20081128,6.8,6.8,6.3,6.8,32760
ALP,20081127,6.5,6.6,6.4,6.5,36670
ALP,20081126,6.6,6.9,6.6,6.6,12760
ALP,20081125,6.9,7.1,6.6,6.9,31350
ALP,20081124,7,7.2,7,7,6740
ALP,20081124,7,7.2,7,7,6740
ALP,20081121,7,7,6.7,7,11970
ALP,20081120,7.2,7.2,7,7,37930
ALP,20081119,7.4,7.5,7.3,7.4,19520
ALP,20081118,7.4,7.5,7.1,7.4,36770
ALP,20081117,7.4,7.5,7.2,7.4,28430
ALP,20081114,7.4,7.6,7.4,7.4,26640
ALP,20081113,7.4,7.5,7.3,7.4,25720
ALP,20081112,7.4,7.4,7.1,7.4,30890
ALP,20081111,7.4,7.6,7.4,7.4,27090
ALP,20081110,7.6,7.8,7.6,7.6,25220
ALP,20081107,7.6,8.1,7.6,7.6,43050
ALP,20081106,8.1,8.5,8.1,8.1,44140
ALP,20081105,8.5,8.5,8.2,8.5,100640
ALP,20081104,8.1,8.1,7.6,8.1,36580
ALP,20081103,7.8,8.2,7.8,7.8,31480
ALP,20081031,8.2,8.2,7.6,8.2,29090
ALP,20081030,7.9,7.9,7.5,7.9,38480
ALP,20081029,7.5,7.6,7.3,7.5,72720
ALP,20081028,7.3,7.6,7.3,7.3,36290
ALP,20081027,7.6,7.6,7.6,7.6,31640
ALP,20081024,8.1,8.2,8.1,8.1,51680
ALP,20081023,8.5,8.7,8.5,8.5,37390
ALP,20081022,9,9.2,9,9,20300
ALP,20081021,9.2,9.4,9.1,9.2,38480
ALP,20081020,9.2,9.2,8.9,9.2,24350
ALP,20081017,9.1,9.1,8.6,9.1,95070
ALP,20081016,9.1,9.5,9.1,9.1,56450
ALP,20081015,9.6,9.7,9,9.6,44190
ALP,20081014,9.4,9.4,9.4,9.4,500
ALP,20081013,9.5,9.5,9,9,38960
ALP,20081010,9.5,9.8,9.3,9.3,69670
ALP,20081009,9.6,10.1,9.6,9.8,37160
ALP,20081008,9.8,10.7,9.8,9.8,110580
ALP,20081007,10.4,10.4,10.4,10.4,22590
ALP,20081006,10.9,11,10.9,10.9,51790
ALP,20081003,11.6,12,11.5,11.5,52680
ALP,20081002,12.4,12.4,12,12,36030
ALP,20081001,11.9,12.3,11.3,12,109540
ALP,20080930,12,12,12,12,2280
ALP,20080929,12.6,12.6,12.1,12.6,106290
ALP,20080926,12.4,12.4,12,12.4,173610
ALP,20080925,11.8,12.4,11.7,11.7,74950
ALP,20080924,12.5,12.9,12.4,12.4,99560
ALP,20080923,12.7,12.9,11.8,12.9,186660
ALP,20080922,12.3,12.4,12.3,12.4,1220
ALP,20080919,11.7,11.7,11.7,11.7,113890
ALP,20080918,11.2,11.2,10.5,11.2,243160
ALP,20080917,10.7,10.8,10.7,10.7,51830
ALP,20080916,11.2,11.2,11.2,11.2,66530
ALP,20080915,11.8,13,11.8,11.8,139330
ALP,20080912,12.5,12.5,12.5,12.5,19370
ALP,20080911,13.1,13.1,13.1,13.1,25620
ALP,20080910,14.6,14.6,13.2,13.9,263520
ALP,20080909,14,14,14,14,70880
ALP,20080908,13.2,13.2,12.8,13.2,362320
ALP,20080905,12.3,12.6,12.2,12.6,318780
ALP,20080904,12.5,12.5,11.5,12,107860
ALP,20080903,12.2,12.2,12.1,12.2,130620
ALP,20080829,11.5,11.5,11.5,11.5,32300
ALP,20080828,12.2,12.7,12.2,12.2,56560
ALP,20080827,12.7,12.8,12.3,12.8,179930
ALP,20080826,12.2,12.2,12,12.2,210440
ALP,20080825,11,11.6,11,11.5,128330
ALP,20080822,11,11.3,10.8,11.2,81930
ALP,20080821,10.5,11.2,10.2,11.2,92800
ALP,20080820,10.8,10.8,10.8,10.8,51670
ALP,20080819,11.3,11.8,11.3,11.3,31350
ALP,20080818,12.1,12.3,11.9,12,39870
ALP,20080815,11.9,11.9,11.9,11.9,71240
ALP,20080814,11.2,11.5,10.8,11.5,128900
ALP,20080813,11.2,11.3,10.8,11.2,77020
ALP,20080812,11.2,11.2,10.9,11.2,97790
ALP,20080811,10.9,10.9,10.9,10.9,18740
ALP,20080808,10.5,10.7,10.1,10.7,51090
ALP,20080807,10.7,10.4,10,10.4,43490
ALP,20080806,10.4,10.4,10,10.4,43490
ALP,20080805,10.1,10.2,10.1,10.1,22310
ALP,20080804,10.4,10.4,9.8,10.4,56590
ALP,20080801,10.1,10.3,10.1,10.1,57380
ALP,20080731,10.4,10.7,10.4,10.4,52500
ALP,20080730,10.7,11.2,10.7,10.7,76450
ALP,20080729,11,11,10.8,11,38020
ALP,20080728,10.6,11.2,10.6,10.8,73630
ALP,20080725,10.9,10.9,10.9,10.9,42610
ALP,20080724,11.2,11.2,11.2,11.2,5760
ALP,20080723,11.6,11.6,11.6,11.6,1300
ALP,20080722,12,12,12,12,20
ALP,20080721,12.4,12.4,12.4,12.4,5120
ALP,20080718,12.5,13.1,12.5,12.7,145730
ALP,20080717,12.8,12.8,12.8,12.8,79080
ALP,20080716,12.5,12.5,11.8,12.5,330780
ALP,20080715,12.1,12.1,12.1,12.1,68580
ALP,20080714,11.7,11.7,11.7,11.7,119260
ALP,20080711,11.3,11.3,11.3,11.3,236140
ALP,20080710,11,11,11,11,10200
ALP,20080709,10.8,10.8,10.5,10.8,63440
ALP,20080708,10.2,10.5,10.2,10.5,213460
ALP,20080707,11.2,11.2,10.5,10.5,212930
ALP,20080704,10.8,10.8,10.8,10.8,6330
ALP,20080703,10.6,10.6,10.6,10.6,9740
ALP,20080702,10.3,10.3,10.1,10.3,156580
ALP,20080701,9.5,10,9.5,10,384070
ALP,20080630,9.7,9.7,9.7,9.7,21940
ALP,20080627,10,10,10,10,12870
ALP,20080626,10.5,10.6,10.3,10.3,25760
ALP,20080625,10.1,10.6,10.1,10.6,35890
ALP,20080624,10,10.5,10,10.3,43440
ALP,20080623,10.3,10.7,10.3,10.3,57770
ALP,20080620,10.6,10.6,10.6,10.6,7060
ALP,20080619,10.9,10.9,10.9,10.9,30380
ALP,20080618,11.4,11.5,11.2,11.2,45900
ALP,20080617,11.4,11.4,11.4,11.4,2030
ALP,20080616,11.2,11.2,11.2,11.2,210
ALP,20080613,11.1,11.1,11.1,11.1,79080
ALP,20080612,10.8,10.9,10.7,10.9,41980
ALP,20080611,10.8,11.1,10.8,10.8,33600
ALP,20080610,10.9,10.9,10.9,10.9,40
ALP,20080609,11.1,11.1,11.1,11.1,30
ALP,20080606,11.2,11.2,11.2,11.2,660
ALP,20080605,11.4,11.4,11.4,11.4,50
ALP,20080604,11.6,11.6,11.6,11.6,320
ALP,20080603,11.8,11.8,11.8,11.8,100
ALP,20080602,12,12,12,12,840
ALP,20080530,12.2,12.2,12.2,12.2,46600
ALP,20080526,12.5,12.5,12.5,12.5,8240
ALP,20080522,12.9,12.9,12.9,12.9,35690
ALP,20080521,13.2,13.5,13.2,13.2,35820
ALP,20080520,13.7,13.8,13.4,13.5,27200
ALP,20080519,13,13.5,13,13.5,27560
ALP,20080516,13.2,13.5,13.2,13.2,60700
ALP,20080515,13.5,13.5,13.5,13.5,2790
ALP,20080514,13.8,13.8,13.8,13.8,100
ALP,20080513,14.1,14.1,14.1,14.1,1530
ALP,20080512,14.3,14.3,14.3,14.3,1360
ALP,20080509,14.5,14.5,14.5,14.5,31010
ALP,20080508,14.8,14.8,14.8,14.8,39860
ALP,20080507,15.1,15.1,15.1,15.1,49590
ALP,20080506,15.4,15.4,15.4,15.4,7750
ALP,20080505,15.9,15.9,15.7,15.7,45140
ALP,20080429,15.9,15.9,15.5,15.9,58410
ALP,20080428,15.2,15.7,15.2,15.7,98730
ALP,20080425,15.4,15.4,15.4,15.4,20530
ALP,20080424,15.7,15.7,15.7,15.7,22260
ALP,20080423,15.9,15.9,15.9,15.9,7060
ALP,20080422,16.1,16.1,16.1,16.1,19940
ALP,20080421,16.4,16.5,16.4,16.4,28710
ALP,20080418,17.2,17.2,16.8,16.8,79450
ALP,20080417,16.4,17.2,16.4,17.2,48350
ALP,20080416,16.8,16.8,16.8,16.8,12430
ALP,20080411,17.2,17.2,17.2,17.2,16600
ALP,20080410,17.5,17.5,17.5,17.5,94020
ALP,20080409,17.8,17.8,17.8,17.8,23800
ALP,20080408,17.5,17.5,17.5,17.5,34770
ALP,20080407,17.2,17.2,17.2,17.2,5990
ALP,20080404,16.9,16.9,16.9,16.9,620
ALP,20080403,16.7,16.7,16.7,16.7,1500
ALP,20080402,16.5,16.5,16.5,16.5,10
ALP,20080401,16.4,16.4,16.4,16.4,11010
ALP,20080331,16.2,16.2,16.2,16.2,6510
ALP,20080328,16.1,16.1,16.1,16.1,5100
ALP,20080327,15.9,15.9,15.9,15.9,21680
ALP,20080326,14.3,15.9,14.3,15.9,150540
ALP,20080325,15.1,15.1,15.1,15.1,8130
ALP,20080324,15.9,15.9,15.9,15.9,11600
ALP,20080321,16.9,16.9,16.9,16.9,33190
ALP,20080320,17.7,17.7,17.7,17.7,38380
ALP,20080319,18.7,19.6,18.7,18.7,76600
ALP,20080318,19.7,19.7,19.7,19.7,12140
ALP,20080317,20.8,21.4,20.8,20.8,75570
ALP,20080314,19.8,21.9,19.8,21.9,108800
ALP,20080313,21.9,21.9,20.7,20.8,92790
ALP,20080312,21.1,22.5,21.1,21.9,181240
ALP,20080311,22.3,22.8,22.3,22.3,64430
ALP,20080310,24.6,24.6,23.6,23.6,166480
ALP,20080307,23.2,23.5,22.3,23.5,243830
ALP,20080306,22.3,22.3,22.3,22.3,349340
ALP,20080305,21.2,21.2,21.2,21.2,5600
ALP,20080304,22.4,22.4,22.4,22.4,19830
ALP,20080303,23.7,23.7,23.7,23.7,25490
ALP,20080229,25.6,25.6,24.9,24.9,34170
ALP,20080228,26.7,27,26,26.3,52260
ALP,20080227,27.5,29.3,27.4,27.4,38390
ALP,20080226,29,29.7,28.8,28.8,60150
ALP,20080225,29.2,30.8,29.2,30.4,105910
ALP,20080222,29.2,29.2,29.2,29.2,77680
ALP,20080221,30.8,30.8,30.8,30.8,14300
ALP,20080220,34.5,34.5,32.5,32.5,53790
ALP,20080219,33.8,35.6,33.8,34.2,80400
ALP,20080218,35.6,35.6,35.6,35.6,23340
ALP,20080215,37.3,37.6,36.9,37.3,32740
ALP,20080214,37.9,37.9,37.6,37.9,56580
ALP,20080213,37.9,38.2,37.3,37.3,29340
ALP,20080212,40,40,38.6,39,44620
ALP,20080201,38.6,40,38.6,40,120040
ALP,20080131,37.3,38.6,36.9,38.6,87540
ALP,20080130,38.2,38.6,38.2,38.6,180230
ALP,20080129,35.8,37.3,35.8,36.9,87190
ALP,20080128,36.5,36.5,34.8,36.5,90650
ALP,20080125,34.5,36.5,34.5,36.5,66980
ALP,20080124,37.9,37.9,35.6,35.6,69570
ALP,20080123,37.9,37.9,37.3,37.3,46580
ALP,20080122,37.3,39,37.3,39,177080
ALP,20080121,39,39.3,38.6,39,162750
ALP,20080118,40,41.3,38.6,38.6,140940
ALP,20080117,41.3,41.3,39,40,93930
ALP,20080116,39.3,40,38.6,40,150990
ALP,20080115,38.2,40,38.2,38.2,155670
ALP,20080114,41,41.3,40.3,40.3,1800
ALP,20080111,42.6,42.6,42.1,42.4,31430
ALP,20080110,40.3,42.4,40,42.4,12590
ALP,20080109,41.7,41.7,40.3,40.3,5590
ALP,20080108,42.1,42.4,41.7,42.4,40140
ALP,20080107,41.3,42.4,41.3,41.3,13010
ALP,20080104,44.7,44.7,43.4,43.4,137820
ALP,20080103,44.2,45.2,43.4,45.2,280860
ALP,20080102,43.4,44.7,43,44.7,240390
ALP,20071228,43,44.2,42.6,44.2,265690
ALP,20071227,42.1,43.9,42.1,43.9,296280
ALP,20071226,41.7,43.4,41.7,43.4,174830
ALP,20071225,41.3,42.6,41.3,42.6,162440
ALP,20071224,43.4,43.4,42.1,42.6,165670
ALP,20071221,41.3,42.4,40.3,42.4,248500
ALP,20071220,41.3,41.3,40,40.3,197010
ALP,20071219,40.3,43.9,40.3,41.3,335490
ALP,20071218,42.4,42.4,42.4,42.4,42050
