<Ticker>,<DTYYYYMMDD>,<Open>,<High>,<Low>,<Close>,<Volume>
ALT,20100729,24.9,24.9,22.5,24,600
ALT,20100728,25,25,22.3,23.6,1900
ALT,20100727,23.9,24,23.1,23.9,30000
ALT,20100726,22.6,22.6,22.2,22.5,17500
ALT,20100723,21.3,22,21.1,21.2,6200
ALT,20100722,22.3,22.4,22.3,22.3,500
ALT,20100721,22.5,22.5,21.5,21.7,12000
ALT,20100720,22.9,22.9,22,22.2,3900
ALT,20100719,23.7,23.7,22.4,22.5,1100
ALT,20100716,23.5,23.5,22.3,22.4,1400
ALT,20100715,23.7,23.7,22,22.2,2000
ALT,20100714,23.5,24,22.2,22.4,4000
ALT,20100713,22.5,22.7,22.5,22.5,1600
ALT,20100712,23.5,23.5,22.3,22.3,4700
ALT,20100709,23,23,22,22.3,300
ALT,20100708,23,23,21.5,21.9,3500
ALT,20100707,23.5,23.5,21.5,22.1,2200
ALT,20100706,23.5,23.5,21.7,22,1800
ALT,20100705,23.5,23.5,23,23.3,200
ALT,20100702,22.9,22.9,22.1,22.5,200
ALT,20100701,22.8,22.8,22,22.5,1300
ALT,20100630,22.8,22.8,21.3,21.4,4200
ALT,20100629,23.5,23.5,22,22.5,4900
ALT,20100628,22,22,22,22,200
ALT,20100625,22.2,22.2,21.7,22,600
ALT,20100624,21.8,22.5,21.8,22.1,4200
ALT,20100623,22.2,22.2,21.1,21.8,400
ALT,20100622,22.2,22.2,21.5,21.7,4800
ALT,20100621,22.4,22.4,21.5,21.9,2100
ALT,20100618,22.3,22.3,22.3,22.3,100
ALT,20100617,22,22,21.5,21.8,4800
ALT,20100616,22.4,22.4,21.2,21.5,2500
ALT,20100615,21.9,21.9,21.1,21.4,800
ALT,20100614,21.5,21.5,21,21.1,800
ALT,20100611,20.8,21.3,20.3,20.7,2600
ALT,20100610,20.6,20.6,20.6,20.6,100
ALT,20100609,21.5,21.5,20.1,20.3,2000
ALT,20100608,20.3,21,19.9,20.2,5000
ALT,20100607,20.6,20.6,20,20.3,7100
ALT,20100604,22.6,22.6,20.5,20.7,11200
ALT,20100603,22,22.5,21.3,21.4,2300
ALT,20100602,22,22,21,21.2,3700
ALT,20100601,22.5,22.5,22.5,22.5,5100
ALT,20100531,22.2,22.2,21.2,21.3,700
ALT,20100528,22,22.4,21.5,21.6,2200
ALT,20100527,22.9,22.9,20.9,21.1,5200
ALT,20100526,21.7,21.7,21.6,21.7,2200
ALT,20100525,20.4,20.4,20.3,20.3,5900
ALT,20100524,21.3,21.3,19.8,20.1,2300
ALT,20100521,20.3,20.3,20.2,20.2,11200
ALT,20100520,22.2,22.2,21.6,21.7,500
ALT,20100519,21.2,21.2,21,21.1,10100
ALT,20100518,22.6,22.6,22.6,22.6,100
ALT,20100517,20.3,23.1,20.2,21.3,26800
ALT,20100514,22,22,21.4,21.6,10500
ALT,20100513,21.8,23.3,21.8,21.9,4300
ALT,20100512,23.7,23.7,21.4,21.9,14400
ALT,20100511,23.8,23.8,22.3,22.6,8300
ALT,20100510,24.2,24.2,21.8,22.3,21000
ALT,20100507,24.8,24.8,22.7,23,12600
ALT,20100506,24.7,24.7,23.6,24.4,38500
ALT,20100505,24.9,24.9,23.7,24.2,21700
ALT,20100504,23.2,23.3,23.2,23.3,28400
ALT,20100429,22.2,22.2,21.4,21.8,5400
ALT,20100428,21.3,21.5,21.1,21.3,11500
ALT,20100427,23,23,21.4,21.7,9500
ALT,20100426,23.3,23.9,22.2,23,3800
ALT,20100422,23.6,23.6,22.3,23.4,22800
ALT,20100421,21.8,22.4,21.3,22.1,41400
ALT,20100420,20.9,21.1,20.6,20.9,16800
ALT,20100419,19.5,20.8,19.5,20.6,6100
ALT,20100416,21,21,20.8,20.9,4700
ALT,20100415,20.9,20.9,20.6,20.8,4000
ALT,20100414,21.9,21.9,19.9,20.2,20400
ALT,20100413,21.9,21.9,20.4,20.5,2300
ALT,20100412,21.7,22.3,20.5,21,8500
ALT,20100409,22.3,22.3,20,20.8,28100
ALT,20100408,22.3,22.3,21.3,21.4,1800
ALT,20100407,22.2,22.2,21,21.3,3500
ALT,20100406,21.6,21.9,21.6,21.8,6800
ALT,20100405,22.3,22.3,20.4,20.5,2200
ALT,20100402,21.7,21.7,21.7,21.7,100
ALT,20100401,21.1,21.2,21.1,21.1,1100
ALT,20100331,22.1,22.1,20.6,21.1,1600
ALT,20100330,22.2,22.2,22.2,22.2,100
ALT,20100329,22.8,23,22.8,22.9,300
ALT,20100325,23.2,23.2,22.6,22.9,200
ALT,20100324,22.8,22.8,22.3,22.3,1100
ALT,20100323,23.1,23.1,21.1,21.5,13100
ALT,20100322,23.3,23.3,22.1,22.7,200
ALT,20100319,22.3,23.4,22.3,22.4,2100
ALT,20100318,23.3,23.3,22.3,22.4,3500
ALT,20100317,23.3,23.3,22.3,22.6,400
ALT,20100316,23.8,23.8,22.1,22.1,9200
ALT,20100315,24.6,24.6,22.3,22.6,1600
ALT,20100312,22.8,23,22.8,23,1500
ALT,20100311,24.3,24.3,22.9,23,1100
ALT,20100310,24.7,24.7,24.5,24.6,500
ALT,20100309,23.1,23.1,23,23.1,10000
ALT,20100308,23.8,23.8,21.3,21.6,1800
ALT,20100305,24.3,24.3,22,22.3,2000
ALT,20100304,23.8,23.8,23.6,23.7,400
ALT,20100303,23.3,23.3,23.3,23.3,100
ALT,20100302,21.9,22.9,21.6,21.9,2000
ALT,20100301,23.8,24,21.3,21.9,1300
ALT,20100226,23.6,23.6,20.8,22.8,600
ALT,20100225,23.6,23.6,21.9,22.1,900
ALT,20100224,25.3,25.3,23.5,23.6,1800
ALT,20100222,25.3,25.3,25.3,25.3,100
ALT,20100212,24.1,24.1,24.1,24.1,800
ALT,20100211,24.1,24.1,24.1,24.1,200
ALT,20100210,22.5,22.5,22.5,22.5,100
ALT,20100209,22.6,22.6,22.6,22.6,200
ALT,20100205,24.2,24.2,24.2,24.2,100
ALT,20100204,24.3,24.3,22.7,23.5,200
ALT,20100203,24.3,24.3,24.3,24.3,100
ALT,20100202,24.3,24.3,22.5,23.1,300
ALT,20100201,25.3,25.3,23.8,24.2,400
ALT,20100129,24.3,24.3,24.3,24.3,100
ALT,20100128,23.5,23.5,23.5,23.5,100
ALT,20100127,24.5,24.5,21.9,22,2600
ALT,20100126,24.8,24.8,22.3,23.4,5600
ALT,20100125,25.2,25.2,22.6,23.4,2000
ALT,20100122,24.3,24.3,24.3,24.3,100
ALT,20100121,24.8,24.8,22.3,23,2100
ALT,20100120,23.6,23.6,23.5,23.5,400
ALT,20100119,25.3,25.3,25.3,25.3,100
ALT,20100118,25.3,25.3,25.3,25.3,100
ALT,20100115,25.3,25.3,25.3,25.3,100
ALT,20100114,25.3,25.3,23.8,24.6,200
ALT,20100113,24.7,24.7,23.3,23.6,2500
ALT,20100112,23.3,23.3,23.1,23.1,900
ALT,20100111,25.3,25.3,23.1,23.2,4700
ALT,20100108,25.8,25.8,23.8,24.8,200
ALT,20100107,26.6,26.6,23.8,25,700
ALT,20100106,26.1,26.1,25.6,25.6,2100
ALT,20100105,26.3,26.3,24.5,25,400
ALT,20100104,24.3,25,24.3,24.8,10000
ALT,20091231,24.8,24.8,22.8,23.4,1800
ALT,20091230,23.3,23.3,23.3,23.3,700
ALT,20091229,24.6,24.6,21.5,21.8,2400
ALT,20091228,26,26.1,22.7,23,7300
ALT,20091225,26.3,26.3,23.8,24.4,1000
ALT,20091224,25.6,25.6,25.6,25.6,100
ALT,20091223,26.7,26.7,24.3,24.9,700
ALT,20091222,25.3,26.8,25.3,25.8,600
ALT,20091221,26.3,26.6,24.8,25.7,900
ALT,20091218,26.3,26.8,24.7,24.9,2900
ALT,20091217,26.3,26.3,26.3,26.3,100
ALT,20091216,27,27,27,27,100
ALT,20091215,26.3,26.3,26.3,26.3,100
ALT,20091214,24.8,24.8,24.8,24.8,100
ALT,20091211,26.2,26.2,22.8,23.5,500
ALT,20091210,24.5,24.5,24.5,24.5,100
ALT,20091209,26.3,26.3,26.3,26.3,100
ALT,20091208,26.3,26.3,26.1,26.1,600
ALT,20091207,26.3,26.3,25.3,25.3,3100
ALT,20091204,25,25,25,25,100
ALT,20091203,23.5,23.5,23.1,23.4,3200
ALT,20091202,24.8,24.8,24.8,24.8,2000
ALT,20091201,25.9,25.9,24.5,25.3,5400
ALT,20091130,26.2,26.2,24.3,25.3,1100
ALT,20091127,24.8,24.9,24.1,24.6,300
ALT,20091126,24.3,26.5,23.1,23.5,3800
ALT,20091125,26,26,22.8,24.8,3400
ALT,20091124,23.3,26.1,23.1,24.3,1800
ALT,20091123,26.6,26.6,23.6,24.4,10100
ALT,20091120,25,25.9,25,25.1,5800
ALT,20091119,25.4,25.4,25,25.3,1300
ALT,20091118,26.1,26.1,25,25.9,2600
ALT,20091117,27.2,27.2,24.8,25.1,5000
ALT,20091116,27.3,27.7,25.5,26.4,1000
ALT,20091113,27.3,27.3,25,25.9,3400
ALT,20091112,27.3,27.3,24.5,26.3,1200
ALT,20091111,26.4,26.4,25.9,26.1,300
ALT,20091110,27.7,27.7,25,25.2,2200
ALT,20091109,27.2,27.3,24.5,26.5,3800
ALT,20091106,27.2,27.2,25.4,25.7,2400
ALT,20091105,27,27,25.3,25.4,3400
ALT,20091104,26.9,26.9,24.9,25.3,14100
ALT,20091103,27.3,27.3,26.8,26.8,5100
ALT,20091102,26.7,26.7,25,25.5,21700
ALT,20091030,26.5,26.5,24.6,25,5900
ALT,20091029,26.7,26.7,24.1,24.7,4700
ALT,20091028,25.9,27.7,25.2,25.5,3300
ALT,20091027,25.9,25.9,25.9,25.9,1500
ALT,20091026,30.2,30.2,26.2,26.5,7600
ALT,20091023,29.6,29.6,26.9,28.2,10400
ALT,20091022,30.5,31,28.6,28.9,9000
ALT,20091021,31.4,31.4,28.7,30.7,3700
ALT,20091020,29.5,29.5,28.7,29.4,30900
ALT,20091019,27.6,27.6,26.8,27.6,30100
ALT,20091016,25.9,27.6,24.7,25.7,13800
ALT,20091015,26.8,26.8,25.4,25.8,2800
ALT,20091014,24.1,26.4,24.1,25.7,12100
ALT,20091013,25.4,25.4,24.2,24.6,1300
ALT,20091012,23.9,24.3,23.8,24.1,29500
ALT,20091009,24.1,24.1,23.3,23.7,14100
ALT,20091008,24.5,24.5,23.2,23.2,4200
ALT,20091007,24.3,24.5,23.6,24,2900
ALT,20091006,25,25,23.2,23.4,7100
ALT,20091005,25.8,25.8,23.2,24.1,24900
ALT,20091002,24.6,24.6,23.2,24.2,300
ALT,20091001,25.5,25.5,22.4,23.2,31800
ALT,20090930,25.6,25.6,22.5,24.1,200
ALT,20090929,27.2,27.2,23.7,24,19500
ALT,20090928,25.4,25.8,25.4,25.4,2700
ALT,20090925,26.1,26.1,24.1,24.5,5900
ALT,20090924,25.7,25.7,24.1,24.3,2800
ALT,20090923,25.7,25.7,24.1,24.3,1700
ALT,20090922,25.6,25.6,24,24.1,10600
ALT,20090921,24.2,24.2,24,24,5300
ALT,20090918,23.1,23.2,22.4,22.6,12400
ALT,20090917,24.1,24.1,24.1,24.1,100
ALT,20090916,23,23.9,22.9,23.1,4200
ALT,20090915,24.1,24.1,22.1,22.8,4100
ALT,20090914,22.4,23.2,21.7,22.9,16800
ALT,20090911,22.2,22.2,21.3,21.7,15700
ALT,20090910,22.1,22.1,21.5,21.6,5100
ALT,20090909,22.4,22.4,21.6,21.9,7200
ALT,20090908,22.2,22.2,22.1,22.1,4100
ALT,20090907,21.8,21.8,21.5,21.5,1200
ALT,20090904,22.9,22.9,20,21.5,4400
ALT,20090903,23.2,23.2,21.3,21.4,4200
ALT,20090901,23.3,23.3,22.4,22.8,7500
ALT,20090831,22.7,22.7,22.2,22.4,16800
ALT,20090828,22.6,22.6,22,22.2,4500
ALT,20090827,22.9,22.9,22,22.1,1500
ALT,20090826,22.7,22.7,22,22.3,5500
ALT,20090825,23.5,23.5,23.5,23.5,100
ALT,20090824,23.1,23.1,21.9,22.4,4100
ALT,20090821,21.9,21.9,21.4,21.5,10600
ALT,20090820,22.3,22.3,20.9,21.2,5800
ALT,20090819,21.9,21.9,21,21.1,2200
ALT,20090818,20.9,21.9,20.6,21,1000
ALT,20090817,20,21.9,20,20.7,10200
ALT,20090814,22.4,22.4,20.5,21,2600
ALT,20090813,21,21,20.9,21,8000
ALT,20090812,22.4,22.4,22.4,22.4,2000
ALT,20090811,24.2,24.2,24.2,24.2,100
ALT,20090810,23,23,21.9,22.6,1700
ALT,20090807,23.4,23.4,21,21.4,600
ALT,20090806,21.9,21.9,21.9,21.9,100
ALT,20090805,20.6,21,20.6,20.9,900
ALT,20090804,21.4,21.4,20.1,20.6,3000
ALT,20090803,21,21,21,21,2400
ALT,20090731,21.4,21.9,21.3,21.3,1700
ALT,20090730,21.9,22.5,20,21,3200
ALT,20090729,22.1,22.2,20.6,21,1600
ALT,20090728,22.3,23.3,21.9,22.1,3300
ALT,20090727,21.1,21.8,21.1,21.8,14300
ALT,20090710,19,20.9,19,19,5590
ALT,20090709,21.2,21.2,19.9,19.9,13700
ALT,20090708,20.5,21.8,20.1,20.4,9730
ALT,20090707,21.4,21.4,19.9,19.9,1070
ALT,20090706,19.7,20.7,19.7,20.3,2520
ALT,20090703,19.7,20.6,19.7,19.7,7790
ALT,20090702,20.9,20.9,18.9,19,1050
ALT,20090701,19.9,21.9,19.9,19.9,7290
ALT,20090630,19.5,21.5,19.5,20.4,836850
ALT,20090629,20.5,22.7,20.5,20.7,11260
ALT,20090626,21.6,22.3,21.6,21.6,10140
ALT,20090625,21.5,23.2,21.5,21.5,13810
ALT,20090624,21.1,22.8,21.1,21.8,13660
ALT,20090623,21.9,21.9,21.8,21.9,1850
ALT,20090622,23,23,23,23,3160
ALT,20090619,24.2,24.2,23.2,24.1,24890
ALT,20090618,22.6,24.6,22.6,22.7,59310
ALT,20090617,23.8,23.8,23.8,23.8,20
ALT,20090616,25.1,25.1,25.1,25.1,30
ALT,20090615,26.4,26.4,26.4,26.4,450
ALT,20090612,27.7,27.7,27.7,27.7,24640
ALT,20090611,27.8,30.2,27.8,28.1,12770
ALT,20090610,28.7,29.9,28.7,28.7,21100
ALT,20090609,32.9,32.9,30.3,31.4,51340
ALT,20090608,32,32,32,32,5280
ALT,20090605,30.4,30.4,30.4,30.4,1750
ALT,20090604,28.9,28.9,28.9,28.9,16320
ALT,20090603,27.6,27.6,27.6,27.6,23430
ALT,20090602,26.3,26.3,26.2,26.3,13960
ALT,20090601,25,25,25,25,14020
ALT,20090529,23.8,23.8,23.6,23.7,4190
ALT,20090528,20.6,22.7,20.6,22.1,17270
ALT,20090527,21.6,23.2,21.6,21.9,25220
ALT,20090526,23,23.5,21.8,22.2,16170
ALT,20090525,22.8,23,22.7,22.9,18470
ALT,20090522,22.1,23.3,21.9,22,18850
ALT,20090521,22.9,23.7,22.1,23,15920
ALT,20090520,23,23,22,23,42130
ALT,20090519,21.9,21.9,21.9,21.9,9890
ALT,20090518,20.4,20.9,20.3,20.6,37450
ALT,20090515,19.9,19.9,19.1,19.8,33750
ALT,20090514,19.2,19.2,18.5,19,10360
ALT,20090513,18.5,18.5,18.2,18.5,27310
ALT,20090512,17.5,17.6,17.3,17.5,48860
ALT,20090511,16.7,16.7,16.4,16.7,50080
ALT,20090508,16.2,16.2,15.4,15.9,11430
ALT,20090507,15.9,16.5,15.6,15.9,2820
ALT,20090506,16.3,16.3,15.3,15.4,1110
ALT,20090505,16.1,16.1,16,16.1,19730
ALT,20090504,15,15.4,15,15.3,13970
ALT,20090429,15,15,14.1,14.3,5830
ALT,20090428,15,15,14.3,14.5,2590
ALT,20090427,15,15,14.5,14.5,2650
ALT,20090424,14.6,15.4,14.6,14.6,3830
ALT,20090423,15.4,15.4,14.5,14.5,3030
ALT,20090422,15.4,15.4,15.3,15.4,1440
ALT,20090421,13.9,15,13.9,14,3390
ALT,20090420,14.7,15.6,14.6,14.6,7830
ALT,20090417,16.4,16.4,15.4,15.6,2870
ALT,20090416,16.3,16.3,16.3,16.3,40
ALT,20090415,15.8,16.4,15.8,15.8,4470
ALT,20090414,17,17,16.4,16.5,4970
ALT,20090413,15.9,16.7,15.9,16.4,14740
ALT,20090410,16.1,16.1,15.4,15.8,2650
ALT,20090409,15.4,16,15.4,15.4,170
ALT,20090408,16.4,16.4,15.4,15.4,3190
ALT,20090407,15.2,16.3,15.2,15.7,15130
ALT,20090403,15.6,15.8,15.4,15.6,21680
ALT,20090402,15.9,15.9,15.4,15.4,550
ALT,20090401,15.4,15.6,14.5,15.3,5790
ALT,20090331,14.5,14.9,14.4,14.5,1890
ALT,20090330,14.7,14.8,14.1,14.4,2710
ALT,20090327,14.5,14.8,14.4,14.4,2110
ALT,20090326,14.9,14.9,14.3,14.8,2720
ALT,20090325,14.5,14.9,14.5,14.5,3250
ALT,20090324,14.8,15.1,14.5,14.6,3500
ALT,20090323,14.9,15,14.3,14.4,2780
ALT,20090320,15.1,15.3,14.6,14.9,2500
ALT,20090319,15.1,15.2,15,15.1,4660
ALT,20090318,15.4,15.6,15,15.2,4560
ALT,20090317,15.1,15.4,15.1,15.4,240
ALT,20090316,16.2,16.2,14.9,15.1,3260
ALT,20090313,15,15.7,15,15.1,110
ALT,20090312,16.4,16.4,15,15,3000
ALT,20090311,14.8,15.8,14.7,15,6050
ALT,20090310,15.1,15.2,15.1,15.2,14270
ALT,20090309,15.4,15.4,14.4,14.4,2510
ALT,20090306,15.4,15.4,15,15.1,170
ALT,20090305,15.1,15.3,15.1,15.2,40
ALT,20090304,15.4,15.4,14.5,14.7,4540
ALT,20090303,15.1,15.8,15.1,15.1,10130
ALT,20090302,15.9,15.9,15.9,15.9,260
ALT,20090227,15.7,15.9,15.7,15.7,160
ALT,20090226,14.7,15.4,14.6,14.7,2370
ALT,20090225,15.4,15.4,15.4,15.4,510
ALT,20090224,15,15.4,15,15.2,3070
ALT,20090223,15.4,15.8,15.4,15.4,1170
ALT,20090220,16.3,16.3,16.3,16.3,10
ALT,20090219,15.6,15.6,15.6,15.6,20
ALT,20090218,15.5,15.6,14.9,14.9,2030
ALT,20090217,15.4,15.4,14.8,14.9,2590
ALT,20090216,15.4,15.4,15.4,15.4,20
ALT,20090213,15.6,15.6,14.6,14.6,630
ALT,20090212,15.1,15.1,14.7,14.7,1920
ALT,20090211,14.5,15.1,14.3,14.5,1290
ALT,20090210,16.2,16.4,15.1,15.2,900
ALT,20090209,15.9,15.9,14.9,15.2,510
ALT,20090206,15.7,15.7,14.3,14.9,2160
ALT,20090205,15,15.8,15,15,1130
ALT,20090204,15.4,16.7,15.4,15.4,2500
ALT,20090203,16.2,17,16.2,16.2,640
ALT,20090202,16.8,17,16.8,16.8,80
ALT,20090123,16.5,16.5,16.5,16.5,30
ALT,20090122,16.2,17.5,16.2,16.3,520
ALT,20090121,16.8,17,16.8,17,60
ALT,20090120,16.5,16.5,16.5,16.5,10
ALT,20090119,16.8,16.8,15.7,15.7,340
ALT,20090116,17.3,17.3,16.4,16.4,2260
ALT,20090114,16.3,17.3,16.3,17,1420
ALT,20090113,15.9,17.2,15.9,16.2,2860
ALT,20090112,15.6,17.2,15.5,2.1,1950
ALT,20090109,15.8,16.4,15.8,15.8,2440
ALT,20090108,16.6,17.6,16.6,16.6,1270
ALT,20090107,16.5,17.6,16.5,16.7,1050
ALT,20090106,16.4,17.5,16.4,16.9,6210
ALT,20090105,17.3,17.7,17.3,17.3,1410
ALT,20090102,16.4,17.8,16.4,17.2,500
ALT,20081231,16.6,17.2,16.6,17.2,1310
ALT,20081230,17.5,17.5,16.4,16.5,70
ALT,20081229,17.4,17.4,16.2,17,270
ALT,20081226,17,17,17,17,200
ALT,20081225,16.9,17,16.9,17,100
ALT,20081224,16.2,17,16.2,16.5,1940
ALT,20081223,15.8,17.5,15.8,15.9,6230
ALT,20081222,16.6,16.6,15.6,15.6,1020
ALT,20081219,16.1,16.1,16,16.1,2220
ALT,20081218,15.4,15.4,15.4,15.4,90
ALT,20081217,15.6,15.7,14.6,14.6,2030
ALT,20081216,15.9,15.9,15,15.1,8420
ALT,20081215,16.1,16.5,15.8,16.3,5330
ALT,20081212,15.5,16.2,15.3,15.6,2360
ALT,20081211,15.6,15.6,15.5,15.6,730
ALT,20081210,15.3,15.3,15.2,15.2,750
ALT,20081209,14.7,14.7,14.1,14.3,1600
ALT,20081208,14.1,14.1,13.7,14.1,2580
ALT,20081205,13.3,14.1,13.3,13.3,2890
ALT,20081204,14.8,14.8,14,14.5,300
ALT,20081203,14.7,15.5,14.7,14.7,3510
ALT,20081202,15.5,15.5,15.4,15.4,70
ALT,20081201,16.3,16.6,16.3,16.3,210
ALT,20081128,16.3,16.3,16.2,16.3,2270
ALT,20081127,15.7,16.6,15.7,16.5,550
ALT,20081126,16.3,16.7,15.5,16.3,2460
ALT,20081125,15.9,15.9,15.9,15.9,100
ALT,20081124,16.4,16.4,16.4,16.4,220
ALT,20081121,16.4,16.4,16.4,16.4,20
ALT,20081120,15.6,16.3,15.6,15.6,410
ALT,20081119,16.4,16.4,15.4,15.4,1350
ALT,20081118,16.1,16.1,16.1,16.1,490
ALT,20081117,17,17,17,17,20
ALT,20081114,16.4,16.4,15.7,16.2,1200
ALT,20081113,15.7,17,15.6,16.6,1020
ALT,20081112,16.5,16.5,16.5,16.5,160
ALT,20081111,15.7,16.6,15.7,15.9,2040
ALT,20081110,16.6,17,16.5,16.6,230
ALT,20081110,16.6,17,16.5,16.6,230
ALT,20081107,16.2,17.6,16.1,16.2,1410
ALT,20081106,17,17.7,16.7,16.8,3220
ALT,20081105,17.7,17.7,17.7,17.7,1200
ALT,20081104,17,17,17,17,500
ALT,20081103,17.4,17.6,16.6,17.6,330
ALT,20081031,16.7,18.2,16.5,16.5,1510
ALT,20081030,17.4,17.4,17.4,17.4,260
ALT,20081029,17.1,17.1,16.5,16.7,2110
ALT,20081028,16.3,16.3,15,15,1870
ALT,20081027,15.8,15.8,15.8,15.8,1350
ALT,20081024,16.7,17.8,16.7,16.7,4570
ALT,20081023,17.6,19.6,17.6,18.7,910
ALT,20081022,18.7,19.3,18.7,18.7,7710
ALT,20081021,19.7,19.7,18.7,19.1,8430
ALT,20081020,19.7,19.7,18.2,18.6,4830
ALT,20081017,19.2,19.2,19.2,19.2,10
ALT,20081016,19,19,17.6,17.6,1160
ALT,20081015,18.6,20.2,18.6,18.9,4150
ALT,20081014,19.5,19.5,19.5,19.5,1820
ALT,20081013,20.4,20.4,18.6,18.6,1600
ALT,20081010,19.6,19.6,19.6,19.6,30
ALT,20081009,19.6,20.7,19.6,19.6,1750
ALT,20081008,18.6,20.7,18.6,19.4,1500
ALT,20081007,19.7,19.7,19.7,19.7,500
ALT,20081006,22.2,22.2,20.8,20.8,1400
ALT,20081003,22.1,22.1,20.4,21.2,1310
ALT,20081002,21.2,21.2,21.2,21.2,30
ALT,20081001,20.2,20.8,19.3,19.8,12580
ALT,20080930,20.2,20.2,20.2,20.2,210
ALT,20080929,21.3,23,21.3,21.5,2580
ALT,20080926,22.5,23.7,22.5,22.6,5780
ALT,20080925,23.7,23.7,23.7,23.7,2000
ALT,20080924,21.1,23.4,21.1,22.6,3110
ALT,20080923,22.2,22.2,21.5,21.9,1860
ALT,20080922,21.5,21.5,21.5,21.5,10
ALT,20080919,18.4,20.4,18.4,18.9,1630
ALT,20080918,18.6,20.4,18.6,19.1,920
ALT,20080917,19.5,21.7,19.5,19.6,8050
ALT,20080916,20.7,23,20.6,20.6,9740
ALT,20080915,21.8,24.3,21.8,22.4,3200
ALT,20080912,23,23,23,23,610
ALT,20080911,24.3,24.3,24.3,24.3,6240
ALT,20080910,25.9,26.9,24.4,25.8,2650
ALT,20080909,25.7,27.7,25.6,25.9,8420
ALT,20080908,27.6,27.6,26.2,27.4,4170
ALT,20080905,27.6,27.6,26.5,27.4,13870
ALT,20080904,26.5,26.5,26.1,26.3,13610
ALT,20080903,25.2,25.2,25.2,25.2,5000
ALT,20080829,24.1,24.1,23,23.5,14290
ALT,20080828,24,24,24,24,30820
ALT,20080827,22.8,22.8,22.8,22.8,5720
ALT,20080826,21.6,21.6,21.6,21.6,3370
ALT,20080825,22.2,22.6,20.5,21.3,39140
ALT,20080822,23.7,23.7,21.5,22.6,2130
ALT,20080821,20.4,22.6,20.4,21,8630
ALT,20080820,21.5,21.5,21.5,21.5,1050
ALT,20080819,21.9,21.9,19.7,21.6,7200
ALT,20080818,20.7,20.8,20.7,20.7,4440
ALT,20080815,19.7,19.7,19.7,19.7,3650
ALT,20080814,19.1,19.1,19.1,19.1,11590
ALT,20080813,19.3,19.3,18.5,19.2,2420
ALT,20080812,19,19,18.9,19,8900
ALT,20080811,17.8,18.5,17.8,18.4,4400
ALT,20080808,18.7,18.7,17.8,17.8,880
ALT,20080807,18.5,18.2,17.1,18.4,7720
ALT,20080806,17.1,18.2,17.1,17.2,7720
ALT,20080805,17.6,17.6,17.6,17.6,1000
ALT,20080804,18.2,18.8,18.2,18.2,1860
ALT,20080801,18.7,18.8,17.7,18.6,7010
ALT,20080731,18.6,19.3,18.2,18.6,1610
ALT,20080730,18.8,18.8,18.8,18.8,13370
ALT,20080729,18.2,18.2,18.2,18.2,800
ALT,20080728,17.6,17.6,17.6,17.6,3880
ALT,20080725,17.3,17.3,16.8,16.9,1610
ALT,20080724,16.8,17.8,16.8,16.9,24610
ALT,20080723,17.4,17.4,17.4,17.4,210
ALT,20080722,17.9,17.9,17.9,17.9,600
ALT,20080721,18.6,18.6,18.6,18.6,1300
ALT,20080718,18.6,19.1,18.6,18.7,4270
ALT,20080717,18.6,19.1,18.6,18.9,10640
ALT,20080716,19.7,20.3,19.1,19.4,24760
ALT,20080715,19.7,19.7,19.7,19.7,8090
ALT,20080714,19.1,19.1,17.9,19.1,6610
ALT,20080711,17.4,18.6,17.4,17.8,30110
ALT,20080710,17.9,18.6,17.9,17.9,10550
ALT,20080709,18.6,18.6,18.6,18.6,3450
ALT,20080708,19.1,19.1,19.1,19.1,690
ALT,20080707,21,21,19.7,21,2360
ALT,20080704,19.8,20.4,19.8,19.8,3290
ALT,20080703,19.7,19.8,19.7,19.8,3190
ALT,20080702,19.2,19.2,19,19.2,15970
ALT,20080701,18.6,18.7,18.6,18.6,7320
ALT,20080630,17.5,18.3,17.5,18.2,2470
ALT,20080627,17.3,18.2,17.3,17.5,2890
ALT,20080626,18.1,18.1,17.1,17.6,10320
ALT,20080625,17.6,17.6,16.7,17.5,1910
ALT,20080624,16.3,17.1,16.3,16.7,3570
ALT,20080623,16.7,17.7,16.7,16.7,10180
ALT,20080620,17.2,17.2,17.2,17.2,1500
ALT,20080619,17.8,17.8,17.8,17.8,2530
ALT,20080618,18.7,18.7,18.4,18.7,2550
ALT,20080617,18.2,18.7,18.2,18.6,4270
ALT,20080616,18,18.4,18,18.1,1680
ALT,20080613,17.5,18,17.5,18,17540
ALT,20080612,18.4,18.4,17.6,17.8,6030
ALT,20080611,17.4,18,17.4,17.8,4650
ALT,20080610,17.6,17.6,17.6,17.6,300
ALT,20080609,17.5,18.2,17.5,17.8,4720
ALT,20080606,17.8,17.8,17.8,17.8,1000
ALT,20080605,18.2,18.2,18.2,18.2,1000
ALT,20080604,18.6,18.6,18.6,18.6,1000
ALT,20080603,18.2,18.9,18.2,18.6,6550
ALT,20080602,18.6,18.6,18.6,18.6,1000
ALT,20080530,18.9,18.9,18.9,18.9,1400
ALT,20080526,19.3,19.3,19.3,19.3,150
ALT,20080522,20.1,20.1,20.1,20.1,50
ALT,20080521,20.6,20.6,20.6,20.6,20
ALT,20080520,21,21,21,21,200
ALT,20080519,21.9,21.9,21.5,21.9,2170
ALT,20080516,21.1,22,21.1,21.1,2860
ALT,20080515,21.5,21.5,21.5,21.5,8000
ALT,20080514,22,22,22,22,830
ALT,20080513,22.4,22.4,22.4,22.4,11110
ALT,20080512,22.9,22.9,22.9,22.9,1830
ALT,20080509,23.3,23.3,23.3,23.3,20
ALT,20080508,23.9,23.9,23.9,23.9,10
ALT,20080507,24.4,24.4,24.4,24.4,30
ALT,20080506,24.9,24.9,24.4,24.4,330
ALT,20080505,25.1,25.1,24.6,24.7,2110
ALT,20080429,24.4,25.4,24.4,24.4,8000
ALT,20080428,25,25.9,25,25,4600
ALT,20080425,25.5,26.5,25.5,25.5,1800
ALT,20080424,26,26,26,26,1390
ALT,20080423,26.5,26.5,26.5,26.5,3000
ALT,20080422,27.1,27.7,27.1,27.1,1180
ALT,20080421,27.7,28.3,27.7,27.7,3660
ALT,20080418,28.6,28.6,27.8,28.6,5470
ALT,20080417,27.3,28.5,27.3,27.4,8920
ALT,20080416,27.8,27.8,27.8,27.8,3900
ALT,20080411,28.5,28.5,28.5,28.5,1790
ALT,20080410,29,29,29,29,5430
ALT,20080409,30,30,29.6,29.8,5380
ALT,20080408,29.7,29.7,28.7,29.5,15460
ALT,20080407,29.2,29.2,29.2,29.2,10
ALT,20080404,28.6,28.6,28.6,28.6,10
ALT,20080403,28.3,28.3,28.3,28.3,10
ALT,20080402,28,28,28,28,310
ALT,20080401,27.7,27.7,27.7,27.7,20
ALT,20080331,27.4,27.4,27.4,27.4,3940
ALT,20080328,27.1,27.1,27.1,27.1,2320
ALT,20080327,26.8,26.8,26.8,26.8,13130
ALT,20080326,26.8,29.4,26.6,26.8,15940
ALT,20080325,28.1,28.1,28.1,28.1,3500
ALT,20080324,29.6,32.6,29.6,29.7,5650
ALT,20080321,31.3,31.3,31.3,31.3,3770
ALT,20080320,33.4,33.4,32,32.7,4880
ALT,20080319,31,33.4,31,32.9,1450
ALT,20080318,32.3,34.2,32.3,32.5,4690
ALT,20080317,34.5,35.6,34.1,34.3,5880
ALT,20080314,36,37.1,35.6,35.9,5630
ALT,20080313,37.8,37.8,37.1,37.6,3230
ALT,20080312,36.7,38.6,36.7,37.3,3930
ALT,20080311,36.7,38.6,36.7,37.3,4540
ALT,20080310,40,40,38.6,39.5,14350
ALT,20080307,38.2,38.2,38.2,38.2,13700
ALT,20080306,36.4,36.4,36.4,36.4,4950
ALT,20080305,34.5,34.5,34.5,34.5,1500
ALT,20080304,36.4,36.4,36.4,36.4,110
ALT,20080303,38.2,41.5,38.2,38.2,2020
ALT,20080229,40.8,42.2,40,40.6,7610
ALT,20080228,42.2,42.2,40,42.1,11990
ALT,20080227,42.2,44.4,42.2,42.3,8940
ALT,20080226,44.8,46.6,44.4,44.9,5880
ALT,20080225,46.6,46.6,45.2,46.3,11000
ALT,20080222,45.2,48.1,45.2,45.5,11090
ALT,20080221,46.3,48.1,46.3,46.8,7480
ALT,20080220,50.3,50.3,48.1,48.8,6390
ALT,20080219,48.1,50.3,48.1,49.4,5360
ALT,20080218,48.8,50.3,48.5,49.3,8990
ALT,20080215,51.8,51.8,49.6,50.8,4360
ALT,20080214,51,51.8,49.9,51.2,4670
ALT,20080213,51,51,49.6,50.1,15600
ALT,20080212,52.1,52.1,50.7,52,12770
ALT,20080201,50.3,52.5,49.9,50.1,31190
ALT,20080131,50.3,52.5,48.1,50.7,6640
ALT,20080130,48.8,50.3,48.8,50,14000
ALT,20080129,46.3,48.8,46.3,47.1,4270
ALT,20080128,46.6,47.7,46.3,46.7,12470
ALT,20080125,49.6,49.6,47.7,48.7,3150
ALT,20080124,48.8,49.6,48.8,49.4,3490
ALT,20080123,48.1,50.7,48.1,48.3,9090
ALT,20080122,49.2,50.7,49.2,49.6,11800
ALT,20080121,51.8,51.8,51.8,21,30
ALT,20080118,53.2,53.2,50.7,21,10520
ALT,20080117,51.8,53.2,51.8,21,1860
ALT,20080116,51,53.6,51,21,7110
ALT,20080115,50.7,51,50.3,21,3300
ALT,20080114,55.4,55.4,52.1,21,9240
ALT,20080111,55.1,55.1,54.7,21,78990
ALT,20080110,55.4,55.4,52.9,21,730020
ALT,20080109,54.7,55.8,53.2,21,1950
ALT,20080108,54.7,55.1,54,21,11190
ALT,20080107,56.2,56.2,53.2,21,44420
ALT,20080104,55.4,56.2,55.1,21,5450
ALT,20080103,56.9,56.9,56.5,21,4270
ALT,20080102,57.6,57.6,56.9,21,3050
ALT,20071228,57.6,57.6,56.9,21,7570
ALT,20071227,58,58,56.9,21,3470
ALT,20071226,58.7,58.7,56.9,21,2780
ALT,20071225,58.4,58.7,58.4,21,9750
ALT,20071224,59.1,59.1,56.5,21,11550
ALT,20071221,57.3,59.1,57.3,21,4170
ALT,20071220,59.9,59.9,57.6,21,4760
ALT,20071219,58,58.4,57.6,21,8770
ALT,20071218,56.9,57.6,56.5,21,2030
ALT,20071217,57.3,58.7,57.3,21,4300
ALT,20071214,58,59.1,58,21,6290
ALT,20071213,57.6,59.1,57.6,21,4640
ALT,20071212,58,59.1,58,21,3630
ALT,20071211,59.1,59.9,58,21,7290
ALT,20071210,60.2,61,60.2,21,5750
ALT,20071207,59.1,61,59.1,21,29890
ALT,20071206,59.9,59.9,59.1,21,4700
ALT,20071205,59.9,59.9,59.5,21,4370
ALT,20071204,60.6,60.6,59.5,21,12540
ALT,20071203,60.2,60.2,59.9,21,3190
ALT,20071130,59.9,59.9,59.9,21,4110
ALT,20071129,62.1,62.1,59.9,21,11590
ALT,20071128,59.1,62.1,58.7,21,16680
ALT,20071127,59.9,59.9,58.4,21,6920
ALT,20071126,60.2,60.2,59.9,21,8260
ALT,20071123,59.1,59.5,59.1,21,6640
ALT,20071122,59.1,59.9,59.1,21,11120
ALT,20071121,59.9,61.3,59.9,21,13660
ALT,20071120,62.1,62.1,60.6,21,4050
ALT,20071119,59.9,62.1,59.9,21,15200
ALT,20071116,62.1,62.1,62.1,21,5420
ALT,20071115,61.3,62.8,60.6,21,16330
ALT,20071114,61.3,64.3,61.3,21,25530
ALT,20071113,61,63.2,59.9,21,46980
ALT,20071112,65.4,65.4,62.8,21,10000
ALT,20071109,64.6,65.4,64.3,21,36290
ALT,20071108,63.5,67.2,63.5,21,23050
ALT,20071107,66.8,66.8,65.4,21,9300
ALT,20071106,67.2,67.2,63.9,21,17750
ALT,20071105,64.6,67.6,64.6,21,43460
ALT,20071102,67.6,68.7,67.2,21,16580
ALT,20071101,68.7,68.7,67.2,21,11450
ALT,20071031,65,67.6,63.5,21,70130
ALT,20071030,67.2,67.2,64.3,21,15450
ALT,20071029,64.6,67.2,64.6,21,17050
ALT,20071026,67.9,67.9,67.2,21,14590
ALT,20071025,67.2,68.7,67.2,21,19760
ALT,20071024,67.2,69,67.2,21,18560
ALT,20071023,69.4,69.4,68.7,21,20910
ALT,20071022,67.2,68.7,67.2,21,35530
ALT,20071019,66.8,70.1,66.8,21,52730
ALT,20071018,70.1,70.1,70.1,21,35820
ALT,20071017,73.8,73.8,73.8,21,17260
ALT,20071016,77.5,78.9,77.5,21,37470
ALT,20071015,81.1,81.9,76,21,50660
ALT,20071012,76,79.7,72.3,21,65220
ALT,20071011,72.3,76,68.7,21,109560
ALT,20071010,69.4,72.3,68.7,21,52440
ALT,20071009,72.3,72.3,68.7,21,45400
ALT,20071008,71.6,73.8,70.9,21,12270
ALT,20071005,74.5,74.5,70.5,21,21130
ALT,20071004,70.1,73.1,69.4,21,25820
ALT,20071003,67.2,70.5,65,21,40530
ALT,20071002,64.6,67.2,62.1,21,37970
ALT,20071001,65,65,64.3,21,11090
ALT,20070928,64.6,65,61.3,21,91110
ALT,20070927,65.4,65.4,62.1,21,23940
ALT,20070926,62.8,65.4,62.4,21,21530
ALT,20070925,60.6,62.8,60.2,21,45540
ALT,20070924,63.5,63.5,60.2,21,52450
ALT,20070921,62.1,63.5,60.2,21,27640
ALT,20070920,64.3,64.3,62.8,21,17480
ALT,20070919,63.2,63.2,60.2,21,14300
ALT,20070918,62.8,63.2,61.3,21,16740
ALT,20070917,60.2,63.2,57.6,21,66190
ALT,20070914,59.1,60.2,59.1,21,9850
ALT,20070913,58.4,60.6,57.6,21,36760
ALT,20070912,60.6,60.6,58.4,21,20100
ALT,20070911,59.9,60.6,58.4,21,22320
ALT,20070910,60.6,61.3,59.1,21,18780
ALT,20070907,60.6,61,58.4,21,23580
ALT,20070906,60.2,61.3,58.4,21,23720
ALT,20070905,58.4,61.3,56.2,21,43550
ALT,20070904,59.9,59.9,59.1,21,1710
ALT,20070831,58.7,59.9,57.6,21,12890
ALT,20070830,59.9,59.9,56.9,21,25090
ALT,20070829,58.7,59.1,57.3,21,8230
ALT,20070828,60.6,60.6,57.6,21,14400
ALT,20070827,61.3,61.3,59.9,21,22000
ALT,20070824,61.3,61.3,58,21,25790
ALT,20070823,61.7,61.7,58.7,21,2600
ALT,20070822,62.1,62.1,59.1,21,5050
ALT,20070821,62.8,62.8,58.7,21,5470
ALT,20070820,61.3,61.7,57.6,21,6570
ALT,20070817,63.5,63.5,60.6,21,1650
ALT,20070816,61.3,63.5,61.3,21,2360
ALT,20070815,62.1,62.1,61.3,21,1940
ALT,20070814,59.1,62.1,58.7,21,3130
ALT,20070813,56.9,59.5,56.5,21,2110
ALT,20070810,59.5,59.5,59.5,21,20
ALT,20070809,59.5,59.5,59.1,21,3100
ALT,20070808,59.9,59.9,59.5,21,1750
ALT,20070807,59.9,59.9,57.6,21,3310
ALT,20070806,54.3,58.4,54.3,21,3530
ALT,20070803,57.6,57.6,56.9,21,2270
ALT,20070802,48.7,50.1,48.1,21,8051
ALT,20070801,48.3,49,47.7,21,4096
ALT,20070731,47.7,48.7,47.7,21,8015
ALT,20070730,50.2,50.2,49.1,21,424
ALT,20070727,51.1,51.1,50.2,21,3695
ALT,20070726,52.3,52.3,50.9,21,5253
ALT,20070725,53.1,53.1,52.1,21,2526
ALT,20070724,53.1,53.1,53.1,21,2538
ALT,20070723,52.3,53.1,52.3,21,1924
ALT,20070720,53.1,53.1,52.7,21,4332
ALT,20070719,51.8,53.3,51.8,21,6740
ALT,20070718,53.3,53.3,53.3,21,1381
ALT,20070717,52.1,53.3,51.8,21,9515
ALT,20070716,53.9,53.9,53.1,21,1345
ALT,20070713,53.9,53.9,53.3,21,2077
ALT,20070712,53.9,53.9,53.9,21,8724
ALT,20070711,52.3,52.3,52.3,21,9680
ALT,20070710,51.1,51.1,51.1,21,2431
ALT,20070709,50.5,51.1,50.5,21,4710
ALT,20070706,52.3,52.3,52.1,21,672
ALT,20070705,53.6,53.6,53.1,21,2986
ALT,20070704,53.6,53.6,53.6,21,1322
ALT,20070703,55.7,55.7,54.5,21,2561
ALT,20070702,52.7,54.2,52.7,21,2266
ALT,20070629,53.9,54.2,53.9,21,3010
ALT,20070628,53.6,55.4,53.6,21,3742
ALT,20070627,55.2,55.2,53.9,21,6764
ALT,20070626,56.1,56.1,55.4,21,2762
ALT,20070625,56.4,56.4,56.4,21,1097
ALT,20070622,55.2,56.4,55.2,21,3990
ALT,20070621,56.7,56.7,56.1,21,873
ALT,20070620,56.7,56.7,56.7,21,3376
ALT,20070619,56.7,57,56.7,21,2963
ALT,20070618,56.7,56.7,56.7,21,2479
ALT,20070615,57,57,56.7,21,1003
ALT,20070614,56.4,57,56.1,21,3329
ALT,20070613,54.9,56.4,54.9,21,3211
ALT,20070612,54.9,54.9,54.9,21,4025
ALT,20070611,57.6,57.6,54.5,21,2479
ALT,20070608,57.6,57.6,56.1,21,4427
ALT,20070607,56.1,57.6,56.1,21,7413
ALT,20070606,56.1,56.1,56.1,21,16810
ALT,20070605,56.1,57.9,56.1,21,9963
ALT,20070604,58.8,58.8,57.9,21,5477
ALT,20070601,55.7,58.8,55.7,21,12360
ALT,20070531,57.3,57.3,57.3,21,5501
ALT,20070530,61,61,59.2,21,5406
ALT,20070529,61.6,61.6,61,21,10483
ALT,20070528,59.8,59.8,59.8,21,6717
ALT,20070525,57.9,57.9,57.3,21,8133
ALT,20070524,57.9,57.9,57.9,21,4934
ALT,20070523,56.4,56.4,56.4,21,15712
ALT,20070522,54.5,54.9,54.5,21,4344
ALT,20070521,53.3,53.3,53.3,21,5902
ALT,20070518,50.4,51.8,50.4,21,8476
ALT,20070517,50.4,50.4,50.2,21,2266
ALT,20070516,49,49,49,21,2006
ALT,20070515,43.5,44.3,43.5,21,6910
ALT,20070514,43.2,43.5,43.2,21,10521
ALT,20070511,42.9,43.2,42.9,21,9978
ALT,20070510,42.9,43.2,42.9,21,12218
ALT,20070509,43.2,43.2,42.9,21,6380
ALT,20070508,43.2,43.2,42.1,21,12367
ALT,20070507,42,42.1,42,21,12544
ALT,20070504,41.5,42,41.5,21,2280
ALT,20070503,41.5,42,41.5,21,2742
ALT,20070502,41.5,42,41.5,21,3122
ALT,20070425,41.5,41.5,40.6,21,13711
ALT,20070424,41.5,41.5,41.5,21,2145
ALT,20070423,40.3,42,40.1,21,14119
ALT,20070420,41,41,40.1,21,8729
ALT,20070419,40.1,41,40.1,21,12625
ALT,20070418,38.9,40.1,38.9,21,7466
ALT,20070417,38,39.2,38,21,4208
ALT,20070416,38.7,38.7,38.7,21,20364
ALT,20070413,38.4,38.4,38.4,21,12490
ALT,20070412,39.6,39.6,39.1,21,9096
ALT,20070411,39.1,39.9,39.1,21,3529
ALT,20070410,39.9,40.1,39.9,21,16875
ALT,20070409,40.1,40.1,40.1,21,3651
ALT,20070406,39.1,40.1,39.1,21,9747
ALT,20070405,40.1,40.1,40.1,21,2253
ALT,20070404,38.9,40.1,38.9,21,15001
ALT,20070403,40.8,40.8,39.9,21,2443
ALT,20070402,40.6,40.8,40.1,21,14214
ALT,20070330,40.1,40.6,40.1,21,12788
ALT,20070329,39.2,40.1,39.2,21,15911
ALT,20070328,40.2,40.2,39.2,21,3991
ALT,20070327,41.1,41.1,40.2,21,1995
ALT,20070326,42.1,42.1,41.1,21,4262
ALT,20070323,41.5,42.1,41.5,21,5023
ALT,20070322,41.5,41.5,41.5,21,4344
ALT,20070321,42.4,42.4,41.5,21,9584
ALT,20070320,43,43,42.4,21,20730
ALT,20070319,42,42,42,21,13508
ALT,20070316,41,41,41,21,5959
ALT,20070315,42.1,42.1,42.1,21,10983
ALT,20070314,43.2,43.2,43.2,21,16237
ALT,20070313,42.5,42.5,42.1,21,35542
ALT,20070312,41.6,41.6,41.6,21,31618
ALT,20070309,40.7,40.7,40.7,21,32908
ALT,20070308,39.8,39.8,39.8,21,21056
ALT,20070307,38.9,38.9,38.9,21,34402
ALT,20070306,38.1,38.1,38.1,21,15707
ALT,20070305,37.6,37.6,37.3,21,12367
ALT,20070302,36.7,37.3,36.7,21,2511
ALT,20070301,37.7,37.7,37.3,21,8892
ALT,20070228,37.7,37.7,37.7,21,6937
ALT,20070228,37.7,37.7,37.7,21,6937
ALT,20070227,37.7,37.7,37.7,21,5294
ALT,20070226,37.3,37.7,37.3,21,9924
ALT,20070215,37.3,37.3,37.3,21,9503
ALT,20070214,37.6,37.6,37.3,21,4968
ALT,20070213,37.3,37.3,37.2,21,10521
ALT,20070212,37.3,37.3,37.3,21,7670
ALT,20070209,37.3,37.3,37.3,21,3217
ALT,20070208,37.3,37.3,37.3,21,12856
ALT,20070207,37.3,37.3,37.3,21,3896
