<Ticker>,<DTYYYYMMDD>,<Open>,<High>,<Low>,<Close>,<Volume>
BAS,20100729,11.9,12.4,11.9,12.3,167490
BAS,20100728,12.2,12.3,11.9,11.9,205120
BAS,20100727,12.5,12.7,12.2,12.3,191290
BAS,20100726,12.6,12.7,12.4,12.4,149590
BAS,20100723,12.8,13.2,12.7,12.8,86230
BAS,20100722,13.5,13.7,13.2,13.2,400590
BAS,20100721,13.8,13.8,13.8,13.8,203590
BAS,20100720,12.6,13.2,12.6,13.2,731800
BAS,20100719,12.6,12.7,12.5,12.6,192130
BAS,20100716,12.7,12.8,12.4,12.5,94040
BAS,20100715,12.3,12.6,12.3,12.5,115320
BAS,20100714,12.8,12.8,12.5,12.5,159580
BAS,20100713,12.9,12.9,12.4,12.6,283920
BAS,20100712,12.7,12.7,12.3,12.3,58540
BAS,20100709,12.3,12.4,12.3,12.4,82720
BAS,20100708,12.4,12.6,12.3,12.4,76100
BAS,20100707,12.5,12.7,12.3,12.4,67440
BAS,20100706,12.7,12.7,12.4,12.4,74370
BAS,20100705,13,13.1,12.8,12.8,135270
BAS,20100702,12.7,12.8,12.4,12.6,50560
BAS,20100701,12.5,12.6,12.3,12.3,54820
BAS,20100630,12.4,12.5,12.3,12.3,96780
BAS,20100629,12.9,12.9,12.8,12.8,36570
BAS,20100628,13,13.2,12.8,12.9,54780
BAS,20100625,13,13.2,12.9,12.9,72120
BAS,20100624,12.9,13.2,12.9,13.2,291130
BAS,20100623,12.5,12.7,12.5,12.6,18530
BAS,20100622,12.9,13,12.6,12.6,55030
BAS,20100621,12.4,13,12.4,13,134270
BAS,20100618,12.7,12.7,12.3,12.4,28710
BAS,20100617,12.5,12.8,12.5,12.6,37560
BAS,20100616,12.7,12.8,12.6,12.8,75300
BAS,20100615,12.7,12.8,12.5,12.6,90990
BAS,20100614,12.2,12.8,12.2,12.6,43610
BAS,20100611,12.3,12.8,12.3,12.5,55650
BAS,20100610,11.8,12.3,11.8,12.3,106860
BAS,20100609,12,12,11.8,11.8,22190
BAS,20100608,12,12,11.5,11.8,53570
BAS,20100607,12,12.1,11.8,11.8,32950
BAS,20100604,12.4,12.4,12.2,12.3,58950
BAS,20100603,12.6,12.7,12.2,12.2,66820
BAS,20100602,12.3,12.5,12.3,12.4,121330
BAS,20100601,12.2,12.9,12.2,12.3,126710
BAS,20100531,12.7,12.8,12.4,12.4,70940
BAS,20100528,13.1,13.1,12.8,13,229900
BAS,20100527,12.6,12.6,12.3,12.6,181500
BAS,20100526,12.6,12.8,12.5,12.6,38040
BAS,20100525,11.7,12.6,11.6,12.3,82160
BAS,20100524,12,12.3,11.9,12,86650
BAS,20100521,12.1,12.5,12.1,12.1,96570
BAS,20100520,12.1,12.8,12.1,12.7,87560
BAS,20100519,13.3,13.3,12.7,12.7,139410
BAS,20100518,13.1,13.3,13,13.3,95380
BAS,20100517,13.8,13.8,13.2,13.2,155200
BAS,20100514,13.2,13.8,13.2,13.8,167590
BAS,20100513,13.4,13.8,13.2,13.2,286910
BAS,20100512,13.8,13.9,13.8,13.8,137940
BAS,20100511,14.9,15.1,14.5,14.5,141070
BAS,20100510,16.1,16.1,15.2,15.2,215740
BAS,20100507,15.9,15.9,15.2,15.9,547330
BAS,20100506,14.9,15.2,14.8,15.2,263070
BAS,20100505,14.5,14.5,14.1,14.5,211370
BAS,20100504,13.8,14.2,13.7,14.2,405580
BAS,20100429,13.6,13.7,13.5,13.6,133850
BAS,20100428,13.6,13.6,13.3,13.6,77740
BAS,20100427,13.4,13.7,13.4,13.6,50830
BAS,20100426,13.5,13.9,13.4,13.5,83620
BAS,20100422,14.1,14.4,13.9,13.9,98010
BAS,20100421,13.9,14.4,13.9,14.2,227040
BAS,20100420,14.5,14.5,13.8,13.8,218030
BAS,20100419,13.9,14,13.6,14,373120
BAS,20100416,13.2,13.6,13.2,13.4,84240
BAS,20100415,13.4,13.4,13.1,13.2,60540
BAS,20100414,13.2,13.3,12.8,13,100460
BAS,20100413,13.4,13.5,13.2,13.2,27480
BAS,20100412,14.4,14.4,13.5,13.5,96640
BAS,20100409,13.5,13.8,13.2,13.8,291250
BAS,20100408,13,13.3,13,13.2,101030
BAS,20100407,13.2,13.2,12.8,13,22810
BAS,20100406,13.8,13.8,12.9,12.9,82570
BAS,20100405,13.1,13.3,12.7,13.3,162200
BAS,20100402,12.9,13.1,12.7,12.7,58010
BAS,20100401,12.8,13,12.6,13,51030
BAS,20100331,12.7,13.1,12.6,12.7,68170
BAS,20100330,12.5,12.9,12.5,12.7,11210
BAS,20100329,12.5,12.9,12.5,12.7,57790
BAS,20100326,12.6,13,12.4,12.5,295830
BAS,20100325,13.2,13.2,12.6,13,89560
BAS,20100324,13,13.2,12.6,13.2,172890
BAS,20100323,13,13.1,12.6,12.6,194230
BAS,20100322,13.4,13.4,13,13,198930
BAS,20100319,13.6,13.8,13.3,13.4,81150
BAS,20100318,13.2,13.5,13,13.5,79610
BAS,20100317,13.3,13.5,12.8,12.9,243080
BAS,20100316,13.8,13.8,13.3,13.3,201640
BAS,20100315,14.4,14.5,13.9,14,102390
BAS,20100312,14.5,14.5,14,14.3,50170
BAS,20100311,14.9,15,14.1,14.3,63410
BAS,20100310,14.8,14.8,14.5,14.8,426900
BAS,20100309,13.6,14.1,13.2,14.1,317870
BAS,20100308,13.6,13.6,13.3,13.5,33530
BAS,20100305,13.1,13.5,13,13.2,46120
BAS,20100304,13.9,14,13.5,13.5,32390
BAS,20100303,13.9,13.9,13.5,13.9,9810
BAS,20100302,13,13.5,12.7,13.5,152650
BAS,20100301,12.8,13,12.5,12.9,69830
BAS,20100226,13.3,13.3,12.8,12.8,10320
BAS,20100225,13.2,13.3,13.2,13.3,5410
BAS,20100224,13.1,13.3,13.1,13.2,17460
BAS,20100223,13.7,13.7,13.1,13.1,19960
BAS,20100222,13.5,13.5,13,13.5,15250
BAS,20100212,12.9,12.9,12.5,12.9,27500
BAS,20100211,12.5,12.5,12.4,12.4,42690
BAS,20100210,13.2,13.3,12.3,12.3,56930
BAS,20100209,12.4,12.7,12.4,12.7,17800
BAS,20100208,13,13.2,13,13,27600
BAS,20100205,13.5,14,13.5,13.6,8680
BAS,20100204,13.3,14,13.3,14,8890
BAS,20100203,13.8,13.9,13.3,13.4,12860
BAS,20100202,14,14.1,13.3,13.3,13250
BAS,20100201,13.4,14,13.4,14,23130
BAS,20100129,13.7,14.2,13.4,14.1,16590
BAS,20100128,14.5,14.5,14,14.1,7710
BAS,20100127,14.7,15.2,14,14.5,27300
BAS,20100126,14.7,14.7,14.7,14.7,8370
BAS,20100125,13.6,14.1,13.5,14,23340
BAS,20100122,13.1,13.9,13.1,13.6,19420
BAS,20100121,13.6,14.8,13.6,13.6,39650
BAS,20100120,15.4,15.4,14.3,14.3,12230
BAS,20100119,15.3,15.9,14.6,15,17120
BAS,20100118,15.3,15.4,15.3,15.3,26270
BAS,20100115,16.5,17.1,16.1,16.1,46710
BAS,20100114,16.1,16.9,15.5,16.9,137120
BAS,20100113,16.1,16.1,16.1,16.1,9310
BAS,20100112,16.9,16.9,16.9,16.9,11710
BAS,20100111,19,19,17.7,17.7,80550
BAS,20100108,18.6,18.6,18.6,18.6,31750
BAS,20100107,17.8,17.8,17.5,17.8,80440
BAS,20100106,17,17,17,17,123320
BAS,20100105,16.2,16.2,16.2,16.2,9210
BAS,20100104,15.5,15.5,15.5,15.5,7960
BAS,20091231,14.8,14.8,14.8,14.8,15020
BAS,20091230,14.1,14.1,14.1,14.1,28700
BAS,20091229,13.5,13.5,13.5,13.5,12460
BAS,20091228,12.9,12.9,12.7,12.9,36520
BAS,20091225,12.3,12.3,12,12.3,38640
BAS,20091224,11.2,11.8,11.1,11.8,45330
BAS,20091223,11.2,11.8,11.2,11.3,5330
BAS,20091222,11.8,11.9,11.6,11.6,13980
BAS,20091221,11.9,11.9,11.6,11.9,13100
BAS,20091218,11.3,11.4,11,11.4,104280
BAS,20091217,11.5,11.5,10.8,10.9,10430
BAS,20091216,11.4,11.4,11.3,11.3,20560
BAS,20091215,12,12,11.6,11.8,24100
BAS,20091214,11.1,12,11.1,11.6,30850
BAS,20091211,11.7,12.2,11.6,11.6,89310
BAS,20091210,12.2,13,12.2,12.2,58800
BAS,20091209,13.4,13.4,12.8,12.8,35580
BAS,20091208,14,14,13.4,13.4,23250
BAS,20091207,14.5,14.5,13.8,14.1,30810
BAS,20091204,13.9,14.1,13.9,13.9,26070
BAS,20091203,14.4,14.4,14,14.2,14020
BAS,20091202,14.1,14.1,14,14.1,140640
BAS,20091201,13.5,14.3,13.5,13.5,54080
BAS,20091130,13.5,13.9,13.4,13.9,26970
BAS,20091127,13.5,14.6,13.5,13.5,37340
BAS,20091126,14.2,14.2,14.2,14.2,700
BAS,20091125,15.6,15.6,14.9,14.9,44730
BAS,20091124,15,15.6,15,15.6,109650
BAS,20091123,15,15,14.8,14.9,47270
BAS,20091120,14.9,15,14.6,14.8,23740
BAS,20091119,14.5,15.2,14.5,14.9,39700
BAS,20091118,15,15,14.7,14.7,6840
BAS,20091117,15,15,14.7,15,27520
BAS,20091116,14.7,15.3,14.7,14.9,20550
BAS,20091113,14.3,15.4,14.3,15.1,39540
BAS,20091112,14.1,15,14.1,15,83560
BAS,20091111,14.3,14.8,14.3,14.3,50030
BAS,20091110,15.4,15.7,15,15,52530
BAS,20091109,15.8,16.5,15.7,15.7,18190
BAS,20091106,18,18,16.5,16.5,40680
BAS,20091105,15.8,17.3,15.8,17.3,175900
BAS,20091104,16.6,16.6,16.6,16.6,10910
BAS,20091103,17.4,18,17.4,17.4,6880
BAS,20091102,18.3,18.3,18.3,18.3,8870
BAS,20091030,20.9,20.9,19.2,19.2,92150
BAS,20091029,20.2,20.2,20.2,20.2,30430
BAS,20091028,19.4,21.2,19.3,21.2,39680
BAS,20091027,20.3,20.9,20.2,20.2,43970
BAS,20091026,21.2,22.5,21.2,21.2,60110
BAS,20091023,22.2,23,22.2,22.3,216340
BAS,20091022,23.3,23.3,23.3,23.3,253700
BAS,20091021,24,24.9,24,24.5,57000
BAS,20091020,25.7,25.7,24.8,25,162220
BAS,20091019,24.5,24.5,24,24.5,139680
BAS,20091016,25.3,25.4,23.4,23.4,144120
BAS,20091015,24.3,24.3,24.3,24.3,106540
BAS,20091014,23.3,24.3,23.2,23.2,241610
BAS,20091013,24.6,25.6,24.4,24.4,363920
BAS,20091012,28.1,28.1,25.6,25.6,110690
BAS,20091009,26.9,26.9,26.5,26.9,263240
BAS,20091008,23.3,25.7,23.3,25.7,173900
BAS,20091007,24.5,24.5,24.5,24.5,18590
BAS,20091006,25.7,25.7,25.7,25.7,3120
BAS,20091005,27,27,27,27,6220
BAS,20091002,28.4,28.4,28.4,28.4,179260
BAS,20091001,29.8,29.8,29.8,29.8,71270
BAS,20090930,28.4,28.4,28.4,28.4,18790
BAS,20090929,27.1,27.1,27.1,27.1,56600
BAS,20090928,25.9,25.9,25.9,25.9,14360
BAS,20090925,24.7,24.7,24.7,24.7,53250
BAS,20090924,23.6,23.6,23.6,23.6,29410
BAS,20090923,22.5,22.5,22.5,22.5,16670
BAS,20090922,21.5,21.5,21.5,21.5,2600
BAS,20090921,20.5,20.5,20.5,20.5,7000
BAS,20090918,19.6,19.6,19.6,19.6,29220
BAS,20090917,18.7,18.7,18.7,18.7,35290
BAS,20090916,17.9,17.9,17.9,17.9,41200
BAS,20090915,17.1,17.1,17.1,17.1,15310
BAS,20090914,16.3,16.3,16.3,16.3,41130
BAS,20090911,15.6,15.6,14.9,15.6,108820
BAS,20090910,14.9,14.9,14.9,14.9,53980
BAS,20090909,14.2,14.2,14,14.2,104550
BAS,20090908,12.6,13.6,12.6,13.6,79980
BAS,20090907,13.6,13.8,13,13,42750
BAS,20090904,13.6,13.6,13.6,13.6,82760
BAS,20090903,12,13,12,13,49580
BAS,20090901,12.2,12.4,11.9,12.4,103230
BAS,20090831,11.9,11.9,11.9,11.9,14890
BAS,20090828,11.3,11.4,11.3,11.4,83840
BAS,20090827,10.3,10.9,10.3,10.9,15440
BAS,20090826,10.6,10.7,10.4,10.7,12360
BAS,20090825,10.6,10.7,10.3,10.7,12050
BAS,20090824,10.5,10.7,10.5,10.7,8590
BAS,20090821,10.7,11,10.5,10.5,31820
BAS,20090820,11,11,10.7,10.8,14920
BAS,20090819,10.7,10.8,10.7,10.8,28570
BAS,20090818,10.5,10.7,10.3,10.3,4160
BAS,20090817,10.8,10.9,10.5,10.5,10830
BAS,20090814,11.3,11.3,10.8,10.8,8990
BAS,20090813,10.8,11.4,10.8,11.3,6710
BAS,20090812,11.4,11.4,11,11.2,7700
BAS,20090811,11.4,11.4,11.4,11.4,23900
BAS,20090810,10.5,10.9,10.5,10.9,41070
BAS,20090807,10.4,10.4,10.2,10.4,2490
BAS,20090806,10.4,10.5,10.3,10.3,9370
BAS,20090805,9.9,10.4,9.9,10.4,7430
BAS,20090804,9.8,10.4,9.8,10.4,3330
BAS,20090803,10,10.5,10,10,2790
BAS,20090731,10.5,10.5,10.4,10.4,780
BAS,20090730,10.2,10.2,10,10.1,5090
BAS,20090729,11.1,11.1,10.3,10.3,5820
BAS,20090728,10.8,10.8,10.6,10.8,19730
BAS,20090727,10.3,10.3,10.3,10.3,8830
BAS,20090724,9.9,9.9,9.9,9.9,2320
BAS,20090723,9.3,9.6,9.3,9.5,3200
BAS,20090722,9.5,9.7,9.5,9.6,5960
BAS,20090721,9.5,10,9.5,10,3680
BAS,20090720,10.5,10.5,10,10,1630
BAS,20090717,10.5,10.6,10.3,10.5,4780
BAS,20090716,10.4,10.8,10.3,10.8,5750
BAS,20090715,10.3,10.3,10.3,10.3,3600
BAS,20090714,9.9,10.8,9.9,9.9,8930
BAS,20090713,10.9,10.9,10.4,10.4,5420
BAS,20090710,10.9,11.4,10.9,10.9,1240
BAS,20090709,11.5,11.5,11,11.4,5320
BAS,20090708,11.5,11.5,11.5,11.5,810
BAS,20090707,11.5,11.5,11.5,11.5,24800
BAS,20090706,10,11,10,11,15820
BAS,20090703,10.5,10.5,10.5,10.5,7080
BAS,20090702,11.3,11.3,11,11,5910
BAS,20090701,10.8,10.8,10.8,10.8,610
BAS,20090630,11.9,11.9,11.3,11.3,1380
BAS,20090629,11.9,11.9,11.8,11.8,5090
BAS,20090626,11.5,11.5,11.5,11.5,16480
BAS,20090625,11.5,11.5,10.5,11,11440
BAS,20090624,10,11,10,11,21390
BAS,20090623,10.5,10.5,10.5,10.5,3550
BAS,20090622,11,11.5,11,11,7640
BAS,20090619,11.8,11.9,11.5,11.5,6460
BAS,20090618,11.8,12,11.8,11.8,21740
BAS,20090617,12.2,12.2,12.2,12.2,9240
BAS,20090616,12.8,12.8,12.8,12.8,7520
BAS,20090615,13.3,13.4,12.5,13.4,32620
BAS,20090612,12.8,12.8,12.6,12.8,69620
BAS,20090611,12.2,12.2,12,12.2,56250
BAS,20090610,11.7,12,11.7,11.7,47140
BAS,20090609,12.3,12.3,12.3,12.3,30690
BAS,20090608,11.8,11.8,11.8,11.8,42190
BAS,20090605,11.3,11.3,11.3,11.3,41510
BAS,20090604,10.2,10.8,10.2,10.8,79220
BAS,20090603,10.2,10.6,10.2,10.3,8990
BAS,20090602,10.7,10.7,10.4,10.6,27810
BAS,20090601,10.2,10.2,10.2,10.2,7890
BAS,20090529,9.7,10.6,9.7,9.8,12170
BAS,20090528,10.2,10.2,10.2,10.2,21840
BAS,20090527,11.3,11.3,10.7,10.7,13860
BAS,20090526,11.2,11.2,10.5,11.2,44560
BAS,20090525,10.2,10.7,10.2,10.7,31080
BAS,20090522,10.2,10.2,10.1,10.2,23760
BAS,20090521,9.8,9.8,9.8,9.8,38350
BAS,20090520,9,9.4,8.9,9.4,63650
BAS,20090519,9.1,9.2,9,9,25450
BAS,20090518,9,9,8.7,8.8,5020
BAS,20090515,8.5,8.9,8.4,8.9,8490
BAS,20090514,8.5,8.5,8.5,8.5,3390
BAS,20090513,9.2,9.2,8.7,8.7,8600
BAS,20090512,8.5,9.1,8.5,9.1,10680
BAS,20090511,9.5,9.5,8.9,8.9,140
BAS,20090508,9.3,9.3,9,9.3,2120
BAS,20090507,9.3,9.3,9,9.3,3690
BAS,20090506,8.8,9,8.8,8.9,6000
BAS,20090505,9.3,9.3,8.6,8.6,19580
BAS,20090504,9,9,9,9,2110
BAS,20090429,8.9,9,8.6,8.6,1500
BAS,20090428,8.5,9.2,8.5,8.9,2520
BAS,20090427,8.9,9.3,8.9,8.9,1420
BAS,20090424,9,9.3,9,9.3,240
BAS,20090422,8.6,9.4,8.6,9.4,480
BAS,20090421,8.9,9,8.9,9,4350
BAS,20090420,9.3,9.3,9.3,9.3,1570
BAS,20090417,9,9.7,9,9.7,1860
BAS,20090416,9.4,9.4,9.4,9.4,930
BAS,20090415,10,10,9.7,9.7,130
BAS,20090414,9.7,10.2,9.7,10.2,5180
BAS,20090413,10.1,10.2,10,10.2,12220
BAS,20090410,9.4,10,9.3,9.8,10700
BAS,20090409,9.5,9.7,9.5,9.7,850
BAS,20090408,9.4,9.4,9.4,9.4,1090
BAS,20090407,8.9,9,8.9,9,1180
BAS,20090403,8.9,8.9,8.6,8.6,5460
BAS,20090402,8.9,9,8.5,8.5,3140
BAS,20090401,8.9,8.9,8.9,8.9,300
BAS,20090331,9.3,9.3,9.3,9.3,1190
BAS,20090327,9,9.7,8.9,9.7,350
BAS,20090325,9.3,9.3,9.3,9.3,10
BAS,20090324,9.6,9.6,9.6,9.6,60
BAS,20090323,8.8,9.6,8.8,9.6,20
BAS,20090320,9.8,9.8,9.2,9.2,580
BAS,20090319,9.4,9.8,9.4,9.6,240
BAS,20090318,9.2,9.4,8.8,9.4,680
BAS,20090317,9,9,8.8,9,1750
BAS,20090316,9.4,9.4,8.6,8.6,20
BAS,20090313,8.9,9,8.9,9,1400
BAS,20090312,8.5,8.6,8.5,8.6,400
BAS,20090311,8.5,8.5,8.2,8.2,200
BAS,20090310,8,8.1,8,8.1,1330
BAS,20090309,7.2,7.8,7.2,7.8,2090
BAS,20090306,7.8,7.8,7.5,7.5,110
BAS,20090305,7.8,7.8,7.8,7.8,10
BAS,20090304,7.9,7.9,7.9,7.9,20
BAS,20090302,7.6,7.6,7.6,7.6,20
BAS,20090227,7.6,7.6,7.3,7.3,430
BAS,20090226,7.3,7.3,7.3,7.3,200
BAS,20090225,7.6,7.6,7.6,7.6,1650
BAS,20090223,7.9,7.9,7.9,7.9,10
BAS,20090220,7.6,7.6,7.6,7.6,10
BAS,20090219,7.6,7.6,7.6,7.6,10
BAS,20090217,7,7.3,7,7.3,70
BAS,20090216,6.4,7,6.4,7,1430
BAS,20090213,6.7,6.7,6.7,6.7,100
BAS,20090212,7,7,7,7,330
BAS,20090211,7.2,7.5,7.2,7.3,200
BAS,20090210,7.5,7.5,7.5,7.5,200
BAS,20090209,7.8,7.8,7.8,7.8,100
BAS,20090203,8.2,8.2,8.2,8.2,1500
BAS,20090202,8.4,8.4,8.4,8.4,40
BAS,20090123,8.1,8.1,8.1,8.1,10
BAS,20090122,8,8,7.8,7.8,210
BAS,20090121,8,8,8,8,10
BAS,20090120,7.7,7.7,7.7,7.7,60
BAS,20090119,7.9,7.9,7.9,7.9,20
BAS,20090116,8.3,8.3,8.3,8.3,30
BAS,20090115,8.7,8.7,8.7,8.7,10
BAS,20090114,8.5,9.1,8.5,9.1,1170
BAS,20090113,8.4,8.8,8.4,8.8,650
BAS,20090112,8.7,8.7,8.7,8.7,2000
BAS,20090109,9,9,8.7,8.7,1010
BAS,20090108,8.8,8.8,8.6,8.6,5310
BAS,20090107,9,9,9,9,2490
BAS,20090106,9.4,9.4,9.4,9.4,80
BAS,20090105,9.4,9.4,9.4,9.4,2030
BAS,20090102,9,9.4,9,9.4,50
BAS,20081231,9.1,9.4,8.7,9.4,80
BAS,20081230,9,9,9,9,20
BAS,20081229,9,9.3,9,9.3,320
BAS,20081226,8.9,9.1,8.9,9,3410
BAS,20081225,9.3,9.3,9.3,9.3,80
BAS,20081224,9.7,9.7,9.7,9.7,340
BAS,20081223,10.2,10.2,10.2,10.2,20
BAS,20081222,9.7,10.7,9.7,10.7,80
BAS,20081219,10.2,10.2,9.4,10.2,140
BAS,20081218,9.7,9.8,9,9.8,100
BAS,20081217,9.4,9.4,9.4,9.4,1100
BAS,20081216,9.8,9.8,9.8,9.8,30
BAS,20081215,10.4,10.4,10.3,10.3,240
BAS,20081212,10.8,10.8,10.8,10.8,500
BAS,20081211,10.8,10.8,10.3,10.3,40
BAS,20081210,10.8,10.8,10.8,10.8,30
BAS,20081209,11.8,11.8,11.3,11.3,50
BAS,20081208,11.8,11.8,11.8,11.8,20
BAS,20081205,10.8,11.8,10.8,11.8,60
BAS,20081204,11.8,11.8,11.3,11.3,30
BAS,20081203,11.8,11.8,11.8,11.8,30
BAS,20081202,12.4,12.4,12.4,12.4,20
BAS,20081201,12.4,12.4,11.8,12.4,80
BAS,20081128,12.4,12.5,11.6,12.4,160
BAS,20081127,12.2,12.2,12.2,12.2,30
BAS,20081126,12.8,12.8,12.8,12.8,10
BAS,20081125,12.8,12.8,11.7,12.8,200
BAS,20081124,12.3,12.3,12.3,12.3,20
BAS,20081124,12.3,12.3,12.3,12.3,20
BAS,20081121,12.3,12.3,12.3,12.3,70
BAS,20081120,12.2,12.3,12.2,12.3,570
BAS,20081119,11.9,11.9,10.9,11.9,1020
BAS,20081118,11.4,11.4,11.4,11.4,820
BAS,20081117,11.9,12.5,11.9,11.9,1100
BAS,20081114,12.5,12.5,12.5,12.5,1070
BAS,20081113,13.1,13.1,13.1,13.1,700
BAS,20081112,13.7,13.7,13.7,13.7,360
