<Ticker>,<DTYYYYMMDD>,<Open>,<High>,<Low>,<Close>,<Volume>
BMC,20100729,41.3,42,41.3,41.3,11360
BMC,20100728,43,43,42.5,43,6560
BMC,20100727,43.5,44,43.2,43.2,9460
BMC,20100726,44.5,44.5,43.5,43.5,6660
BMC,20100723,44.2,44.5,44.1,44.1,8310
BMC,20100722,44.4,44.6,44.4,44.4,3830
BMC,20100721,44.7,45.3,44.7,44.7,8250
BMC,20100720,45.8,45.8,45.4,45.5,7270
BMC,20100719,45.7,45.8,45.7,45.8,3870
BMC,20100716,45.5,46.5,45.5,45.7,16030
BMC,20100715,46,46,45.5,45.5,5740
BMC,20100714,46,46.1,45.7,45.8,7090
BMC,20100713,45.6,47,45.6,46,7290
BMC,20100712,45.5,45.5,45,45.4,16590
BMC,20100709,45.1,46,45.1,45.6,7140
BMC,20100708,46,46,45,45.6,4170
BMC,20100707,46,47,46,46,5150
BMC,20100706,46.6,47,46.5,46.5,7620
BMC,20100705,46.5,47,46.5,46.8,7850
BMC,20100702,47,47,46.8,47,16710
BMC,20100701,46.7,47,46.7,46.7,14480
BMC,20100630,48,48,47.5,47.8,4220
BMC,20100629,48.5,48.5,48.3,48.3,8040
BMC,20100628,49,49,48,48.5,4900
BMC,20100625,49,49,48.2,48.2,14540
BMC,20100624,49,49,48.5,48.6,8220
BMC,20100623,48.1,49.5,48.1,48.6,2400
BMC,20100622,49.8,49.8,49,49,2400
BMC,20100621,49.6,50,49.6,49.8,18440
BMC,20100618,48.5,49.6,48.4,49.6,29580
BMC,20100617,48.4,49.1,48.4,48.4,20000
BMC,20100616,50.5,50.5,48.4,48.4,15760
BMC,20100615,48.6,49.5,48.6,48.6,18920
BMC,20100614,49,49.8,48.6,48.6,11870
BMC,20100611,51,51,49,49,3370
BMC,20100610,49.7,49.9,48,49.8,9830
BMC,20100609,48.6,49.8,48.6,49.7,7890
BMC,20100608,48.5,49,48,48.3,32110
BMC,20100607,49,50,48.5,48.5,30170
BMC,20100604,51.5,51.5,51,51,14710
BMC,20100603,51.5,52,51,51,11000
BMC,20100602,50,50.5,50,50,7640
BMC,20100601,50,51.5,50,50.5,5080
BMC,20100531,49,53,49,52,44000
BMC,20100528,50.5,50.5,49.5,50.5,22620
BMC,20100527,49,49.5,48,48.5,5350
BMC,20100526,49.2,50,49.2,49.2,9130
BMC,20100525,47.5,49.5,47.5,49,8290
BMC,20100524,49.3,49.6,48,49.3,8620
BMC,20100521,47.7,47.9,47.5,47.5,33990
BMC,20100520,48.6,51,48.6,50,24930
BMC,20100519,52,52,51,51,34310
BMC,20100518,53,53.5,52.5,53.5,8370
BMC,20100517,53.5,53.5,53,53.5,13660
BMC,20100514,54.5,55,54.5,54.5,15460
BMC,20100513,53.5,55,53.5,54.5,24090
BMC,20100512,56,56,54,54,49700
BMC,20100511,56.5,57,56.5,56.5,32510
BMC,20100510,57.5,58,56,56.5,47820
BMC,20100507,57.5,57.5,56,57.5,49410
BMC,20100506,60,60,58,58.5,23290
BMC,20100505,60,60.5,58.5,58.5,34070
BMC,20100504,60,60,60,60,56860
BMC,20100429,57.5,58,57,57.5,34590
BMC,20100428,57,57.5,57,57.5,15310
BMC,20100427,57.5,57.5,57,57,22530
BMC,20100426,58,58,57.5,57.5,9990
BMC,20100422,58,59.5,57.5,58,30290
BMC,20100421,58,58,57,57,25280
BMC,20100420,57.5,58,57.5,57.5,14470
BMC,20100419,58,58,57,58,17200
BMC,20100416,58,59.5,58,58,18110
BMC,20100415,58,58.5,57,58,70060
BMC,20100414,59,59,58.5,58.5,10270
BMC,20100413,58.5,59,57.5,58,24010
BMC,20100412,59,59,58,58.5,10690
BMC,20100409,59,59.5,58,59,18290
BMC,20100408,59,60,59,59,21010
BMC,20100407,59,60,58.5,59,44340
BMC,20100406,61,61,59.5,59.5,64650
BMC,20100405,62,63,61,61,30540
BMC,20100402,61.5,63.5,61,62,87770
BMC,20100401,60.5,62,60,61,83940
BMC,20100331,58,59.5,58,59.5,128370
BMC,20100330,58.5,58.5,57,57,21500
BMC,20100329,56.5,58.5,56.5,58.5,30680
BMC,20100326,56,56.5,56,56,12870
BMC,20100325,56,56.5,56,56,16500
BMC,20100324,58,58,57,57,21790
BMC,20100323,58.5,58.5,57,57.5,11460
BMC,20100322,58,58.5,57.5,57.5,30460
BMC,20100319,59,59,57.5,57.5,21210
BMC,20100318,58,59,58,59,20760
BMC,20100317,59,59,57.5,58,27620
BMC,20100316,61,61,58,58,24050
BMC,20100315,59.5,61,59,61,83140
BMC,20100312,58,58.5,58,58.5,28920
BMC,20100311,59,59,58,58.5,7660
BMC,20100310,59,59.5,58.5,58.5,10720
BMC,20100309,60,60,58,59,16160
BMC,20100308,58.5,60,58,59,60080
BMC,20100305,58.5,58.5,55.5,57.5,20390
BMC,20100304,57.5,58,57,57.5,19680
BMC,20100303,56.5,57,56.5,56.5,8060
BMC,20100302,57,57,56,56.5,10070
BMC,20100301,56.5,57,56,57,16770
BMC,20100226,55.5,56,54,56,3890
BMC,20100225,56,56.5,55,55.5,6390
BMC,20100224,55.5,55.5,54.5,55,9260
BMC,20100223,55.5,55.5,54.5,54.5,6870
BMC,20100222,58,58,56.5,57,3330
BMC,20100212,57,57,56.5,56.5,10960
BMC,20100211,55,55.5,55,55.5,11820
BMC,20100210,54,55.5,54,55,10610
BMC,20100209,54.5,56,54,54,11590
BMC,20100208,56.5,56.5,54,55.5,15640
BMC,20100205,56,57,55,55.5,15620
BMC,20100204,57,58,56,57.5,14980
BMC,20100203,56,57,56,57,15360
BMC,20100202,56,56.5,55.5,56,17130
BMC,20100201,57,57,55.5,56,5450
BMC,20100129,55,56.5,54,56,19660
BMC,20100128,58,59,56,56,22420
BMC,20100127,59.5,59.5,58,59,54760
BMC,20100126,57,57,57,57,6270
BMC,20100125,52.5,54.5,52.5,54.5,10790
BMC,20100122,53.5,55.5,53.5,53.5,34460
BMC,20100121,56.5,56.5,54,54.5,42060
BMC,20100120,57.5,58,56.5,56.5,20210
BMC,20100119,55.5,58,55.5,57.5,18880
BMC,20100118,58,60,57,57,38360
BMC,20100115,62.5,62.5,59.5,60,29770
BMC,20100114,63.5,64,62,62.5,20740
BMC,20100113,61.5,63,59,62.5,34900
BMC,20100112,65,65,62,62,36030
BMC,20100111,63,66,63,64.5,40050
BMC,20100108,65,66,63,63,46730
BMC,20100107,63.5,65.5,63,63,60630
BMC,20100106,66,67.5,65,65,55750
BMC,20100105,72,72.5,67.5,67.5,73400
BMC,20100104,65.5,69.5,65.5,69.5,105810
BMC,20091231,66.5,66.5,64,66.5,111740
BMC,20091230,63.5,66,61,66,107240
BMC,20091229,61,63.5,59,63.5,127210
BMC,20091228,60,60.5,58,60.5,133680
BMC,20091225,58,58,58,58,6570
BMC,20091224,55.5,55.5,54,55.5,72680
BMC,20091223,53,53,53,53,52520
BMC,20091222,50.5,50.5,50.5,50.5,43360
BMC,20091221,48.1,48.1,48.1,48.1,6010
BMC,20091218,48.3,49.3,45.8,45.8,105490
BMC,20091217,49.8,49.8,47.3,47.3,47990
BMC,20091216,51,51,49.8,49.8,20220
BMC,20091215,52.5,53.5,52,52.5,27210
BMC,20091214,51.5,53,49.8,52.5,32980
BMC,20091211,51,51.5,50.5,50.5,39940
BMC,20091210,57,57,53,53,59970
BMC,20091209,56,57,55.5,55.5,77870
BMC,20091208,60,60.5,58,58,48720
BMC,20091207,60.5,62,60.5,61,39390
BMC,20091204,61.5,61.5,60.5,60.5,41030
BMC,20091203,60,61,58.5,60.5,40710
BMC,20091202,62.5,63,60.5,60.5,28230
BMC,20091201,62.5,64,62,63.5,63270
BMC,20091130,61,64,61,61,177100
BMC,20091127,59.5,65.5,59.5,64,98010
BMC,20091126,62.5,63,62.5,62.5,53230
BMC,20091125,66.5,67,65.5,65.5,75870
BMC,20091124,70,70.5,68,69,32670
BMC,20091123,70.5,71.5,70,70,212320
BMC,20091120,73,76,72,73.5,248680
BMC,20091119,72.5,72.5,72.5,72.5,51250
BMC,20091118,69,69,68.5,69,128110
BMC,20091117,64,66,63,66,102970
BMC,20091116,64.5,64.5,63,63,15210
BMC,20091113,62,64,62,63,21270
BMC,20091112,62.5,64.5,62.5,62.5,62940
BMC,20091111,60,62,60,62,17660
BMC,20091110,62,64,60,60,50530
BMC,20091109,63,64.5,62,62,46530
BMC,20091106,68,68,65,65,73670
BMC,20091105,63.5,65,62.5,65,38090
BMC,20091104,62,65,62,62,160480
BMC,20091103,65.5,65.5,65,65,56090
BMC,20091102,68.5,69,68.5,68.5,59460
BMC,20091030,72.5,73,71,72,30940
BMC,20091029,71,72.5,71,71,65030
BMC,20091028,75,75,73,74,29620
BMC,20091027,73,73.5,71,73,55650
BMC,20091026,73,75,73,74,75310
BMC,20091023,78,78,73.5,73.5,117840
BMC,20091022,77,77,76,77,55930
BMC,20091021,76.5,77.5,75,77,113090
BMC,20091020,77,77,75.5,77,51520
BMC,20091019,77,77,75,75,60910
BMC,20091016,79,82,77,77,156570
BMC,20091015,81,81,80,81,289960
BMC,20091014,72,77.5,72,77.5,219080
BMC,20091013,74,74.5,73.5,74,66570
BMC,20091012,75.5,77,75.5,75.5,81790
BMC,20091009,77,77,76,77,256370
BMC,20091008,70,73.5,69.5,73.5,75850
BMC,20091007,70.5,72,69.5,70,64240
BMC,20091006,69.5,70,68.5,69,45710
BMC,20091005,71,71,68.5,69,45870
BMC,20091002,70,72,68.5,69.5,94920
BMC,20091001,73,74.5,72,72,71390
BMC,20090930,76.5,76.5,74,74.5,69180
BMC,20090929,77,77,75,76.5,87890
BMC,20090928,79,79,76,76,122680
BMC,20090925,73,76,72,76,123040
BMC,20090924,75,75.5,72.5,72.5,120470
BMC,20090923,77,78,75,75.5,131730
BMC,20090922,76,77,74.5,75,144750
BMC,20090921,78,78.5,74,76,100780
BMC,20090918,76.5,78,76.5,78,122270
BMC,20090917,79,79,75.5,78,213320
BMC,20090916,72,75.5,72,75.5,169710
BMC,20090915,73,73,71.5,72,48810
BMC,20090914,73,74.5,72,72,71120
BMC,20090911,73,74,72.5,73,65320
BMC,20090910,72,73,72,72.5,28750
BMC,20090909,75,75,72.5,72.5,33050
BMC,20090908,71.5,73.5,70,73.5,169920
BMC,20090907,72,72,68.5,70,77010
BMC,20090904,73.5,74.5,72,72,69200
BMC,20090903,76,76,74,74,36460
BMC,20090901,75,76,74.5,76,56670
BMC,20090831,75.5,76,74.5,75,95170
BMC,20090828,76,76,73,74.5,55080
BMC,20090827,73,75.5,73,75.5,47330
BMC,20090826,71,74,71,74,99490
BMC,20090825,72,73,71,71.5,167400
BMC,20090824,74,74,72.5,73,60900
BMC,20090821,76,77,72,72,127050
BMC,20090820,76,77,75,75,65800
BMC,20090819,77.5,77.5,75,76.5,87070
BMC,20090818,73.5,78,73.5,75.5,117960
BMC,20090817,77,78.5,76,76,221440
BMC,20090814,78.5,78.5,77,78.5,488340
BMC,20090813,75,75,75,75,93150
BMC,20090812,71.5,71.5,71.5,71.5,71360
BMC,20090811,68,68,68,68,62550
BMC,20090810,64,65,64,65,49600
BMC,20090807,61,62,61,62,41480
BMC,20090806,61,63,61,61,53520
BMC,20090805,61,62,61,61,27510
BMC,20090804,62,63,61.5,62,49430
BMC,20090803,62.5,62.5,61.5,62,21310
BMC,20090731,62.5,63,61.5,61.5,19820
BMC,20090730,61,62,60.5,61.5,14580
BMC,20090729,62,63,61.5,61.5,27860
BMC,20090728,63.5,65,63.5,63.5,46330
BMC,20090727,66,67.5,66,66.5,45570
BMC,20090724,66.5,66.5,64,66.5,59390
BMC,20090723,59.5,63.5,59.5,63.5,25720
BMC,20090722,61.5,61.5,60.5,60.5,14750
BMC,20090721,61,61,60,61,14140
BMC,20090720,60,60,58,59.5,27640
BMC,20090717,60,62,60,61,11090
BMC,20090716,64,64,61,62,18270
BMC,20090715,60,62,60,62,13180
BMC,20090714,62,62.5,60,60,31960
BMC,20090713,63.5,63.5,62,62,20510
BMC,20090710,64,64,63.5,64,20100
BMC,20090709,64,64.5,64,64,13590
BMC,20090708,63.5,65,63.5,64.5,18750
BMC,20090707,65.5,66,65,65,15910
BMC,20090706,65,66.5,64.5,66.5,33600
BMC,20090703,62,63.5,62,63.5,16560
BMC,20090702,61.5,63.5,60.5,63.5,31900
BMC,20090701,62.5,63,61.5,61.5,51200
BMC,20090630,66,66,64.5,64.5,43770
BMC,20090629,66,66,64.5,65,21970
BMC,20090626,66,68,66,66.5,23760
BMC,20090625,69,69,66,66,48770
BMC,20090624,68,68,67,68,58470
BMC,20090623,65,65,65,65,18390
BMC,20090622,69,69.5,68.5,68.5,43860
BMC,20090619,73.5,73.5,70.5,72,34360
BMC,20090618,74,74,72.5,73.5,98540
BMC,20090617,63.5,70.5,63.5,70.5,106150
BMC,20090616,67,67,67,67,41520
BMC,20090615,71.5,72,70.5,70.5,78410
BMC,20090612,77.5,78,74,74,111070
BMC,20090611,73,78,73,75,128900
BMC,20090610,76.5,76.5,76.5,76.5,51990
BMC,20090609,80,83,79,80.5,148010
BMC,20090608,83,83,82,83,70390
BMC,20090605,79,79,79,79,91340
BMC,20090604,74.5,75.5,74,75.5,113500
BMC,20090603,69,74.5,68.5,72,171460
BMC,20090602,75,76,71,71,141410
BMC,20090601,71,74,68.5,73,71280
BMC,20090529,74.5,74.5,71,71,119530
BMC,20090528,76.5,80,74.5,74.5,142210
BMC,20090527,78.5,78.5,77,78.5,208240
BMC,20090526,75,75,75,75,64990
BMC,20090525,71.5,71.5,71.5,71.5,65010
BMC,20090522,68,68,66,68,270290
BMC,20090521,65,65,65,65,64950
BMC,20090520,59,62,58,62,104800
BMC,20090519,60,60.5,58.5,59,75240
BMC,20090518,59,59,58,58.5,27310
BMC,20090515,58.5,59,57.5,59,29860
BMC,20090514,56.5,57.5,56,57,36940
BMC,20090513,60,60.5,59,59,50280
BMC,20090512,58,60,58,59.5,34230
BMC,20090511,59.5,59.5,58.5,58.5,42690
BMC,20090508,58.5,60.5,58,58,91170
BMC,20090507,59.5,60.5,58.5,60.5,80910
BMC,20090506,60.5,60.5,57.5,57.5,47210
BMC,20090505,60.5,60.5,60.5,60.5,38210
BMC,20090504,57.5,57.5,57.5,57.5,21020
BMC,20090429,53.5,56,53.5,55,48590
BMC,20090428,54,56,54,55.5,12570
BMC,20090427,53.5,55,53.5,55,32750
BMC,20090424,53.5,54,52,52.5,32050
BMC,20090423,56,57,54,54,23160
BMC,20090422,56,57.5,56,57,46820
BMC,20090421,55,55,55,55,11740
BMC,20090420,58,58,58,58,21220
BMC,20090417,61.5,63.5,61,61,34770
BMC,20090416,66,66,63,64,65890
BMC,20090415,63,64,63,63,50780
BMC,20090414,66,67,64.5,66,78330
BMC,20090413,64.5,64.5,64.5,64.5,47360
BMC,20090410,61.5,61.5,61,61.5,62540
BMC,20090409,61,61,58.5,58.5,39780
BMC,20090408,60.5,64,60.5,60.5,92570
BMC,20090407,60.5,63.5,59.5,63.5,80370
BMC,20090403,59.5,60.5,59,60.5,96500
BMC,20090402,58,58,56.5,57.5,39730
BMC,20090401,56,56,55,56,28720
BMC,20090331,54,55,53,53.5,42610
BMC,20090330,55.5,57.5,54.5,55,45680
BMC,20090327,59.5,59.5,57.5,57.5,65580
BMC,20090326,57.5,58,56,57.5,40050
BMC,20090325,54,57.5,54,56,68380
BMC,20090324,55,55,55,55,8760
BMC,20090323,55,55,52.5,52.5,29800
BMC,20090320,55,56.5,54,55,31490
BMC,20090319,58,58,55,55,86200
BMC,20090318,55.5,55.5,55.5,55.5,37770
BMC,20090317,52,53,52,53,39270
BMC,20090316,51.5,51.5,50.5,50.5,19010
BMC,20090313,53,53,51.5,51.5,25190
BMC,20090312,51.5,54,51.5,52,38830
BMC,20090311,53,53.5,51.5,53.5,55320
BMC,20090310,49.8,51.5,49.8,51,32090
BMC,20090309,51.5,52.5,51,51.5,32330
BMC,20090306,48.8,51.5,47.8,51.5,50630
BMC,20090305,50.5,50.5,48.3,50.5,34080
BMC,20090304,48.3,49.3,47.8,47.8,38410
BMC,20090303,47.8,48.3,46.1,48.3,109810
BMC,20090302,45.9,46.1,45.9,46.1,59460
BMC,20090227,42.5,43.8,42.5,43.8,26380
BMC,20090226,41.5,41.6,39.5,41.6,305560
BMC,20090225,39.5,39.5,39.4,39.5,69390
BMC,20090224,37.5,38,37.5,37.5,49480
BMC,20090223,40.5,41,39.6,39.6,25920
BMC,20090220,43.5,44,41.8,41.8,242010
BMC,20090219,45.6,47,44.1,44.1,42330
BMC,20090218,46.4,46.4,46.4,46.4,13340
BMC,20090217,51,51,48.8,48.8,29420
BMC,20090216,52,52,51,51.5,15430
BMC,20090213,51.5,52.5,51.5,52,16420
BMC,20090212,53,53,51.5,52,10350
BMC,20090211,52,53,51.5,52.5,16290
BMC,20090210,52,53.5,51,53.5,46630
BMC,20090209,52,52,51,52,17930
BMC,20090206,47.8,49.3,46.6,49.3,26880
BMC,20090205,51,51,48.8,48.8,21030
BMC,20090204,52,55,51.5,51.5,22180
BMC,20090203,54.5,54.5,54,54,22440
BMC,20090202,58,58,56.5,56.5,16270
BMC,20090123,59,59.5,59,59.5,8450
BMC,20090122,59,60.5,59,59,14350
BMC,20090121,59.5,60,59,59,45500
BMC,20090120,61.5,62,61.5,61.5,4930
BMC,20090119,62.5,63,62.5,62.5,15700
BMC,20090116,63.5,64,63,63,11620
BMC,20090115,63,64,63,63.5,6350
BMC,20090114,63,64.5,63,63.5,8440
BMC,20090113,63,64,63,63,19470
BMC,20090112,65.5,65.5,64.5,65,5750
BMC,20090109,66,66,64.5,64.5,9140
BMC,20090108,65,66,65,65,14400
BMC,20090107,66,66.5,65.5,66.5,20980
BMC,20090106,65.5,66,65,65,20490
BMC,20090105,65,65.5,65,65.5,8560
BMC,20090102,66.5,66.5,65.5,66,10930
BMC,20081231,66,66,65,66,18370
BMC,20081230,64.5,66,64,66,18840
BMC,20081229,63,64,63,64,9310
BMC,20081226,63.5,64,63,64,16490
BMC,20081225,65,65,64,64,8300
BMC,20081224,65,65,63.5,65,9700
BMC,20081223,63.5,65,63.5,63.5,17520
BMC,20081222,67,68,65,65,21870
BMC,20081219,65.5,67,65.5,66,16590
BMC,20081218,66,67.5,66,66.5,10210
BMC,20081217,65.5,67,64,66,21170
BMC,20081216,67,67,65.5,65.5,20460
BMC,20081215,69.5,69.5,67,69,28650
BMC,20081212,65.5,66.5,65.5,66.5,43730
BMC,20081211,61,63.5,61,63.5,12450
BMC,20081210,64,64,62,62.5,12050
BMC,20081209,63,66,63,64,19170
BMC,20081208,66.5,66.5,63,63,42800
BMC,20081205,67.5,67.5,65.5,66,30440
BMC,20081204,70,70,68.5,69,19030
BMC,20081203,69,70,68,68.5,13260
BMC,20081202,69,69,67,69,27290
BMC,20081201,67,69.5,66,67,29880
BMC,20081128,67,67,67,67,11780
BMC,20081127,64,67,64,64,57880
BMC,20081126,67,70,67,67,34850
BMC,20081125,70.5,70.5,67,70.5,39000
BMC,20081124,67,68,66,67,18380
BMC,20081124,67,68,66,67,18380
BMC,20081121,66,66.5,63.5,66,28750
BMC,20081120,66.5,69,66,66.5,62820
BMC,20081119,69.5,72,69,69.5,24000
BMC,20081118,70,72,70,70,30320
BMC,20081117,73.5,75.5,73,73.5,29580
BMC,20081114,74.5,74.5,74.5,74.5,61920
BMC,20081113,71,71,66,71,48310
BMC,20081112,67.5,67.5,66,67.5,63250
BMC,20081111,69.5,70.5,69.5,69.5,67480
BMC,20081110,73,76,73,73,98690
BMC,20081107,77,77,77,77,5620
BMC,20081106,81,87,81,81,85080
BMC,20081105,85,85,85,85,4230
BMC,20081104,81,81,76,81,35060
BMC,20081103,77,78,73.5,77,41520
BMC,20081031,75,75,71.5,75,36470
BMC,20081030,71.5,73,69,71.5,27840
BMC,20081029,71.5,72.5,66,71.5,125530
BMC,20081028,69,69,69,69,29180
BMC,20081027,72.5,72.5,72.5,72.5,2210
BMC,20081024,76.5,76.5,76.5,76.5,14800
BMC,20081023,80.5,80.5,80.5,80.5,6100
BMC,20081022,84.5,88,84.5,84.5,38270
BMC,20081021,89,91,88,89,54820
BMC,20081020,88.5,91,88.5,88.5,36790
BMC,20081017,93,94.5,90,93,38380
BMC,20081016,90,94,89.5,90,61360
BMC,20081015,94,94,90,94,126480
BMC,20081014,89.5,89.5,89.5,89.5,31410
BMC,20081013,88,93,85,85,79410
BMC,20081010,89.5,89.5,89.5,89.5,19270
BMC,20081009,94,103,94,94,145050
BMC,20081008,99,99,99,99,14460
BMC,20081007,104,104,104,104,7800
BMC,20081006,109,110,109,109,46070
BMC,20081003,112,116,112,114,37440
BMC,20081002,116,117,112,116,70600
BMC,20081001,114,115,107,112,123950
BMC,20080930,112,112,112,112,680
BMC,20080929,113,124,112,118,155500
BMC,20080926,118,118,118,118,26170
BMC,20080925,113,113,111,113,59400
BMC,20080924,108,108,103,108,84820
BMC,20080923,103,103,99,103,187860
BMC,20080922,98,98,98,98,830
BMC,20080919,94,94,94,94,37170
BMC,20080918,89.5,89.5,89.5,89.5,49360
BMC,20080917,94,95,94,94,83960
BMC,20080916,99,99,99,99,74250
BMC,20080915,104,114,104,104,187510
BMC,20080912,109,109,109,109,5120
BMC,20080911,115,115,115,115,12390
BMC,20080910,121,121,121,121,13090
BMC,20080909,127,127,127,127,34660
BMC,20080908,133,133,133,133,12180
BMC,20080905,140,140,140,140,25860
BMC,20080904,147,151,147,147,109260
BMC,20080903,155,155,148,155,91610
BMC,20080829,148,148,148,148,41240
BMC,20080828,164,164,156,156,121270
BMC,20080827,164,164,148,164,186250
BMC,20080826,156,156,156,156,13460
BMC,20080825,149,149,149,149,2970
BMC,20080822,142,142,142,142,72930
BMC,20080821,135,135,135,135,4490
BMC,20080820,129,129,129,129,8130
BMC,20080819,123,123,123,123,4060
BMC,20080818,117,117,117,117,2070
BMC,20080815,112,112,112,112,130
BMC,20080814,109,109,109,109,18530
BMC,20080813,106,106,105,106,145450
BMC,20080812,103,103,103,103,4120
BMC,20080811,100,100,100,100,5290
BMC,20080808,97,97,95,97,113660
BMC,20080807,94.5,92,91,92,63750
BMC,20080806,91,92,91,92,63750
BMC,20080805,89.5,89.5,85,89.5,285730
BMC,20080804,87,87,87,87,2600
BMC,20080801,84.5,84.5,84.5,84.5,4600
BMC,20080731,82,82,82,82,20080
BMC,20080730,79.5,79.5,79.5,79.5,5080
BMC,20080729,77.5,77.5,77.5,77.5,80
BMC,20080728,75.5,75.5,75.5,75.5,1100
BMC,20080725,73.5,73.5,73.5,73.5,25420
BMC,20080724,71.5,71.5,71.5,71.5,21120
BMC,20080723,65.5,69.5,65.5,69.5,106220
BMC,20080722,67.5,67.5,67.5,67.5,10760
BMC,20080721,73.5,73.5,69.5,69.5,181970
BMC,20080718,71.5,71.5,71.5,71.5,15500
BMC,20080717,69.5,69.5,69.5,69.5,1260
BMC,20080716,67.5,67.5,67.5,67.5,14700
BMC,20080715,65.5,65.5,65.5,65.5,530
BMC,20080714,63.5,63.5,63.5,63.5,700
BMC,20080711,61.5,61.5,61.5,61.5,130
BMC,20080710,60,60,60,60,1650
BMC,20080709,58.5,58.5,58.5,58.5,280
BMC,20080708,57,57,56.5,57,65050
BMC,20080707,58,58,55,55.5,80330
BMC,20080704,56.5,56.5,56.5,56.5,3090
BMC,20080703,55,55,55,55,7050
BMC,20080702,53.5,53.5,53.5,53.5,4280
BMC,20080701,52,52,52,52,1100
BMC,20080630,50.5,50.5,50.5,50.5,4720
BMC,20080627,46.5,48.8,46,48.8,52100
BMC,20080626,47.5,47.5,44.5,47.5,72870
BMC,20080625,46,46,46,46,3790
BMC,20080624,44.5,44.5,44.5,44.5,3930
BMC,20080623,42.5,43.4,42.5,43.4,31960
BMC,20080620,42,42,42,42,8230
BMC,20080619,43.5,43.5,43.5,43.5,30120
BMC,20080618,47,47,45,45,80370
BMC,20080617,45,46,45,46,1710
BMC,20080616,45,45,45,45,6480
BMC,20080613,44,44,44,44,8880
BMC,20080612,43.4,43.4,43.4,43.4,2680
BMC,20080611,40.7,42.5,40.7,42.5,24260
BMC,20080610,41.6,41.6,41.6,41.6,750
BMC,20080609,42.5,42.5,42.5,42.5,540
BMC,20080606,43.5,43.5,43.5,43.5,5860
BMC,20080605,44.5,44.5,44.5,44.5,10
BMC,20080604,45.5,45.5,45.5,45.5,1070
BMC,20080603,47.5,47.5,46.5,46.5,1350
BMC,20080602,47.5,47.5,47.5,47.5,170
BMC,20080530,47.8,47.8,47.8,47.8,11730
BMC,20080526,48.8,48.8,48.8,48.8,3880
BMC,20080522,51.5,51.5,51.5,51.5,5460
BMC,20080521,52.5,52.5,52.5,52.5,4880
BMC,20080520,53.5,53.5,53.5,53.5,680
BMC,20080519,54.5,54.5,54.5,54.5,6150
BMC,20080516,55.5,55.5,55.5,55.5,1630
BMC,20080515,56.5,56.5,56.5,56.5,520
BMC,20080514,58,58,58,58,50
BMC,20080513,60,60,59,59,720
BMC,20080512,60,60,60,60,20
BMC,20080509,61,61,61,61,730
BMC,20080508,62,62,62,62,3670
BMC,20080507,63,63,63,63,3850
BMC,20080506,64,64,64,64,1210
BMC,20080505,65.5,65.5,65.5,65.5,9240
BMC,20080429,70,70,67,67,11100
BMC,20080428,68.5,71.5,68.5,68.5,27100
BMC,20080425,70,70,70,70,7610
BMC,20080424,71.5,71.5,71.5,71.5,5570
BMC,20080423,73,73,73,73,2400
BMC,20080422,74,74,74,74,1040
BMC,20080421,75.5,75.5,75.5,75.5,1870
BMC,20080418,77,78.5,77,77,16980
BMC,20080417,75.5,78.5,75.5,78.5,29380
BMC,20080416,77,77,77,77,2710
BMC,20080411,78.5,78.5,78.5,78.5,1420
BMC,20080410,80,80,80,80,3940
BMC,20080409,82,82,81.5,81.5,14730
BMC,20080408,83.5,83.5,80.5,83,74990
BMC,20080407,82,82,82,82,2650
BMC,20080404,80.5,80.5,80.5,80.5,220
BMC,20080403,80,80,80,80,350
BMC,20080402,79,79,79,79,730
BMC,20080401,78.5,78.5,78.5,78.5,450
BMC,20080331,78,78,78,78,2230
BMC,20080328,77,77,77,77,5030
BMC,20080327,75,76.5,75,76.5,44280
BMC,20080326,75.5,75.5,75.5,75.5,27920
BMC,20080325,80,80,80,80,3440
BMC,20080324,84,84,84,84,4740
BMC,20080321,88.5,88.5,88.5,88.5,5540
BMC,20080320,93.5,93.5,93.5,93.5,25630
BMC,20080319,99,104,99,99,48330
BMC,20080318,104,104,104,104,13550
BMC,20080317,110,110,110,110,23290
BMC,20080314,118,118,115,115,21260
BMC,20080313,122,122,118,120,10180
BMC,20080312,119,123,119,120,29150
BMC,20080311,122,122,119,119,43340
BMC,20080310,137,137,125,125,103700
BMC,20080307,130,130,130,130,8590
BMC,20080306,124,124,124,124,52340
BMC,20080305,118,118,118,118,6280
BMC,20080304,125,125,125,125,3910
BMC,20080303,131,131,131,131,8440
BMC,20080229,138,139,138,138,27760
BMC,20080228,152,153,145,145,19820
BMC,20080227,148,159,148,152,33800
BMC,20080226,158,158,156,156,26610
BMC,20080225,160,164,160,164,25680
BMC,20080222,156,156,156,156,35040
BMC,20080221,164,164,164,164,15580
BMC,20080220,182,182,173,173,21730
BMC,20080219,177,183,177,182,14920
BMC,20080218,183,189,183,183,28220
BMC,20080215,192,193,186,192,14970
BMC,20080214,192,194,191,193,17800
BMC,20080213,196,196,190,190,19330
BMC,20080212,204,204,195,200,17170
BMC,20080201,198,199,197,199,47040
BMC,20080131,190,190,183,190,48690
BMC,20080130,183,183,183,183,5530
BMC,20080129,168,175,168,175,15470
BMC,20080128,165,167,165,166,11190
BMC,20080125,159,168,159,165,10070
BMC,20080124,168,173,166,166,21410
BMC,20080123,177,177,171,171,20700
BMC,20080122,180,183,180,180,16280
BMC,20080121,188,190,186,187,8850
BMC,20080118,186,188,183,188,8750
BMC,20080117,195,195,185,185,17000
BMC,20080116,189,189,183,189,49800
BMC,20080115,180,180,180,180,12000
BMC,20080114,199,199,189,189,85420
BMC,20080111,196,202,196,199,20920
BMC,20080110,197,199,196,196,22620
BMC,20080109,215,215,206,206,49120
BMC,20080108,215,216,213,214,20990
BMC,20080107,226,226,215,215,33500
BMC,20080104,223,226,223,226,4810
BMC,20080103,230,230,226,228,11090
BMC,20080102,230,234,230,230,4400
BMC,20071228,230,233,230,230,3730
BMC,20071227,230,231,230,230,11080
BMC,20071226,230,230,228,230,7940
BMC,20071225,229,230,228,229,6330
BMC,20071224,227,233,227,230,6270
BMC,20071221,236,236,233,233,5590
BMC,20071220,240,240,223,230,21030
BMC,20071219,220,230,220,230,20080
BMC,20071218,230,230,220,220,13410
BMC,20071217,233,233,230,230,6240
BMC,20071214,242,242,233,233,5920
BMC,20071213,245,245,238,238,4580
BMC,20071212,233,248,233,246,10540
BMC,20071211,243,243,237,237,10970
BMC,20071210,244,246,244,244,9580
BMC,20071207,246,247,244,246,11440
BMC,20071206,244,248,244,244,13620
BMC,20071205,248,249,248,248,9750
BMC,20071204,249,250,247,249,17910
BMC,20071203,246,250,246,248,10140
BMC,20071130,250,252,248,248,15710
BMC,20071129,253,254,253,253,11170
BMC,20071128,256,256,255,255,20310
BMC,20071127,258,258,255,258,51490
BMC,20071126,250,250,247,250,27570
BMC,20071123,256,256,244,244,84410
BMC,20071122,164,168,163,165,66702
BMC,20071121,165,167,163,164,75149
BMC,20071120,170,170,168,168,47691
BMC,20071119,171,173,171,172,40893
BMC,20071116,171,175,171,174,32696
BMC,20071115,176,176,173,173,26075
BMC,20071114,171,178,171,178,63274
BMC,20071113,176,177,170,170,45969
BMC,20071112,182,184,179,179,53591
BMC,20071109,189,189,182,185,93380
BMC,20071108,191,191,191,191,70911
BMC,20071107,183,184,181,182,38862
BMC,20071106,177,184,176,184,78283
BMC,20071105,176,177,175,176,56064
BMC,20071102,178,178,175,176,25574
BMC,20071101,179,179,178,178,36287
BMC,20071031,170,179,170,179,55460
BMC,20071030,173,173,170,170,36920
BMC,20071029,175,183,173,173,30107
BMC,20071026,175,176,175,175,32108
BMC,20071025,178,179,177,177,35992
BMC,20071024,176,184,176,178,69807
BMC,20071023,181,182,178,178,40731
BMC,20071022,184,184,183,183,33771
BMC,20071019,178,184,175,184,78562
BMC,20071018,183,185,180,180,118469
BMC,20071017,195,195,185,185,134700
BMC,20071016,193,193,193,193,42261
BMC,20071015,183,183,179,183,135612
BMC,20071012,175,175,171,175,220649
BMC,20071011,168,168,165,166,73824
BMC,20071010,165,165,164,165,44660
BMC,20071009,165,166,164,164,26913
BMC,20071008,171,171,168,170,93307
BMC,20071005,155,163,155,163,38465
BMC,20071004,157,157,155,155,46911
BMC,20071003,158,160,158,158,43865
BMC,20071002,160,160,159,160,65658
BMC,20071001,165,165,161,161,41128
BMC,20070928,159,161,159,160,39745
BMC,20070927,160,160,159,159,30107
BMC,20070926,161,162,160,160,31607
BMC,20070925,158,160,158,159,38891
BMC,20070924,161,163,160,160,52561
BMC,20070921,160,163,160,161,87333
BMC,20070920,163,163,160,161,79681
BMC,20070919,165,165,163,163,135288
BMC,20070918,158,163,158,163,55298
BMC,20070917,155,156,153,155,56093
BMC,20070914,153,153,150,153,137628
BMC,20070913,158,158,153,153,108154
BMC,20070912,160,161,158,158,51296
BMC,20070911,161,163,160,160,48294
BMC,20070910,163,165,161,161,76032
BMC,20070907,165,165,165,165,30107
BMC,20070906,161,168,161,165,59051
BMC,20070905,165,166,163,163,68983
BMC,20070904,169,169,166,166,66408
BMC,20070831,170,171,166,169,97265
BMC,20070830,170,170,162,170,92674
BMC,20070829,158,168,158,161,241676
BMC,20070828,166,174,165,165,203594
BMC,20070827,174,174,174,174,71028
BMC,20070824,166,166,165,166,76193
BMC,20070823,151,158,150,158,149841
BMC,20070822,151,151,149,151,92468
BMC,20070821,144,144,141,144,77812
BMC,20070820,137,137,134,137,124193
BMC,20070817,145,145,137,139,90055
BMC,20070816,130,142,130,141,94528
BMC,20070815,133,135,133,135,68439
BMC,20070814,124,129,124,129,67556
BMC,20070813,123,123,119,123,87656
BMC,20070810,120,120,109,120,133110
BMC,20070809,115,115,115,115,2619
BMC,20070808,109,109,109,109,7210
BMC,20070807,104,104,104,104,14406
BMC,20070806,99,99,99,99,47220
BMC,20070803,97,97,93.5,94.5,40216
BMC,20070802,103,103,98,98,132330
BMC,20070801,98,98,98,98,57815
BMC,20070731,93,93,93,93,69704
BMC,20070730,98,98,98,98,11051
BMC,20070727,105,105,103,103,71558
BMC,20070726,111,111,109,109,23073
BMC,20070725,120,120,115,115,20100
BMC,20070724,120,120,120,120,43526
BMC,20070723,115,118,115,118,110523
BMC,20070720,121,121,121,121,55092
BMC,20070719,130,130,127,127,48265
BMC,20070718,134,135,133,133,39450
BMC,20070717,133,133,133,133,56946
BMC,20070716,137,137,135,135,27737
BMC,20070713,140,140,140,140,32505
BMC,20070712,142,142,139,139,47808
BMC,20070711,145,145,144,144,50693
BMC,20070710,146,147,145,145,36934
BMC,20070709,144,144,143,143,73147
BMC,20070706,148,148,147,147,60154
BMC,20070705,154,154,148,150,61670
BMC,20070704,152,154,152,154,59845
BMC,20070703,145,147,145,147,108478
BMC,20070702,160,160,153,153,80446
BMC,20070629,157,160,157,160,55975
BMC,20070628,159,159,157,157,62435
BMC,20070627,160,166,160,164,120250
BMC,20070626,165,165,165,165,12787
BMC,20070625,173,173,173,173,8799
BMC,20070622,188,188,182,182,84728
BMC,20070621,182,182,182,182,23220
BMC,20070620,173,173,173,173,52841
BMC,20070619,165,165,165,165,67762
BMC,20070618,143,158,143,158,93513
BMC,20070615,150,150,150,150,14965
BMC,20070614,158,158,158,158,3885
BMC,20070613,166,166,166,166,6769
BMC,20070612,175,175,175,175,50516
BMC,20070611,167,184,167,184,130388
BMC,20070608,175,175,175,175,7416
BMC,20070607,167,167,167,167,2634
BMC,20070606,159,159,159,159,2075
BMC,20070605,150,152,150,152,132
BMC,20070604,145,145,145,145,4488
BMC,20070601,138,138,138,138,12993
BMC,20070531,131,131,131,131,589
BMC,20070530,125,125,125,125,147
BMC,20070529,120,120,120,120,15
BMC,20070528,114,114,114,114,162
BMC,20070525,108,108,108,108,147
BMC,20070524,103,103,103,103,44
BMC,20070523,98,98,98,98,147
BMC,20070522,93.5,93.5,93.5,93.5,486
BMC,20070521,28,28,28,28,49089
BMC,20070518,26.6,26.6,26.6,26.6,32755
BMC,20070517,25.1,25.1,25.1,25.1,77606
BMC,20070516,24,24,24,24,158876
BMC,20070515,22.8,22.8,22.8,22.8,4459
BMC,20070514,21.6,21.6,21.6,21.6,2251
BMC,20070511,20.4,20.4,20.4,20.4,42335
BMC,20070510,19.3,19.3,19.3,19.3,136627
BMC,20070509,17.7,18.3,17.7,18.3,126651
BMC,20070508,17.3,17.3,17.3,17.3,95220
BMC,20070507,16.3,17,16.3,17,142984
BMC,20070504,15.9,16.1,15.9,16.1,31431
BMC,20070503,16.9,16.9,16,16,122545
BMC,20070502,16,16,16,16,26443
BMC,20070425,15.1,15.1,15.1,15.1,45160
BMC,20070424,14.3,14.3,14.3,14.3,165586
BMC,20070423,15.1,15.1,14.9,14.9,142278
BMC,20070420,15.8,15.9,15.7,15.9,120161
BMC,20070419,16.6,16.6,16.6,16.6,33991
BMC,20070418,15.9,16.8,15.9,16.8,49398
BMC,20070417,15.9,16.1,15.9,15.9,88951
BMC,20070416,17.7,17.7,16.6,16.6,81226
BMC,20070413,16.6,17.3,16.6,17.3,49177
BMC,20070412,18.3,18.3,16.6,16.6,197547
BMC,20070411,17.4,17.4,17.4,17.4,33241
BMC,20070410,16.4,16.4,16.4,16.4,87053
BMC,20070409,15.1,15.6,15.1,15.6,59418
BMC,20070406,14.6,14.8,14.6,14.8,48294
BMC,20070405,14.6,14.6,14.6,14.6,91423
BMC,20070404,14.8,14.8,14.6,14.6,74869
BMC,20070403,14.8,14.8,14.8,14.8,87009
BMC,20070402,14.8,15.1,14.8,14.9,60610
BMC,20070330,15.1,15.4,15.1,15.4,282922
BMC,20070329,14.5,14.5,14.5,14.5,66437
BMC,20070328,13.7,13.7,13.7,13.7,44454
BMC,20070327,13,13,13,13,55799
BMC,20070326,12.3,12.3,12.3,12.3,36772
BMC,20070323,11.6,11.6,11.6,11.6,46440
BMC,20070322,10.9,10.9,10.9,10.9,147487
BMC,20070321,11.6,11.6,11.6,11.6,29930
BMC,20070320,12.4,12.4,12.3,12.3,71558
BMC,20070319,14.6,14.6,13.1,13.1,41496
BMC,20070316,13.9,13.9,13.9,13.9,116453
BMC,20070315,13.1,13.1,13.1,13.1,3046
BMC,20070314,12.4,12.4,12.4,12.4,6313
BMC,20070314,12.4,12.4,12.4,12.4,6313
BMC,20070313,11.1,11.7,11.1,11.7,6798
BMC,20070312,11.1,11.1,11.1,11.1,4061
BMC,20070309,10.4,10.4,10.4,10.4,28915
BMC,20070308,9.9,9.9,9.9,9.9,32799
BMC,20070307,9.3,9.3,9.3,9.3,2869
BMC,20070306,8.7,8.7,8.7,8.7,2649
BMC,20070305,8.2,8.2,8.2,8.2,20130
BMC,20070302,7.7,7.7,7.7,7.7,9182
BMC,20070301,7.3,7.3,7.3,7.3,2649
