<Ticker>,<DTYYYYMMDD>,<Open>,<High>,<Low>,<Close>,<Volume>
BMI,20100729,19.4,19.5,18.7,19.4,19890
BMI,20100728,20.1,20.1,19.3,19.3,21160
BMI,20100727,20.3,20.3,20.1,20.3,166030
BMI,20100726,19.4,19.4,19.4,19.4,91260
BMI,20100723,19.7,19.7,18.4,18.5,111630
BMI,20100722,19.7,19.7,19,19.1,126530
BMI,20100721,20.1,20.1,19.1,20,54070
BMI,20100720,20.2,20.2,19.6,20,7260
BMI,20100719,19.9,20.1,19,19.8,42800
BMI,20100716,20.6,20.6,19.6,19.9,39520
BMI,20100715,20.5,20.6,20.5,20.5,1280
BMI,20100714,21,21,19.8,20.7,22110
BMI,20100713,20.6,20.8,19.9,20.7,53340
BMI,20100712,20,20,19.9,19.9,4320
BMI,20100709,20,20.5,20,20,6310
BMI,20100708,20.7,20.7,19.8,20,23800
BMI,20100707,20,20.3,20,20,11050
BMI,20100706,20,20.1,19.6,19.8,42870
BMI,20100705,20.2,20.4,20,20.1,7900
BMI,20100702,20.5,20.6,20,20.5,6260
BMI,20100701,20.6,20.6,20.5,20.5,33570
BMI,20100630,20.9,21.4,20.2,21.4,13660
BMI,20100629,20.6,21,20.5,21,10440
BMI,20100628,19.9,20.9,19.9,20.9,11030
BMI,20100625,21.2,21.2,20.5,20.5,7150
BMI,20100624,21.4,21.4,20.8,20.8,14460
BMI,20100623,21,21,20.9,20.9,7320
BMI,20100622,22.4,22.4,21,21,32340
BMI,20100621,20.9,21.9,20.9,21.9,21060
BMI,20100618,21.5,21.5,20.9,20.9,2600
BMI,20100617,21.2,21.2,21.1,21.1,138010
BMI,20100616,21.3,21.3,20.7,21.3,12430
BMI,20100615,21.5,21.5,21.3,21.3,4180
BMI,20100614,21.8,21.8,21.5,21.5,10660
BMI,20100611,21.5,21.5,21.1,21.5,8010
BMI,20100610,21.5,21.5,20.8,21.5,2500
BMI,20100609,21.5,21.8,21.5,21.5,9340
BMI,20100608,20.4,21.5,20.4,21.5,4560
BMI,20100607,21.2,21.8,21.2,21.2,31320
BMI,20100604,22,22.3,21.3,22.3,6700
BMI,20100603,22,22,21.4,22,16690
BMI,20100602,21.2,22.2,21.2,21.6,6530
BMI,20100601,22.1,22.8,21.9,21.9,9620
BMI,20100531,23,23,22.2,23,44660
BMI,20100528,23.5,23.5,22.7,23.2,46070
BMI,20100527,21.7,22.7,21,22.7,42410
BMI,20100526,22,22,20.9,21.7,123740
BMI,20100525,21.2,21.3,20.4,21.3,78220
BMI,20100524,20.3,20.7,20.1,20.7,35050
BMI,20100521,20.2,20.6,19.7,19.7,172760
BMI,20100520,20.4,20.7,19.8,20.7,34840
BMI,20100519,20.4,20.7,20.2,20.4,54600
BMI,20100518,20.2,20.8,20.2,20.8,23720
BMI,20100517,21.2,21.2,20.5,20.5,113470
BMI,20100514,20.6,21.3,20.5,21.2,18460
BMI,20100513,20.8,21.2,20.3,20.9,20880
BMI,20100512,20.1,20.8,19.9,20.4,76510
BMI,20100511,21.8,21.8,21,21,93090
BMI,20100510,21,21.7,20.7,20.8,140950
BMI,20100507,22.7,22.7,21.6,21.7,56660
BMI,20100506,22,22.8,21.8,22.8,119120
BMI,20100505,22.7,23.7,22.6,22.6,179300
BMI,20100504,24.8,24.8,23.1,23.8,203430
BMI,20100429,24.3,24.3,24.2,24.3,352900
BMI,20100428,22.6,23.1,22.1,23.1,283580
BMI,20100427,21.3,22,21,22,214310
BMI,20100426,20.6,20.9,19.8,20.9,348010
BMI,20100422,20.1,20.1,19.4,19.9,83360
BMI,20100421,19.8,20,19.5,19.8,88220
BMI,20100420,19.8,19.8,19.3,19.3,71520
BMI,20100419,19.3,19.5,19.3,19.5,46230
BMI,20100416,19.3,19.7,19.2,19.3,38660
BMI,20100415,19.3,19.4,18.8,19.4,35550
BMI,20100414,19.4,19.5,19.2,19.3,40000
BMI,20100413,19.8,19.8,19.3,19.4,36020
BMI,20100412,20.5,20.5,19,19.8,78160
BMI,20100409,20.3,20.3,19.6,19.8,90610
BMI,20100408,18.8,19.5,18.8,19.5,132830
BMI,20100407,19,19,18.6,18.6,72000
BMI,20100406,19.1,19.6,18.8,19,99430
BMI,20100405,19,19.1,19,19.1,16420
BMI,20100402,19.4,19.4,18.8,19,33350
BMI,20100401,19,19.7,18.5,19.2,46520
BMI,20100331,19.2,19.3,18.8,19,29690
BMI,20100330,19.3,19.3,18.8,18.8,770
BMI,20100329,18.8,19.3,18.8,19,2510
BMI,20100326,20.6,20.6,18.8,18.8,40330
BMI,20100325,20.3,20.6,19.8,19.8,5010
BMI,20100324,20.4,20.7,20.3,20.6,5850
BMI,20100323,21,21,20.3,20.4,3090
BMI,20100322,21,21,19.7,21,10940
BMI,20100319,21.3,21.3,20.5,20.7,2010
BMI,20100318,20.7,20.7,20.3,20.6,5320
BMI,20100317,20.6,20.8,20.5,20.5,19200
BMI,20100316,20.8,21.4,20.5,20.5,13120
BMI,20100315,22.3,22.3,20.8,21.4,3520
BMI,20100312,21.3,21.4,21,21.4,6390
BMI,20100311,21.8,21.8,21,21.3,2380
BMI,20100310,21.1,21.3,20.8,21.3,14200
BMI,20100309,21.3,21.3,21.1,21.1,8450
BMI,20100308,22.2,22.2,21.1,21.1,1670
BMI,20100305,22.3,22.3,21.8,21.8,11170
BMI,20100304,22.8,22.8,21.9,22,60740
BMI,20100303,21.8,22.1,21.8,21.8,8390
BMI,20100302,22.1,22.1,21.7,21.8,3570
BMI,20100301,21.8,21.8,21.6,21.8,13640
BMI,20100226,22,22.1,21.5,21.8,2230
BMI,20100225,21.3,21.8,21.3,21.7,3520
BMI,20100224,22.2,22.2,21.3,21.3,6350
BMI,20100223,22.4,22.4,21.3,21.3,710
BMI,20100222,21.6,22.6,21.6,21.6,4540
BMI,20100212,22.2,22.2,21.3,21.5,16510
BMI,20100211,20.7,21.2,20.6,21.2,7790
BMI,20100210,20.4,20.4,19.8,20.2,1250
BMI,20100209,21,21,19.4,19.4,6110
BMI,20100208,20.2,20.3,20.2,20.3,1520
BMI,20100205,20.8,20.8,20.2,20.2,12620
BMI,20100204,20.3,20.7,20.3,20.7,13000
BMI,20100203,20.3,20.5,20,20,4420
BMI,20100202,21.5,21.5,20.3,20.3,3370
BMI,20100201,20.1,21.1,20.1,21.1,42750
BMI,20100129,19.1,20.1,19,20.1,26930
BMI,20100128,19.3,19.3,18.4,19.1,14040
BMI,20100127,19,19.3,18.4,18.4,10250
BMI,20100126,19,19.2,19,19.1,19860
BMI,20100125,19,19.1,18.9,19.1,9630
BMI,20100122,19.7,19.8,19.3,19.7,44200
BMI,20100121,19.3,19.3,19.3,19.3,6640
BMI,20100120,19.3,19.8,19.3,19.8,9010
BMI,20100119,19.3,19.3,19.3,19.3,5170
BMI,20100118,19.3,19.4,19.2,19.2,10900
BMI,20100115,19.8,20.6,19.7,20,44430
BMI,20100114,21,21,20.8,20.8,910
BMI,20100113,20,20.1,19.6,20,13490
BMI,20100112,21,21,20,20,5790
BMI,20100111,21.3,21.3,21,21,4190
BMI,20100108,21.8,22.3,21.3,21.3,7600
BMI,20100107,21.4,22.1,21.4,21.7,8730
BMI,20100106,21.8,22.5,21.8,22.2,2360
BMI,20100105,23.3,23.3,21.8,21.8,16470
BMI,20100104,21.3,22.4,21.3,22.4,34190
BMI,20091231,20.3,21.3,20.3,21.3,38010
BMI,20091230,19.9,21.5,19.9,20.3,2620
BMI,20091229,20.8,21.4,20.4,20.5,8870
BMI,20091228,22.4,22.4,21.4,21.4,13810
BMI,20091225,20.8,21.3,20.8,21.3,13980
BMI,20091224,18.7,20.5,18.7,20.3,2510
BMI,20091223,20.8,20.8,19.5,19.5,20
BMI,20091222,20.3,20.3,20.3,20.3,4270
BMI,20091221,19.3,20.2,19.3,20.2,10520
BMI,20091218,18.8,19.2,18.8,19.2,9650
BMI,20091217,18.4,18.4,18,18.3,3100
BMI,20091216,19,19,18.8,19,7470
BMI,20091215,18.4,19.2,18.4,19.2,4260
BMI,20091214,18.4,19.8,18.4,18.4,17120
BMI,20091211,19.8,20,18.8,18.8,22540
BMI,20091210,19.3,20.8,19.3,19.8,4190
BMI,20091209,21.3,21.3,20,20,16300
BMI,20091208,22,22.1,21.1,21.1,1150
BMI,20091207,21.6,22.1,21.6,22,20180
BMI,20091204,21.1,21.2,21,21,23400
BMI,20091203,21.8,22.5,20.8,21.1,46060
BMI,20091202,22.4,23,21.8,21.8,53530
BMI,20091201,21.8,22.8,21.8,22.4,27390
BMI,20091130,21.8,21.9,21.6,21.9,26330
BMI,20091127,19,21,19,20.8,142650
BMI,20091126,20.1,20.1,20,20,104590
BMI,20091125,22.6,22.6,21.1,21.1,72570
BMI,20091124,23.3,23.3,22.2,22.2,3030
BMI,20091123,24.1,24.1,22.8,22.8,15510
BMI,20091120,23.8,23.9,23.8,23.8,12610
BMI,20091119,24.8,24.8,23.8,23.8,304450
BMI,20091118,25.5,25.5,24.8,24.8,21860
BMI,20091117,25.7,25.7,24.6,24.6,3650
BMI,20091116,25.6,25.8,25.3,25.8,19770
BMI,20091113,25.5,25.5,25.2,25.2,38560
BMI,20091112,24.7,24.7,24.7,24.7,19950
BMI,20091111,23.1,23.5,22.4,23.5,31310
BMI,20091110,22.3,22.6,22.3,22.4,27180
BMI,20091109,23.3,24.5,23.3,23.3,11660
BMI,20091106,23.3,24.5,23.3,24.5,103810
BMI,20091105,22.2,23.3,22.2,23.3,26430
BMI,20091104,23.1,24.6,22.2,22.2,99670
BMI,20091103,23.9,23.9,23.4,23.4,28050
BMI,20091102,24.7,24.7,24.6,24.6,43640
BMI,20091030,26.8,26.8,25.7,25.9,39940
BMI,20091029,25.8,26.3,25.6,25.6,19000
BMI,20091028,26.8,26.9,26.7,26.7,31920
BMI,20091027,26.8,26.8,26.2,26.2,34440
BMI,20091026,28,28.1,27.1,27.1,26150
BMI,20091023,28.8,28.8,26.9,26.9,245090
BMI,20091022,28.3,28.3,27.6,28.1,40580
BMI,20091021,27.5,27.8,27.4,27.8,50590
BMI,20091020,25.8,27.8,25.8,27.5,42680
BMI,20091019,27.3,27.8,27,27,38420
BMI,20091016,27.8,28,27,27.4,39970
BMI,20091015,28.3,28.8,28.3,28.3,41820
BMI,20091014,27.8,28.3,27.8,28.2,17330
BMI,20091013,27.7,28.3,27.7,27.8,29880
BMI,20091012,27.8,28.8,27.3,28.8,40870
BMI,20091009,28.1,28.1,27.7,27.8,17970
BMI,20091008,27.1,28.1,27.1,28.1,30040
BMI,20091007,27.2,28.1,26.8,28.1,31140
BMI,20091006,25.4,26.8,25.4,26.8,46820
BMI,20091005,26.8,27.3,25.4,25.5,87680
BMI,20091002,27.2,27.2,26.8,26.8,31220
BMI,20091001,28.2,28.2,27.9,28.2,52110
BMI,20090930,28.3,28.3,27.9,28.2,52740
BMI,20090929,28.3,28.3,27.9,27.9,58700
BMI,20090928,28.8,28.8,27.9,28.4,28490
BMI,20090925,26.9,27.9,26.9,27.6,75100
BMI,20090924,27.7,28.2,27.7,27.9,107900
BMI,20090923,29.6,29.6,29.1,29.1,21610
BMI,20090922,29.3,29.8,29.2,29.3,44470
BMI,20090921,29.8,30.8,29.6,29.8,20690
BMI,20090918,29.1,30.3,29.1,30.3,50760
BMI,20090917,31.6,31.6,29.9,30.2,15410
BMI,20090916,30.3,30.8,30.2,30.3,64370
BMI,20090915,30.4,30.8,30.3,30.8,69560
BMI,20090914,31.5,31.5,30.3,30.4,14000
BMI,20090911,32.3,32.3,31.5,31.5,12520
BMI,20090910,28.8,31.4,28.8,31.4,75390
BMI,20090909,31.1,31.1,29.8,29.9,91160
BMI,20090908,29.6,29.7,28.8,29.7,50610
BMI,20090907,28,29.1,28,28.3,9160
BMI,20090904,31.8,31.8,29.1,29.1,16250
BMI,20090903,31.3,31.4,30.5,30.5,8790
BMI,20090901,32.1,32.1,31.8,32,35380
BMI,20090831,31.8,32.1,31.8,32.1,75790
BMI,20090828,31.8,31.8,31.3,31.8,75460
BMI,20090827,30.8,31.3,30.8,31.3,36010
BMI,20090826,29.8,30.8,29.8,30.8,60020
BMI,20090825,30.9,31.3,30.6,30.6,52880
BMI,20090824,31.8,31.8,29.8,31.8,39690
BMI,20090821,29.6,30.5,29.6,30.5,112190
BMI,20090820,28.9,29.2,28.3,29,62880
BMI,20090819,28.8,29,28.8,28.9,61490
BMI,20090818,27.9,28.9,27.9,28.8,52840
BMI,20090817,28.8,29.1,28.6,28.9,25830
BMI,20090814,28.2,29.2,28.2,28.9,73660
BMI,20090813,28.4,28.8,28.4,28.8,87960
BMI,20090812,28.8,28.9,28.3,28.8,61860
BMI,20090811,27.9,28.7,27.9,28.7,44240
BMI,20090810,28.7,28.7,27.6,28.5,15780
BMI,20090807,27.5,29,27.5,27.5,26180
BMI,20090806,28.8,29.2,28.5,28.5,12370
BMI,20090805,29.5,29.5,28.1,28.8,24480
BMI,20090804,28.8,28.9,28.3,28.9,28840
BMI,20090803,29.3,29.3,28,28.3,14350
BMI,20090731,28.8,29.3,28.8,29.3,32490
BMI,20090730,28.9,28.9,27.8,28.7,48050
BMI,20090729,28.5,29.7,28.2,28.2,42200
BMI,20090728,30.2,30.2,27.7,29.7,101670
BMI,20090727,29,29,28.8,29,74590
BMI,20090724,27.6,27.6,27.6,27.6,33040
BMI,20090723,25.3,26.3,24.7,26.3,16900
BMI,20090722,25.9,25.9,25.7,25.9,50660
BMI,20090721,24.4,24.7,24.2,24.7,35910
BMI,20090720,24.8,24.8,23.5,23.5,33160
BMI,20090717,24.8,24.8,23.9,24.8,8450
BMI,20090716,24.6,24.6,23.9,24.6,13780
BMI,20090715,22.9,24.1,22.9,23.4,14070
BMI,20090714,24,24.4,22.8,22.9,66500
BMI,20090713,25.3,25.3,24,24,64880
BMI,20090710,25.1,25.3,24.6,25.3,59780
BMI,20090709,26.4,26.7,25.8,25.9,20470
BMI,20090708,25.8,26.2,25.3,26.2,37380
BMI,20090707,25.3,26.8,25.3,25.8,19160
BMI,20090706,26,26.3,26,26.3,37850
BMI,20090703,24.6,25.1,24.6,25,24400
BMI,20090702,24.3,26.9,24.3,25.9,124860
BMI,20090701,25.6,25.6,25.6,25.6,5660
BMI,20090630,28.2,28.2,27,27,54480
BMI,20090629,28.4,29.8,28.4,28.4,94320
BMI,20090626,29.9,31.3,29.9,29.9,151030
BMI,20090625,31.9,31.9,31.5,31.5,77950
BMI,20090624,31.6,33.2,31.6,33.2,166180
BMI,20090623,31.6,31.7,31.6,31.6,72260
BMI,20090622,35.9,35.9,32.5,33.3,329890
BMI,20090619,34.2,34.2,34.2,34.2,6350
BMI,20090618,32.6,32.6,32.6,32.6,11840
BMI,20090617,30.9,31,30.9,31,315020
BMI,20090616,29.5,29.8,29.5,29.5,166200
BMI,20090615,31.8,31.8,31.1,31.1,56560
BMI,20090612,33.3,33.3,30.8,32.8,112100
BMI,20090611,31.7,31.7,31.7,31.7,83480
BMI,20090610,31.8,31.8,30.2,30.2,99070
BMI,20090609,31.8,31.8,31.3,31.8,200320
BMI,20090608,30.3,30.3,30.3,30.3,54110
BMI,20090605,28.8,28.8,28.3,28.8,111200
BMI,20090604,27,28.4,26.8,27.4,100930
BMI,20090603,26.9,27.3,26.9,27,47460
BMI,20090602,26.9,26.9,26.9,26.9,34810
BMI,20090601,25.6,25.6,25.1,25.6,25280
BMI,20090529,25.7,25.7,24.4,24.4,35590
BMI,20090528,25.2,25.4,24.6,24.8,41240
BMI,20090527,26.5,26.7,25.6,25.9,63850
BMI,20090526,29,29,26.8,26.8,63710
BMI,20090525,28.2,28.2,27.8,28.2,90670
BMI,20090522,27.8,28.2,26.8,26.8,65490
BMI,20090521,28.2,28.2,27.8,28.2,171460
BMI,20090520,26.8,26.8,26.8,26.8,112030
BMI,20090519,25.5,25.5,25.4,25.5,262840
BMI,20090518,24.3,24.3,24.3,24.3,79400
BMI,20090515,23.1,23.1,22.8,23.1,71320
BMI,20090514,22.6,22.6,21.4,21.9,36740
BMI,20090513,24.4,24.4,22.3,22.6,70440
BMI,20090512,22.6,23.6,21.6,23.6,54830
BMI,20090511,23.2,23.5,22.6,22.6,51120
BMI,20090508,23.1,24.5,22.6,22.6,46810
BMI,20090507,23.5,23.5,23.1,23.5,143620
BMI,20090506,22.3,22.3,22,22.3,210500
BMI,20090505,21.2,21.2,21.2,21.2,486540
BMI,20090504,20.1,20.1,20.1,20.1,5820
BMI,20090429,18.1,19.1,18.1,19.1,17220
BMI,20090428,17,18.1,16.7,18.1,9320
BMI,20090427,18.1,18.6,17.6,17.6,33380
BMI,20090424,19.1,19.1,18.1,18.1,29390
BMI,20090423,19.1,19.6,19.1,19.1,47130
BMI,20090422,20.1,21.6,19.8,20.2,62280
BMI,20090421,20.9,20.9,20.9,20.9,2040
BMI,20090420,22.1,22.1,22.1,22.1,4970
BMI,20090417,23.3,23.3,20.9,23.3,71650
BMI,20090416,22.1,22.1,22.1,22.1,28000
BMI,20090415,21,21,20.6,21,119180
BMI,20090414,19.9,19.9,19.8,19.9,47920
BMI,20090413,18.9,18.9,18.9,18.9,11660
BMI,20090410,17.9,17.9,17.9,17.9,20370
BMI,20090409,17.8,17.8,16.8,17,24810
BMI,20090408,17.6,18.6,16.6,17.1,90960
BMI,20090407,17.6,17.6,17.5,17.6,49660
BMI,20090403,16.7,16.7,16.6,16.7,40020
BMI,20090402,15.8,15.8,15.3,15.8,28440
BMI,20090401,15.3,15.3,14.7,15.2,24660
BMI,20090331,14.7,15.4,14.7,14.7,29000
BMI,20090330,15.5,15.6,15,15.5,36430
BMI,20090327,15.8,15.8,15,15,53010
BMI,20090326,15,15,15,15,14940
BMI,20090325,13.5,14.2,13.5,14.2,47160
BMI,20090324,13.5,13.5,13.4,13.5,60900
BMI,20090323,13.6,13.6,12.8,12.8,21730
BMI,20090320,12.9,13.9,12.8,13.6,11570
BMI,20090319,14.2,14.2,13.5,13.5,79490
BMI,20090318,13.5,13.5,13.5,13.5,31500
BMI,20090317,12.1,12.8,12.1,12.8,43670
BMI,20090316,12.4,12.4,11.6,12.1,8720
BMI,20090313,11.9,12.4,11.9,12.1,5810
BMI,20090312,12.5,12.5,11.6,11.7,15270
BMI,20090311,12.3,12.3,12.2,12.3,28800
BMI,20090310,11.4,11.9,11.4,11.6,20940
BMI,20090309,11,11.4,10.9,11.4,6500
BMI,20090306,10.9,11.5,10.9,11.2,27960
BMI,20090305,11.6,11.6,11.4,11.5,16850
BMI,20090304,10.3,11.1,10.2,11.1,16620
BMI,20090303,9.9,10.5,9.9,10.5,19150
BMI,20090302,9.9,9.9,9.4,9.9,14130
BMI,20090227,9.6,9.6,9.4,9.4,18640
BMI,20090226,9.7,9.7,8.9,9.4,37840
BMI,20090225,9.4,9.4,9.4,9.4,46200
BMI,20090224,9.1,9.2,8.8,8.9,57660
BMI,20090223,10,10,9.2,9.3,31090
BMI,20090220,9.6,9.8,9.6,9.6,23700
BMI,20090219,9.8,9.8,9.6,9.6,35850
BMI,20090218,10.2,10.2,10.1,10.1,64690
BMI,20090217,11.6,11.8,10.7,10.7,36800
BMI,20090216,11.6,11.6,11.2,11.2,910
BMI,20090213,11.9,11.9,11.6,11.6,5010
BMI,20090212,11.6,11.6,11.3,11.3,4640
BMI,20090211,11.6,11.8,11.5,11.5,38060
BMI,20090210,13.2,13.3,12.2,12.2,5940
BMI,20090209,12.6,12.9,12.6,12.9,1630
BMI,20090206,12.1,12.6,12.1,12.2,19960
BMI,20090205,12.5,12.6,12.3,12.6,28460
BMI,20090204,12.7,13,12.7,13,17530
BMI,20090203,13.1,13.1,13,13,20290
BMI,20090202,14.2,14.2,13.8,13.8,16920
BMI,20090123,14.6,14.6,14.6,14.6,450
BMI,20090122,13.9,14.1,13.9,14.1,1950
BMI,20090121,13.6,14.4,13.6,14.4,320
BMI,20090120,14.6,14.9,14.1,14.1,10810
BMI,20090119,14.6,14.6,14.4,14.4,3010
BMI,20090116,14.3,15.1,14.2,14.6,10170
BMI,20090115,14.6,14.6,14.6,14.6,1300
BMI,20090114,15,15.1,14.5,14.5,5010
BMI,20090113,14.1,15,13.9,15,15220
BMI,20090112,14.7,14.8,14.7,14.7,3590
BMI,20090109,15.3,15.3,15.1,15.3,5000
BMI,20090108,14.7,15,14.7,14.7,31490
BMI,20090107,15.4,15.6,15.4,15.6,76710
BMI,20090106,14.6,15.3,14.6,14.8,6440
BMI,20090105,15.1,15.1,14.7,14.8,5910
BMI,20090102,13.8,15.1,13.8,15.1,14250
BMI,20081231,14.5,14.6,14.4,14.6,50060
BMI,20081230,13.6,14.4,13.6,14.4,33920
BMI,20081229,13.6,13.6,13.6,13.6,19510
BMI,20081226,12.6,13.1,12.6,13.1,14540
BMI,20081225,13.6,13.6,13.1,13.1,4430
BMI,20081224,12.8,13.6,12.8,13.6,2790
BMI,20081223,13.4,13.9,13.4,13.5,4130
BMI,20081222,14.1,14.1,13.2,13.9,5340
BMI,20081219,13.2,13.7,13.1,13.7,26170
BMI,20081218,12.6,13,12.6,13,11700
BMI,20081217,12.6,12.6,12.6,12.6,3890
BMI,20081216,12.6,12.6,12.5,12.5,8390
BMI,20081215,13.4,13.4,12.8,13.2,10800
BMI,20081212,12.2,12.8,12.2,12.8,13410
BMI,20081211,12,12.5,11.8,12.1,10980
BMI,20081210,12.5,12.5,12.5,12.5,1660
BMI,20081209,12.1,12.6,11.9,12.5,5460
BMI,20081208,12.5,12.5,11.9,11.9,7500
BMI,20081205,12.4,12.6,12.4,12.4,21510
BMI,20081204,13.3,13.4,13.1,13.1,74940
BMI,20081203,14,14.1,13.9,13.9,38110
BMI,20081202,14.7,14.8,14.7,14.7,21360
BMI,20081201,15.6,16.5,15.6,15.6,3790
BMI,20081128,16.1,16.1,15.9,16.1,13610
BMI,20081127,15.3,15.3,15.3,15.3,2430
BMI,20081126,15.6,16.5,14.9,15.6,13980
BMI,20081125,15.6,15.6,15.4,15.6,17930
BMI,20081124,14.8,15.1,14.8,14.8,8860
BMI,20081124,14.8,15.1,14.8,14.8,8860
BMI,20081121,15.7,15.9,15.7,15.7,11160
BMI,20081120,15.8,16.6,15.8,16.6,3050
BMI,20081119,16.1,16.7,16.1,16.1,6620
BMI,20081118,16,16,15.8,16,3780
BMI,20081117,15.8,16.2,15.8,15.8,11670
BMI,20081114,16.2,17,16.2,16.2,17930
BMI,20081113,16.2,16.2,15.6,16.2,4200
BMI,20081112,16,16.2,15.7,16,11450
BMI,20081111,16.6,16.6,15.5,16.6,29950
BMI,20081110,16.4,16.7,16.2,16.4,41250
BMI,20081107,17,17.6,17,17,13560
BMI,20081106,18,18.3,17.3,18,43750
BMI,20081105,18.3,18.3,18.3,18.3,5400
BMI,20081104,17.4,17.4,17.1,17.4,33950
BMI,20081103,16.5,16.5,15.6,16.5,16210
BMI,20081031,15.6,15.6,15.6,15.6,37580
BMI,20081030,14.8,15.4,14.3,14.8,23070
BMI,20081029,15.1,15.2,14.4,15.1,63850
BMI,20081028,14.4,14.4,14.4,14.4,8230
BMI,20081027,15.2,15.2,15.2,15.2,4350
BMI,20081024,16.1,16.1,16.1,16.1,8500
BMI,20081023,17,17,17,17,3580
BMI,20081022,18,18,18,18,14680
BMI,20081021,19,19,17.1,19,7250
BMI,20081020,18,19,17,18,14200
BMI,20081017,18,18,17.1,18,16820
BMI,20081016,18,18,18,18,2310
BMI,20081015,19,20.1,19,19,23030
BMI,20081014,20.1,20.1,20.1,20.1,160270
BMI,20081013,19.1,19.2,19.1,19.1,32650
BMI,20081010,20.2,20.2,20.2,20.2,5710
BMI,20081009,21.3,23.7,21.3,21.3,47400
BMI,20081008,22.5,23.6,22.5,22.5,88700
BMI,20081007,23.8,23.8,23.8,23.8,4000
BMI,20081006,25.1,26.1,25.1,25.1,16400
BMI,20081003,23.8,26.1,23.8,26.1,37710
BMI,20081002,25.3,25.3,23.6,25.1,7650
BMI,20081001,25.5,25.5,22.9,24.1,24700
BMI,20080930,24.2,24.2,24.2,24.2,1200
BMI,20080929,25.5,26.6,25.5,25.5,14300
BMI,20080926,27.1,27.1,25.7,26.9,24110
BMI,20080925,25.5,27.6,25.5,25.7,73720
BMI,20080924,26.8,28.3,26.8,26.8,37750
BMI,20080923,27.1,28.5,25.7,28.3,200650
BMI,20080922,27.1,27.1,27.1,27.1,28260
BMI,20080919,23.7,25.7,23.1,25.7,259890
BMI,20080918,24.4,24.4,24.4,24.4,140
BMI,20080917,25.8,25.8,25.8,25.8,1670
BMI,20080916,27.2,27.2,27.2,27.2,3900
BMI,20080915,28.7,31.9,28.7,28.7,79610
BMI,20080912,30.3,30.3,30.3,30.3,18000
BMI,20080911,32,32,32,32,18140
BMI,20080910,35.7,36.6,33.8,33.8,21000
BMI,20080909,37.5,37.5,35.7,35.7,77690
BMI,20080908,36.1,36.1,32.5,35.6,631510
BMI,20080905,34.3,34.3,34.3,34.3,17250
BMI,20080904,32.6,32.6,32.6,32.6,76720
BMI,20080903,31,31,31,31,2260
BMI,20080829,29.5,29.5,29.5,29.5,43850
BMI,20080828,28,28,28,28,71640
BMI,20080827,26.6,26.6,26.6,26.6,8220
BMI,20080826,25.3,25.3,25.3,25.3,1980
BMI,20080825,24,24,24,24,6350
BMI,20080822,22.8,22.8,22.8,22.8,14370
BMI,20080821,21.6,21.6,21.6,21.6,31520
BMI,20080820,18.5,20.5,18.5,20.5,82010
BMI,20080819,20.5,20.5,19.1,19.5,52080
BMI,20080818,19.5,19.5,19.5,19.5,9820
BMI,20080815,18.5,18.5,18.5,18.5,3190
BMI,20080814,17.9,17.9,17.9,17.9,10280
BMI,20080813,17.4,17.4,17,17.4,62080
BMI,20080812,16.9,16.9,15.9,16.9,95780
BMI,20080811,16.4,16.4,16.4,16.4,870
BMI,20080808,15.9,15.9,15.9,15.9,3630
BMI,20080807,15.4,15.4,15.4,15.4,22920
BMI,20080806,14.9,14.9,14.9,14.9,13910
BMI,20080805,14.4,14.9,14.4,14.4,47540
BMI,20080804,14.9,14.9,14.9,14.9,17340
BMI,20080801,15.4,15.4,15.4,15.4,17490
BMI,20080731,16.1,16.1,15.9,15.9,19960
BMI,20080730,17.2,17.2,16.4,16.4,70490
BMI,20080729,15.9,16.9,15.9,16.9,127360
BMI,20080728,16.4,16.4,16.4,16.4,11060
BMI,20080725,16.9,16.9,16.9,16.9,8430
BMI,20080724,17.4,17.4,17.4,17.4,16900
BMI,20080723,18,18,18,18,13500
BMI,20080722,18.6,18.6,18.6,18.6,11030
BMI,20080721,19.2,19.2,19.2,19.2,2830
BMI,20080718,19.8,19.8,19.8,19.8,18670
BMI,20080717,21.2,21.2,20.4,20.4,115100
BMI,20080716,21.4,21.4,20.2,20.6,85620
BMI,20080715,20.8,20.8,20.8,20.8,65950
BMI,20080714,20.2,20.2,20.2,20.2,31940
BMI,20080711,19.6,19.6,19.6,19.6,59330
BMI,20080710,18.8,19,18.4,19,125840
BMI,20080709,18.4,19.5,18.4,18.4,101460
BMI,20080708,19,19,19,19,58350
BMI,20080707,20.8,20.8,19.6,19.6,83860
BMI,20080704,20.2,20.2,20.2,20.2,85810
BMI,20080703,19.6,19.6,19.5,19.6,26710
BMI,20080702,19.7,19.7,18.9,19,35540
BMI,20080701,18.3,19.5,18.3,19.5,195510
BMI,20080630,18.9,18.9,18.9,18.9,18150
BMI,20080627,19.5,19.5,19.5,19.5,5800
BMI,20080626,18.9,20.1,18.9,20.1,79800
BMI,20080625,19.7,19.7,19.5,19.5,26360
BMI,20080624,18,19.2,18,19.1,27970
BMI,20080623,18.6,18.6,18.6,18.6,22070
BMI,20080620,19.2,19.2,19.2,19.2,44700
BMI,20080619,19.8,20.1,19.8,19.8,76910
BMI,20080618,21.2,21.2,20.4,20.4,65680
BMI,20080617,20.8,20.8,20.8,20.8,5120
BMI,20080616,20.4,20.4,20.4,20.4,50170
BMI,20080613,19.2,20,19.2,20,76520
BMI,20080612,20.1,20.1,19.3,19.6,44730
BMI,20080611,19.3,19.7,18.9,19.7,33270
BMI,20080610,19.3,19.3,19.3,19.3,9340
BMI,20080609,19.7,19.7,19.7,19.7,50
BMI,20080606,20.1,20.1,20.1,20.1,10
BMI,20080605,20.5,20.5,20.5,20.5,1500
BMI,20080604,20.9,20.9,20.9,20.9,1400
BMI,20080603,21.3,21.3,21.3,21.3,50
BMI,20080602,22.1,22.1,21.7,21.7,5030
BMI,20080530,22.1,22.1,22.1,22.1,800
BMI,20080526,22.5,22.5,22.5,22.5,300
BMI,20080522,23.5,23.5,23.5,23.5,100
BMI,20080521,24,24,24,24,1700
BMI,20080520,24.5,25.2,24.5,24.5,149630
BMI,20080519,25,25,25,25,79260
BMI,20080516,26,26,25.5,25.5,43500
BMI,20080515,26,26,26,26,310
BMI,20080514,26.5,26.5,26.5,26.5,100
BMI,20080513,27,27,27,27,700
BMI,20080512,27.6,27.6,27.6,27.6,2790
BMI,20080509,28.2,28.2,28.2,28.2,1130
BMI,20080508,28.8,28.8,28.8,28.8,1700
BMI,20080507,29.4,29.4,29.4,29.4,300
BMI,20080506,30,30,30,30,1780
BMI,20080505,30.6,30.6,30.6,30.6,5390
BMI,20080429,31.2,31.2,31.2,31.2,27590
BMI,20080428,31.8,31.8,31.8,31.8,9020
BMI,20080425,32.5,32.5,32.5,32.5,7320
BMI,20080424,33.2,33.2,33.2,33.2,5260
BMI,20080422,34.6,34.6,34.6,34.6,12810
BMI,20080404,46.4,46.4,46.4,46.4,98400
BMI,20080403,45.5,45.5,45.5,45.5,1100
BMI,20080402,44.6,44.6,44.6,44.6,101700
BMI,20080401,43.7,43.7,43.7,43.7,111500
BMI,20080331,42.8,42.8,42.8,42.8,46200
BMI,20080328,41.9,41.9,41.9,41.9,21700
BMI,20080327,41.1,41.1,41.1,41.1,4900
BMI,20080326,37.9,41.9,37.9,40.4,10800
BMI,20080325,38.3,42.9,38.3,41.9,14100
BMI,20080324,40.9,45.9,40.9,45.9,37900
BMI,20080321,46.9,46.9,45.3,45.6,8400
BMI,20080320,43.9,49.3,43.9,45.6,4900
BMI,20080319,46.9,47.4,42.9,46,18800
BMI,20080318,46.9,46.9,46.1,46.1,8800
BMI,20080317,56.5,56.5,51.5,51.5,13100
BMI,20080314,59.5,61.5,57.5,57.5,5600
BMI,20080313,59.5,59.5,57.5,59,2900
BMI,20080312,57.5,62.5,57.5,60.5,11100
BMI,20080311,63,63,56.5,56.5,8900
BMI,20080310,63,63,61,63,85300
BMI,20080307,57,57,57,57,35700
BMI,20080306,46.7,52,46.7,52,2800
BMI,20080305,46.9,46.9,46.6,46.6,74100
BMI,20080304,54.5,58.5,52.5,52.5,19200
BMI,20080303,62.5,62.5,56,56,5100
BMI,20080229,63,63,62.5,63,30700
BMI,20080228,63,63,61.5,63,18700
BMI,20080227,63.5,63.5,62,62.5,13000
BMI,20080226,67.5,67.5,61.5,62.5,5900
BMI,20080225,65.5,66,65.5,66,7600
BMI,20080222,53.5,64.5,53.5,64.5,8500
BMI,20080221,66.5,66.5,59.5,59.5,27200
BMI,20080220,67.5,67.5,60.5,67,21000
BMI,20080219,71.5,71.5,66.5,67.5,6200
BMI,20080218,70.5,70.5,67.5,67.5,12100
BMI,20080215,72,72,70.5,71,3500
BMI,20080214,72,72.5,72,72,4000
BMI,20080213,72.5,72.5,71.5,71.5,3400
BMI,20080212,76.5,76.5,70.5,73.5,2400
BMI,20080201,75.5,75.5,73.5,74,17100
BMI,20080131,75.5,77.5,70.5,70.5,5100
BMI,20080130,75.5,75.5,71,74,25300
BMI,20080129,67.5,69.5,67.5,69.5,7300
BMI,20080128,67.5,69.5,67.5,68.5,5200
BMI,20080125,67.5,68,67.5,68,2500
BMI,20080124,73.5,74.5,68.5,70,20200
BMI,20080123,71.5,72.5,69.5,70.5,15700
BMI,20080122,72.5,72.5,71.5,71.5,6300
BMI,20080121,74.5,74.5,73,73.5,19700
BMI,20080118,73.5,75.5,73.5,75.5,16700
BMI,20080117,81,81.5,73.5,73.5,33300
BMI,20080116,70,74,70,74,33200
BMI,20080115,70,70,65.5,65.5,12500
BMI,20080114,70,71.5,70,70.5,32500
BMI,20080111,70.5,74,70.5,74,40700
BMI,20080110,72.5,72.5,71,71.5,66700
BMI,20080109,72.5,74.5,72.5,74.5,51400
BMI,20080108,72.5,75,72,73,37800
BMI,20080107,74.5,74.5,72.5,72.5,32000
BMI,20080104,75,75,73.5,75,12800
BMI,20080103,76,76,74.5,74.5,23100
BMI,20080102,76,76,75,76,7200
BMI,20071228,74.5,77.5,73.5,76.5,11300
BMI,20071227,76,76.5,75.5,75.5,3800
BMI,20071226,75.5,77.5,75.5,75.5,10300
BMI,20071225,76.5,76.5,75.5,75.5,5800
BMI,20071224,77.5,78.5,77,77,20400
BMI,20071221,79.5,79.5,76.5,77.5,41600
BMI,20071220,77.5,79.5,76.5,79.5,69800
BMI,20071219,75.5,79,75.5,77.5,20800
BMI,20071218,76.5,76.5,74.5,74.5,13000
BMI,20071217,75.5,76,75.5,76,9000
BMI,20071214,77.5,77.5,76.5,76.5,6000
BMI,20071213,77.5,77.5,76,76.5,11600
BMI,20071212,78.5,78.5,76,76,56500
BMI,20071211,78.5,79.5,77.5,77.5,8300
BMI,20071210,78.5,78.5,78.5,78.5,13500
BMI,20071207,81.5,81.5,78,78.5,65200
BMI,20071206,80.5,81.5,78,79,51100
BMI,20071205,83.5,83.5,79,79.5,43700
BMI,20071204,80.5,82,80.5,81,68800
BMI,20071203,82.5,82.5,79.5,80,28400
BMI,20071130,81,81.5,79.5,80.5,21100
BMI,20071129,81,81.5,81,81,16600
BMI,20071128,83,83.5,80.5,81.5,20500
BMI,20071127,84.5,84.5,82,82.5,20500
BMI,20071126,82.5,83.5,82.5,83,15600
BMI,20071123,80.5,83,80.5,80.5,12500
BMI,20071122,81,84.5,79.5,79.5,54200
BMI,20071121,84,84,79.5,82,27200
BMI,20071120,90,91,82,84.5,41400
BMI,20071119,78,84,78,84,53600
BMI,20071116,81,81,75,75,124300
BMI,20071115,88.5,91.5,75,75,129000
BMI,20071114,84,84.5,82.5,82.5,186600
BMI,20071113,87.5,87.5,79.5,80.5,19500
BMI,20071112,90,95.5,87.5,87.5,13900
BMI,20071109,92,92.5,88,90,24400
BMI,20071108,95.5,95.5,92,93,12400
BMI,20071107,94.5,96.5,93.5,95,22200
BMI,20071106,97.5,97.5,93.5,97,5100
BMI,20071105,103,103,97,97,16700
BMI,20071102,106,107,97.5,99,66100
BMI,20071101,109,109,103,108,87600
BMI,20071031,98,100,95.5,100,23500
BMI,20071030,98,99,97.5,99,17400
BMI,20071029,106,106,103,103,5600
BMI,20071026,112,115,102,104,19200
BMI,20071025,107,107,101,103,80000
BMI,20071024,97.5,107,95.5,107,65700
BMI,20071023,103,103,94,96.5,52000
BMI,20071022,102,111,98,98,44700
BMI,20071019,103,107,99,106,39200
BMI,20071018,108,108,105,105,6000
BMI,20071017,109,109,105,107,9800
BMI,20071016,111,111,108,110,31700
BMI,20071015,111,115,108,111,24800
BMI,20071012,105,111,104,111,49600
BMI,20071011,107,107,105,105,29300
BMI,20071010,108,108,106,107,13300
BMI,20071009,112,112,106,107,19300
BMI,20071008,110,117,102,105,8600
BMI,20071005,113,116,105,109,40000
BMI,20071004,115,117,110,112,12300
BMI,20071003,115,116,109,112,17000
BMI,20071002,113,121,112,114,21300
BMI,20071001,109,117,105,108,116300
BMI,20070928,108,108,104,107,35800
BMI,20070927,110,112,103,107,9400
BMI,20070926,110,110,102,107,33200
BMI,20070925,92.5,101,92.5,101,153200
BMI,20070924,87,92.5,87,92.5,70100
BMI,20070921,91,91.5,90,90,2700
BMI,20070920,89.5,92,88.5,89.5,59900
BMI,20070919,86.5,88.5,86.5,88.5,72700
BMI,20070918,86.5,86.5,86.5,86.5,3000
BMI,20070917,88,88,87,87,5300
BMI,20070914,89,89,86.5,87.5,9100
BMI,20070913,88,89,87.5,88.5,48200
BMI,20070912,76.5,87.5,76.5,87.5,4600
BMI,20070911,85.5,85.5,85,85.5,5600
BMI,20070910,84.5,85.5,84.5,84.5,19300
BMI,20070907,83.5,85.5,83.5,85,17900
BMI,20070906,83.5,83.5,83,83,3700
BMI,20070905,85.5,85.5,83,83,3400
BMI,20070904,83.5,83.5,83.5,83.5,4300
BMI,20070831,83.5,83.5,82.5,83.5,2000
BMI,20070830,83,83.5,82,83.5,4300
BMI,20070829,81,82.5,81,82.5,11000
BMI,20070828,82.5,87.5,80.5,86.5,27800
BMI,20070827,84,84.5,80.5,84.5,82700
BMI,20070824,83,86.5,82.5,84,6700
BMI,20070823,80.5,82.5,80.5,81.5,69800
BMI,20070822,81,81,80,80,50300
BMI,20070821,80.5,80.5,80.5,80.5,80000
BMI,20070820,79.5,80.5,79.5,80.5,10800
BMI,20070817,77.5,80.5,77.5,78.5,17100
BMI,20070816,79.5,81,77.5,78,39500
BMI,20070815,79.5,80,79.5,79.5,1100
BMI,20070814,80,81.5,80,80.5,31000
BMI,20070813,79.5,81.5,79.5,80.5,30000
BMI,20070810,80.5,80.5,79.5,80.5,13400
BMI,20070809,79,81.5,79,81.5,10900
BMI,20070808,80,80,79.5,79.5,7200
BMI,20070807,77.5,79.5,77.5,79.5,2300
BMI,20070806,78,79.5,77.5,79.5,21300
BMI,20070803,78.5,79,77.5,78.5,6600
BMI,20070802,79.5,79.5,77.5,77.5,9600
BMI,20070801,78.5,78.5,77.5,77.5,200
BMI,20070731,75,76.5,73.5,76.5,3200
BMI,20070730,75.5,75.5,75,75,600
BMI,20070727,76,76.5,76,76.5,1400
BMI,20070726,76.5,77,74.5,76,4300
BMI,20070725,77.5,77.5,77,77.5,1600
BMI,20070724,79.5,80,79.5,79.5,8500
BMI,20070723,79.5,80.5,79.5,79.5,3500
BMI,20070720,80.5,81,77.5,79.5,7600
BMI,20070719,81.5,83.5,79,79.5,6400
BMI,20070718,84.5,84.5,81.5,81.5,3700
BMI,20070717,85,85,84.5,84.5,2000
BMI,20070716,83.5,85.5,82.5,82.5,2800
BMI,20070713,81,86.5,78.5,86.5,1800
BMI,20070712,88,92.5,85.5,85.5,5100
BMI,20070711,99,99,94,94,9600
BMI,20070710,97.5,97.5,89.5,97,25500
BMI,20070709,82.5,90,82.5,90,21100
BMI,20070706,75.5,83.5,75.5,83.5,34800
BMI,20070705,71,79,68.5,76.5,47900
BMI,20070704,71,72.5,71,72.5,1200
BMI,20070703,70.5,71.5,65.5,65.5,7000
BMI,20070702,70.5,72,70.5,70.5,13200
BMI,20070629,70,70,68.5,69.5,3800
BMI,20070628,70.5,70.5,68,68,5100
BMI,20070627,71.5,71.5,70,70.5,9500
BMI,20070626,72,72,71,71,9400
BMI,20070625,73,73.5,71.5,71.5,9800
BMI,20070622,75.5,75.5,73,73.5,3200
BMI,20070621,76,76.5,74,74.5,12700
BMI,20070620,77.5,77.5,76,76,8400
BMI,20070619,78.5,80.5,78.5,79.5,7700
BMI,20070618,80.5,81.5,80.5,80.5,3600
BMI,20070615,85.5,85.5,80.5,81.5,6200
BMI,20070614,63,68,63,67,22280
BMI,20070613,70.5,70.5,66,66,15209
BMI,20070612,72,72,70,70.5,57100
BMI,20070611,74,74,72,72.5,10540
BMI,20070608,75,75,73,73.5,13608
BMI,20070607,74,74.5,73.5,74,7738
BMI,20070606,73,74.5,71,71,17477
BMI,20070605,75.5,75.5,71.5,72.5,86851
BMI,20070604,74,74,71,71,55366
BMI,20070601,76.5,76.5,70.5,74,21880
BMI,20070531,77,79,76.5,76.5,25882
BMI,20070530,78,78.5,76,77.5,127542
BMI,20070529,80.5,80.5,78,78.5,164363
BMI,20070528,83.5,83.5,78,79,33887
BMI,20070525,83,84,79.5,82,16143
BMI,20070524,85.5,85.5,82,82,18011
BMI,20070523,86,86,84.5,84.5,59902
BMI,20070522,86,86.5,84.5,85,70175
BMI,20070521,88,88,84.5,85,34820
BMI,20070518,84.5,87,84.5,86,18011
BMI,20070517,85.5,86,83,86,37088
BMI,20070516,86,86.5,86,86,29351
BMI,20070515,84.5,87,84,87,26816
BMI,20070514,86,87,82.5,84,19478
BMI,20070511,86.5,91.5,85,86,14408
BMI,20070510,85.5,93,85.5,86.5,17744
BMI,20070509,83,88.5,80,88.5,34954
BMI,20070508,82,82,79,79,10273
BMI,20070507,79,79.5,77.5,77.5,1334
BMI,20070504,79,79,75.5,76.5,14008
BMI,20070503,82,82,77.5,77.5,8005
BMI,20070502,84.5,84.5,82,82,4269
BMI,20070425,84.5,84.5,78,82,4936
BMI,20070424,81,82,81,82,4936
BMI,20070423,83,83,82,82,7338
BMI,20070420,87,89,82,82,12007
BMI,20070419,93.5,93.5,87,87,6671
BMI,20070418,84.5,90,84.5,90,12407
BMI,20070417,87,87,82,82,2668
BMI,20070416,92.5,92.5,85.5,87,8672
BMI,20070413,95,95,94,95,31218
BMI,20070412,95,96.5,93,93.5,7338
BMI,20070411,94,96,94,95.5,6404
BMI,20070410,95,97.5,95,95,12674
BMI,20070409,96.5,97.5,92.5,97.5,13074
BMI,20070406,94,97,93.5,96.5,44026
BMI,20070405,93.5,95,93.5,93.5,87518
BMI,20070404,90.5,97.5,90.5,97,11874
BMI,20070403,95,95,87,91,7738
BMI,20070402,100,100,90,90,6004
BMI,20070330,90.5,101,90.5,97.5,17744
BMI,20070329,102,102,97.5,99,16676
BMI,20070328,84.5,98,84.5,98,19211
BMI,20070327,93.5,93.5,88,92,14008
BMI,20070326,104,104,95,97.5,6404
BMI,20070323,105,105,103,103,10139
BMI,20070322,108,111,104,105,7871
BMI,20070321,108,108,105,106,6537
BMI,20070320,108,110,96.5,107,33086
BMI,20070319,103,113,101,110,63504
BMI,20070316,100,110,100,110,23747
BMI,20070315,100,103,95,103,40824
BMI,20070314,100,104,97,104,100859
BMI,20070313,116,116,103,103,24948
BMI,20070312,112,116,111,111,40691
BMI,20070312,112,116,111,111,40691
BMI,20070309,111,113,111,111,73777
BMI,20070308,109,111,108,110,54432
BMI,20070307,107,113,97,108,102994
BMI,20070306,114,114,95,95,93522
BMI,20070305,98,108,97.5,107,136213
BMI,20070302,103,103,97,97,59101
BMI,20070301,113,116,104,104,54432
BMI,20070228,124,124,113,114,72709
BMI,20070227,114,114,112,113,39490
