<Ticker>,<DTYYYYMMDD>,<Open>,<High>,<Low>,<Close>,<Volume>
BT6,20100729,69.5,74,69.5,74,5240
BT6,20100728,71,71,70.5,70.5,220
BT6,20100727,72,73,72,72.5,4650
BT6,20100726,72,72,72,72,500
BT6,20100722,70.5,73.5,70.5,73.5,1020
BT6,20100721,70.5,70.5,70.5,70.5,12000
BT6,20100720,73,73,73,73,100
BT6,20100719,76.5,76.5,73,73,350
BT6,20100715,71.5,76.5,71,76.5,9110
BT6,20100714,77,77,73.5,73.5,320
BT6,20100713,77,77,75.5,75.5,90
BT6,20100712,74.5,77,74.5,77,1020
BT6,20100709,72,74.5,72,74.5,220
BT6,20100708,73,73.5,72,72,3390
BT6,20100707,73,73,73,73,130
BT6,20100706,76.5,76.5,76,76,10060
BT6,20100705,74.5,79.5,74.5,79.5,3890
BT6,20100702,77.5,77.5,77.5,77.5,10
BT6,20100701,76.5,76.5,75.5,75.5,250
BT6,20100630,78.5,78.5,78.5,78.5,3000
BT6,20100629,77.5,78.5,77.5,78.5,80
BT6,20100628,80.5,80.5,80.5,80.5,5000
BT6,20100625,77.5,77.5,77.5,77.5,10
BT6,20100624,78.5,78.5,75.5,75.5,1490
BT6,20100623,75.5,78.5,75.5,78.5,9540
BT6,20100622,75,80,74.5,79,2270
BT6,20100621,77.5,77.5,77,77,500
BT6,20100618,77,77.5,77,77,2000
BT6,20100617,81,81,81,81,1160
BT6,20100616,85,85,85,85,100
BT6,20100615,81.5,81.5,81.5,81.5,10
BT6,20100614,75,81.5,75,81.5,650
BT6,20100611,80,80,78,78,4790
BT6,20100610,82,82,82,82,3010
BT6,20100608,80,84,80,84,3120
BT6,20100607,81,84,81,84,2010
BT6,20100604,81,81,81,81,110
BT6,20100603,81,81,80,80,5550
BT6,20100602,84,84,84,84,10
BT6,20100601,85,85,84,84,20
BT6,20100531,82.5,85.5,82.5,85.5,6110
BT6,20100528,84.5,86,84,86,20050
BT6,20100527,81,84,77,84,6740
BT6,20100526,80,81,74,81,36920
BT6,20100525,77,77.5,77,77.5,1150
BT6,20100524,78,78,78,78,1000
BT6,20100521,74.5,78,74.5,78,39570
BT6,20100520,72,78,72,78,5010
BT6,20100519,79,80,75.5,75.5,7710
BT6,20100518,79,79,79,79,1000
BT6,20100517,84,84,76.5,76.5,37170
BT6,20100514,82,82,80,80,3710
BT6,20100513,76,79.5,73.5,79.5,2840
BT6,20100512,78,78,76,76,35020
BT6,20100511,81.5,81.5,75.5,76,2600
BT6,20100510,80,80,78,78,5220
BT6,20100507,80,82,78,82,35930
BT6,20100506,79.5,79.5,79.5,79.5,15850
BT6,20100505,76,76,75,76,14560
BT6,20100504,71,74,71,72.5,8500
BT6,20100429,71,73,70,73,26390
BT6,20100428,71.5,75,71.5,73,23900
BT6,20100427,77.5,77.5,74.5,74.5,22240
BT6,20100426,78,78,74.5,74.5,18590
BT6,20100422,82,82,78,78,19860
BT6,20100421,82,82,82,82,47390
BT6,20100420,78,78,78,78,40830
BT6,20100419,74.5,74.5,74.5,74.5,58250
BT6,20100416,69,72,68,71,14710
BT6,20100415,68,70,68,70,8820
BT6,20100414,69,69,67,67,13000
BT6,20100413,64.5,68,64.5,68,53300
BT6,20100412,64,65,63,65,13340
BT6,20100409,64.5,67.5,64,64,8620
BT6,20100408,67,67.5,66,66,7390
BT6,20100407,65,67.5,65,67.5,31190
BT6,20100406,65,68,64.5,67.5,43380
BT6,20100405,65.5,70.5,65.5,68,6700
BT6,20100402,64,68,64,68,39910
BT6,20100401,65.5,65.5,61,65,16500
BT6,20100331,59.5,62.5,59.5,62.5,68910
BT6,20100330,59.5,59.5,59.5,59.5,19760
BT6,20100329,56.5,57,56.5,57,19160
BT6,20100326,53,54.5,53,54.5,4310
BT6,20100325,53.5,53.5,52,52,1660
BT6,20100324,54.5,54.5,53,53.5,2030
BT6,20100323,54,54,53,53,3200
BT6,20100322,52.5,55.5,52.5,55.5,1030
BT6,20100319,53,54.5,53,54,1420
BT6,20100318,53,54,53,54,1260
BT6,20100317,54.5,54.5,53,53,2360
BT6,20100316,55,55,54,54,2200
BT6,20100315,55.5,56,55,55.5,11000
BT6,20100312,56,56,54.5,55.5,5520
BT6,20100311,53.5,55,53.5,55,3760
BT6,20100310,53.5,55,53,53,8990
BT6,20100309,55.5,55.5,53,53,4100
BT6,20100308,56,56,55,55,2020
BT6,20100305,55,55,55,55,780
BT6,20100303,56,56,55,55,440
BT6,20100302,55,56,54.5,54.5,1550
BT6,20100301,55.5,55.5,55.5,55.5,1570
BT6,20100226,56,56,56,56,350
BT6,20100225,56,56,56,56,110
BT6,20100224,58,58,57,57,40
BT6,20100223,58,58,58,58,1500
BT6,20100222,56,58,56,58,1010
BT6,20100212,54.5,58,54.5,58,210
BT6,20100211,56,56,56,56,640
BT6,20100210,59,59,59,59,10
BT6,20100209,56,58,54.5,58,800
BT6,20100208,56,57,56,57,740
BT6,20100205,57,57,57,57,10
BT6,20100204,55.5,58.5,55.5,58.5,5100
BT6,20100203,57,57,57,57,1000
BT6,20100202,58,60,58,60,250
BT6,20100129,55.5,58,53,58,2230
BT6,20100128,55.5,55.5,55.5,55.5,4330
BT6,20100127,58.5,58.5,58.5,58.5,100
BT6,20100126,55.5,58.5,55.5,58.5,1170
BT6,20100125,58.5,58.5,58.5,58.5,210
BT6,20100122,56,56,56,56,10
BT6,20100121,58,58,58,58,1610
BT6,20100120,60,61,60,61,2310
BT6,20100119,59,59,58,59,11260
BT6,20100118,56.5,56.5,56.5,56.5,1000
BT6,20100115,57,59.5,57,59.5,4060
BT6,20100114,59.5,59.5,59.5,59.5,730
BT6,20100113,58,59.5,56.5,59.5,7230
BT6,20100112,57.5,59.5,57,59.5,2390
BT6,20100111,57.5,60,57,60,3860
BT6,20100108,59.5,60,57,60,2060
BT6,20100107,59,59.5,57,59.5,450
BT6,20100106,58,59.5,58,59.5,680
BT6,20100105,60,61,57.5,57.5,3510
BT6,20100104,60,62.5,60,60,170
BT6,20091231,58,60,57,60,4220
BT6,20091230,55,58,54.5,58,2030
BT6,20091229,57,57,57,57,2760
BT6,20091228,59,60,59,60,1680
BT6,20091225,56,60,56,59,5860
BT6,20091224,55,58,55,58,520
BT6,20091223,54.5,57,54,57,302220
BT6,20091222,55,57,54,56.5,1960
BT6,20091221,55,55,54.5,55,550
BT6,20091218,52,52.5,52,52.5,1570
BT6,20091217,47.2,50,47.2,50,2800
BT6,20091216,48.2,48.2,48.2,48.2,960
BT6,20091215,49.2,50,49.2,50,210
BT6,20091214,50,52,48.2,50,2150
BT6,20091211,50,51,50,50,3350
BT6,20091210,52.5,52.5,52.5,52.5,30
BT6,20091209,55,55,55,55,20
BT6,20091208,57.5,57.5,53,53,1590
BT6,20091207,55,58,55,55.5,1200
BT6,20091204,54,56,53,56,3170
BT6,20091203,55.5,55.5,55,55,3490
BT6,20091202,62,62,58,58,50
BT6,20091201,61,61,60,61,3770
BT6,20091130,54.5,58,53.5,58,8520
BT6,20091127,52,57,52,55.5,3610
BT6,20091126,54.5,59.5,54.5,54.5,9610
BT6,20091125,60,60,57,57,3240
BT6,20091124,58,60,58,60,310
BT6,20091123,60,60,58,58,4710
BT6,20091120,59.5,63,59.5,60,5860
BT6,20091119,62.5,62.5,62,62.5,8860
BT6,20091118,62,62.5,62,62.5,810
BT6,20091117,57,60,55.5,60,3600
BT6,20091116,58.5,59,57.5,57.5,44520
BT6,20091113,61,61,60.5,60.5,1660
BT6,20091112,58.5,63,58,63,6020
BT6,20091111,61.5,65.5,61,61,5410
BT6,20091110,60,64,59.5,64,8570
BT6,20091109,61,61,61,61,3560
BT6,20091106,58,58,58,58,32520
BT6,20091105,53,58,53,55.5,12940
BT6,20091104,56,61,55.5,55.5,34770
BT6,20091103,58.5,58.5,58.5,58.5,32640
BT6,20091102,61.5,61.5,61.5,61.5,35310
BT6,20091030,67,67,64.5,64.5,30750
BT6,20091029,67,67,61.5,67,84770
BT6,20091028,64,64,64,64,10040
BT6,20091027,61,61,61,61,10760
BT6,20091026,58,58,58,58,13490
BT6,20091023,55.5,55.5,55.5,55.5,34170
BT6,20091022,53,53,53,53,7400
BT6,20091021,49.7,50.5,49.2,50.5,48810
BT6,20091020,48.2,48.7,47.7,48.2,14240
BT6,20091019,48.2,48.2,46.2,48.2,3580
BT6,20091016,47.2,48.2,46.7,48.2,1670
BT6,20091015,48.7,48.7,46.4,47.2,20240
BT6,20091014,46.7,47.2,46.2,46.3,3580
BT6,20091013,46.2,46.7,46.2,46.7,4450
BT6,20091012,48.7,49.2,47.2,48.1,3230
BT6,20091009,48.2,48.2,47.6,47.6,3270
BT6,20091008,47.5,47.7,46.5,46.5,2380
BT6,20091007,48.2,48.2,47.2,47.2,510
BT6,20091006,46.3,47.2,46.2,46.5,6880
BT6,20091005,46.6,47.6,46.6,47.2,9990
BT6,20091002,50.5,50.5,47.6,47.6,16100
BT6,20091001,50,50,48.2,50,25670
BT6,20090930,46,48,45.9,48,16520
BT6,20090929,45.7,45.7,44.2,45.7,14210
BT6,20090928,44.2,45.7,41.9,45.2,8550
BT6,20090925,43.3,45.2,43.3,44.2,5900
BT6,20090924,43.2,44.2,42.7,44.2,5250
BT6,20090923,42.2,44.2,42.2,43.2,4100
BT6,20090922,42.2,43.2,42.2,43.2,4850
BT6,20090921,43.2,43.8,43.2,43.2,6490
BT6,20090918,41.6,42.7,41.6,42.7,2690
BT6,20090917,43.7,43.7,42.7,42.7,1860
BT6,20090916,42.2,43.2,42.2,43.2,3810
BT6,20090915,42.1,42.6,41.8,42.6,3900
BT6,20090914,43.3,43.3,42.7,42.7,1890
BT6,20090911,43.7,43.7,43.3,43.3,2830
BT6,20090910,42.4,43.7,42.4,43.7,290
BT6,20090909,43.4,43.7,43.2,43.7,2460
BT6,20090908,44.1,44.1,42.3,43.7,2710
BT6,20090907,43.3,43.3,43.2,43.2,1530
BT6,20090904,43.3,43.3,43.2,43.3,2050
BT6,20090903,42.7,43.7,42.7,43.2,5390
BT6,20090901,45,45,43.2,43.2,3910
BT6,20090831,45.4,45.4,43.2,43.7,5820
BT6,20090828,45.2,45.2,43.7,43.7,1110
BT6,20090827,42.6,44.6,42.6,44.6,3300
BT6,20090826,44.6,44.6,42.6,42.6,1980
BT6,20090825,43.7,43.7,42.3,42.5,1830
BT6,20090824,44,44,43.4,43.7,1730
BT6,20090821,43.2,44,43.2,44,2130
BT6,20090820,44.2,44.2,43.2,43.2,3620
BT6,20090819,43.6,44.6,43.6,44,1210
BT6,20090818,43.7,43.7,42.2,43.7,4730
BT6,20090817,43.7,45.6,43.7,43.7,2230
BT6,20090814,45.2,45.2,43.3,45.2,3110
BT6,20090813,45.4,45.5,44.7,44.7,2150
BT6,20090812,45.2,46.2,45.2,45.2,9700
BT6,20090811,43.2,45.2,43.1,45.2,5390
BT6,20090810,43.3,43.3,43.3,43.3,2690
BT6,20090807,43.7,43.7,41.2,41.2,5800
BT6,20090806,43.6,43.7,43.2,43.2,3350
BT6,20090805,43.7,43.8,43.7,43.7,4340
BT6,20090804,42.5,42.5,42.5,42.5,500
BT6,20090803,43.7,43.7,43.2,43.2,1330
BT6,20090731,45.1,45.1,43.2,43.7,7040
BT6,20090730,42.7,44.5,42.7,44.5,2990
BT6,20090729,45,45,45,45,2560
BT6,20090728,45,45,42.7,42.8,2130
BT6,20090727,45,45,44.9,44.9,4470
BT6,20090724,42.8,42.8,42.8,42.8,5220
BT6,20090723,39.2,40.7,39.2,40.7,5630
BT6,20090722,41,41,41,41,500
BT6,20090721,43.4,43.4,43.2,43.2,920
BT6,20090720,39.7,43.5,39.5,43.5,3510
BT6,20090717,43.7,43.7,41.6,41.6,2760
BT6,20090716,43.7,45.2,43.7,43.7,1510
BT6,20090715,43.2,43.7,42.2,43.7,1430
BT6,20090714,43.7,43.7,42.2,42.2,2700
BT6,20090713,45,46.5,41.9,41.9,4330
BT6,20090710,44.2,44.2,44.2,44.2,370
BT6,20090709,45.2,45.2,44.2,44.2,2020
BT6,20090708,44.2,45.4,44.2,45.4,290
BT6,20090707,46.9,46.9,44.7,45.4,2620
BT6,20090706,44.7,44.7,44.7,44.7,830
BT6,20090703,42.2,42.5,40.7,42.5,4720
BT6,20090702,42.2,43,42.2,42.2,3720
BT6,20090701,43,43,43,43,2840
BT6,20090630,46,48.1,45.3,45.3,1860
BT6,20090629,48,48,47.7,47.7,810
BT6,20090626,46.2,47.9,46.2,47.9,3020
BT6,20090625,47.9,47.9,47.2,47.4,9520
BT6,20090624,45.5,47.7,45.5,47.2,7770
BT6,20090623,45.7,47.8,45.7,47.8,2770
BT6,20090622,48.1,49.2,48.1,48.1,1420
BT6,20090619,50.5,50.5,50.5,50.5,10
BT6,20090618,49.7,49.7,46.2,49.2,10840
BT6,20090617,45.7,48.2,45.7,48.2,14230
BT6,20090616,48.1,48.1,48.1,48.1,4200
BT6,20090615,50.5,50.5,50.5,50.5,1370
BT6,20090612,55,55,51.5,53,8910
BT6,20090611,49.7,54,49.7,54,18520
BT6,20090610,52,52.5,52,52,1860
BT6,20090609,54.5,54.5,52,54.5,17530
BT6,20090608,52,52,52,52,9890
BT6,20090605,49.7,49.7,49.2,49.7,54580
BT6,20090604,47.7,48.1,47.5,47.7,14240
BT6,20090603,47.2,47.5,47.2,47.3,9460
BT6,20090602,48.7,48.7,47.5,47.5,6950
BT6,20090601,47.7,48.7,47.2,47.8,2080
BT6,20090529,47.9,47.9,47.2,47.6,380
BT6,20090528,48.2,48.2,47.3,47.4,1330
BT6,20090527,49.2,49.2,47.7,48.2,1510
BT6,20090526,47.2,48.2,47.2,47.7,10210
BT6,20090525,47.5,49.7,47.5,48.2,4500
BT6,20090522,45.5,49.2,45.5,49.2,4900
BT6,20090521,49.2,49.2,46.7,47.2,3150
BT6,20090520,48.2,49.2,48.2,49.2,1280
BT6,20090519,47.2,49.2,47.2,48.2,7020
BT6,20090518,47.2,47.7,46.7,47.2,13830
BT6,20090515,47.2,49.2,47.2,49.2,10350
BT6,20090514,47.4,49.7,47.4,49.7,2510
BT6,20090513,49.7,49.7,48.2,49.2,5870
BT6,20090512,46.7,48.7,46.5,48.2,5430
BT6,20090511,48.2,49.2,48.2,48.7,4680
BT6,20090508,48.7,50,48.1,50,9310
BT6,20090507,48.2,51,48.2,50.5,860
BT6,20090506,46.7,49.7,46.7,49.7,1360
BT6,20090505,51,53,48.7,48.7,26140
BT6,20090504,50,51,49.2,51,5500
BT6,20090429,49.2,49.2,48.2,49.2,440
BT6,20090428,47,49.7,47,49.2,330
BT6,20090427,48.2,49.2,48.2,49.2,110
BT6,20090424,47.7,50,47.7,47.7,3360
BT6,20090423,47.3,49.7,47.3,49.7,30
BT6,20090422,49.7,49.7,49.2,49.2,3280
BT6,20090421,45.4,47.8,45.4,47.3,1220
BT6,20090420,48.2,51,47.3,47.3,1850
BT6,20090417,48.2,49.7,48.2,49.7,1920
BT6,20090416,47.3,48.7,46.9,47.3,6720
BT6,20090415,48.7,51,48.7,48.7,5800
BT6,20090414,53,53,51,51,8370
BT6,20090413,52,52,50,51,7330
BT6,20090410,52,52,50,50,1410
BT6,20090409,49.2,51,48.2,51,600
BT6,20090408,51.5,51.5,50.5,50.5,190
BT6,20090407,48.2,51.5,48.2,51.5,2000
BT6,20090403,51,51,49.2,50.5,1530
BT6,20090402,51,51.5,47.3,49.2,1680
BT6,20090401,46.9,49.2,46.9,49.2,160
BT6,20090331,49.2,49.2,46.9,46.9,2710
BT6,20090330,49.2,49.2,46.7,49.2,2350
BT6,20090327,53,53,49.2,49.2,650
BT6,20090326,51.5,51.5,49.2,51.5,4110
BT6,20090325,47.8,51,47.8,49.2,2410
BT6,20090324,51,51,50,50,8610
BT6,20090323,48.7,48.7,48.7,48.7,1170
BT6,20090320,51,51,51,51,3980
BT6,20090319,53.5,56,53.5,53.5,5430
BT6,20090318,56,56,56,56,4710
BT6,20090317,53.5,53.5,53.5,53.5,5140
BT6,20090316,51,51,51,51,1060
BT6,20090313,48.7,48.7,48.7,48.7,870
BT6,20090312,47.1,47.1,46.3,46.8,7330
BT6,20090311,44.8,44.8,44.3,44.8,3730
BT6,20090310,42.6,42.6,42.6,42.6,1470
BT6,20090309,40.5,40.5,40.5,40.5,210
BT6,20090306,38.5,38.5,38.5,38.5,350
BT6,20090305,36.6,36.6,36.6,36.6,1000
BT6,20090304,36.8,37.2,34.8,34.8,6760
BT6,20090303,37.3,37.3,34.3,35.3,2680
BT6,20090302,37.3,39.9,35.9,36,7030
BT6,20090227,38.8,38.9,37.9,37.9,2260
BT6,20090226,43.3,44.2,39.8,39.9,6900
BT6,20090225,46.6,46.6,42,42,2830
BT6,20090224,44.3,45.8,44.3,44.3,1070
BT6,20090223,47.3,47.8,46.7,46.7,2560
BT6,20090220,49.7,49.7,49.2,49.2,2560
BT6,20090219,52,52,51.5,51.5,4960
BT6,20090218,54,54,54,54,2040
BT6,20090217,62,62,57,57,950
BT6,20090216,57,60,55,60,1150
BT6,20090212,58,63,58,58,420
BT6,20090211,61,61,61,61,10
BT6,20090210,63,64,63,64,810650
BT6,20090209,63,66,62.5,66,15270
BT6,20090206,61.5,63,59.5,63,9250
BT6,20090205,58.5,62.5,58.5,62.5,5960
BT6,20090204,60,61.5,57,61.5,3230
BT6,20090203,54.5,60,54.5,60,5620
BT6,20090202,57.5,57.5,57.5,57.5,50
BT6,20090123,54.5,55,54.5,55,1040
BT6,20090122,55,55,55,55,100
BT6,20090121,52.5,52.5,52.5,52.5,470
BT6,20090120,55,55,55,55,70
BT6,20090119,53.5,58,53.5,58,730
BT6,20090116,56,56,56,56,620
BT6,20090114,57,59,57,59,5110
BT6,20090113,53.5,57.5,53.5,57.5,9590
BT6,20090109,53.5,55,53.5,55,5350
BT6,20090108,55,55,54.5,54.5,2160
BT6,20090107,54,55,54,55,1070
BT6,20090106,57,58.5,56,57,7610
BT6,20090105,58,58.5,56,56,6470
BT6,20090102,56,56,56,56,6000
BT6,20081231,57.5,57.5,56,56,3230
BT6,20081230,54.5,56,54,56,22880
BT6,20081229,50,53.5,50,53.5,3070
BT6,20081226,51,51,51,51,1970
BT6,20081225,48.7,48.7,46.7,48.7,7700
BT6,20081224,44.6,46.7,44.6,46.7,4630
BT6,20081223,42.4,44.6,42.4,44.6,1460
BT6,20081222,42.4,42.4,42.4,42.4,10
BT6,20081219,37.9,40.3,37.9,40.3,11980
BT6,20081218,38.3,38.3,38.3,38.3,24690
BT6,20081217,40.4,40.4,40.4,40.4,20
BT6,20081216,38.4,38.4,38.4,38.4,1900
BT6,20081215,36.5,36.5,36.5,36.5,930
BT6,20081212,34.7,34.7,34.7,34.7,320
BT6,20081211,33,33,33,33,4810
BT6,20081210,31.3,31.3,31.3,31.3,320
BT6,20081209,29.7,29.7,29.7,29.7,770
BT6,20081208,28.3,29.3,28.2,28.2,2850
BT6,20081205,29.8,29.8,29.8,29.8,1330
BT6,20081204,31.5,31.5,31.5,31.5,20
BT6,20081203,33.3,33.3,33.3,33.3,1050
BT6,20081202,35.1,35.1,35.1,35.1,290
BT6,20081201,37,37,37,37,1310
BT6,20081128,39,39,39,39,1270
BT6,20081127,41.1,41.1,41.1,41.1,4200
BT6,20081126,43.4,43.4,43.4,43.4,2030
BT6,20081125,45.8,45.8,45.8,45.8,60
BT6,20081124,48.2,48.2,48.2,48.2,1860
BT6,20081124,48.2,48.2,48.2,48.2,1860
BT6,20081121,50.5,50.5,50.5,50.5,101810
BT6,20081120,50,53,50,53,1980
BT6,20081119,52,52.5,52,52.5,530
BT6,20081118,53,53,53,53,2000
BT6,20081117,50,53.5,50,53.5,9910
BT6,20081114,51.5,53,51,51.5,1020
BT6,20081112,53,53,52,53,2910
BT6,20081111,53.5,54,53.5,53.5,2600
BT6,20081110,55,55,53,55,1110
BT6,20081107,55,55,52.5,55,10410
BT6,20081106,53.5,55,53.5,53.5,360
BT6,20081105,56,57,55,55,27820
BT6,20081104,54.5,54.5,53,54.5,1740
BT6,20081103,53,55,53,53,5120
BT6,20081031,55,55.5,52.5,55,11800
BT6,20081030,54,54,51.5,54,1670
BT6,20081029,54,54.5,54,54,1260
BT6,20081028,52,54,51.5,52,8540
BT6,20081027,54,56,53,54,9130
BT6,20081024,53.5,53.5,51,53.5,14340
BT6,20081023,53,53,50.5,53,7080
BT6,20081022,53,53,51,53,1880
BT6,20081021,53,53.5,52,53,7640
BT6,20081020,51,53,50,51,14710
BT6,20081017,50.5,53.5,50.5,50.5,210
BT6,20081016,50.5,51.5,50.5,51.5,2310
BT6,20081015,53,56.5,53,53,17450
BT6,20081014,55,55,55,55,24590
BT6,20081013,50,52.5,50,52.5,5510
BT6,20081010,48.7,52,48.7,52,15070
BT6,20081009,47.8,51,47.8,51,7270
BT6,20081008,47.8,51.5,47.3,49.7,11460
BT6,20081007,50,50,49.7,49.7,5670
BT6,20081006,51.5,52,51.5,52,1550
BT6,20081003,50.5,54,50.5,54,8590
BT6,20081002,51.5,51.5,51.5,51.5,4470
BT6,20081001,51,52,49.2,49.2,4200
BT6,20080930,51,51,51,51,4530
BT6,20080929,51.5,53.5,48.7,53.5,22600
BT6,20080926,51,51,51,51,3240
BT6,20080925,51.5,51.5,48.7,48.7,2090
BT6,20080924,49.2,49.2,49.2,49.2,550
BT6,20080923,53,55,50.5,50.5,15150
BT6,20080922,52,52.5,51,52.5,5160
BT6,20080919,47.8,50,47.8,50,4520
BT6,20080918,47.8,47.8,47.8,47.8,3640
BT6,20080917,49.7,53.5,49.7,50,30460
BT6,20080916,49.7,53,49.7,52,73960
BT6,20080915,47.3,52,47.3,52,4130
BT6,20080912,53,53.5,49.2,49.7,28050
BT6,20080911,46.8,51,46.8,51,5350
BT6,20080910,50,51,48.7,48.7,23990
BT6,20080909,51,53,51,51,3090
BT6,20080908,54,54,51.5,53,14670
BT6,20080905,49.7,54,49.7,54,28580
BT6,20080904,49.7,54,49.7,52,9820
BT6,20080903,52,52,51,52,12710
BT6,20080829,47.2,49.7,47.2,49.7,1910
BT6,20080828,51,51,49.7,49.7,4250
BT6,20080827,54.5,54.5,52,52,22000
BT6,20080826,56.5,56.5,54.5,54.5,58210
BT6,20080825,54,54,52,54,8540
BT6,20080822,51.5,55.5,51.5,51.5,4730
BT6,20080821,49.2,54,49.2,54,14200
BT6,20080820,51.5,51.5,51.5,51.5,2520
BT6,20080819,54,57,54,54,1770
BT6,20080818,59.5,59.5,57,57,5050
BT6,20080815,57,57,56,57,25340
BT6,20080814,54,55.5,54,55.5,33710
BT6,20080813,51.5,54,51,54,23680
BT6,20080812,52.5,52.5,50.5,52.5,13100
BT6,20080811,50.5,51.5,49.7,51.5,4870
BT6,20080808,49.2,50.5,47.8,50.5,3360
BT6,20080807,49.2,49.7,48.2,48.2,1200
BT6,20080806,49.7,49.7,48.2,48.2,1200
BT6,20080805,49.7,49.7,48.2,49.7,62720
BT6,20080804,48.2,48.2,48.2,48.2,15100
BT6,20080801,46.7,46.7,46.7,46.7,10650
BT6,20080731,45.6,45.6,45.6,45.6,14090
BT6,20080730,46.5,46.5,43.7,44.2,5810
BT6,20080729,45.1,45.1,45.1,45.1,670
BT6,20080728,41.1,43.7,41.1,43.7,8050
BT6,20080725,42.4,42.4,42.4,42.4,44160
BT6,20080724,43.8,45.2,43.8,43.8,8300
BT6,20080723,45.2,45.2,45.2,45.2,750
BT6,20080722,46.7,46.7,46.7,46.7,10
BT6,20080721,48.2,48.2,48.2,48.2,2110
BT6,20080718,49.7,51,49.7,49.7,3930
BT6,20080717,51,51,51,51,3440
BT6,20080716,49.7,49.7,46.7,49.7,5570
BT6,20080715,48.2,48.2,47.8,48.2,6380
BT6,20080714,46.7,46.7,46.2,46.7,8480
BT6,20080711,42.9,45.7,42.9,45.7,5040
BT6,20080710,44.3,44.3,43,44.3,3900
BT6,20080709,43,43,42.7,43,5920
BT6,20080708,41.1,41.7,41.1,41.7,12470
BT6,20080707,45.2,45.2,42.4,42.4,6410
BT6,20080704,43.8,43.8,43.8,43.8,2550
BT6,20080703,42.4,42.5,42.3,42.5,8260
BT6,20080702,41.4,41.4,40.7,41.2,4580
BT6,20080701,39,40.2,39,40.1,3290
BT6,20080630,40.3,40.3,39,39,350
BT6,20080627,37.9,40.3,37.9,40.3,820
BT6,20080626,39.1,39.1,38.7,39.1,2960
BT6,20080625,37.9,37.9,37.9,37.9,3320
BT6,20080624,36.7,36.7,36.7,36.7,570
BT6,20080623,39.1,39.1,37.9,37.9,830
BT6,20080620,39.1,39.1,39.1,39.1,200
BT6,20080619,40.4,40.4,40.4,40.4,2360
BT6,20080618,43.5,43.5,41.7,41.7,3970
BT6,20080617,40.8,42.6,40.8,42.6,6660
BT6,20080616,41.5,43.3,41.5,41.7,3160
BT6,20080613,42.4,42.4,42.4,42.4,3100
BT6,20080612,41.6,41.6,41.6,41.6,2690
BT6,20080611,40.8,40.8,40.8,40.8,5410
BT6,20080610,40,40,40,40,230
BT6,20080609,39.2,39.2,39.2,39.2,1270
BT6,20080606,38.4,38.4,38.4,38.4,4070
BT6,20080605,36,37.6,36,37.6,8080
BT6,20080604,36.8,36.8,36.8,36.8,300
BT6,20080603,36.1,36.1,36.1,36.1,1640
BT6,20080602,34.7,35.4,34.7,35.4,3040
BT6,20080530,34.4,34.7,34.4,34.7,21220
BT6,20080526,35.1,35.1,35.1,35.1,50
BT6,20080522,36.5,36.5,36.5,36.5,800
BT6,20080521,37.3,37.3,37.3,37.3,90
BT6,20080520,38.1,38.1,38.1,38.1,10
BT6,20080519,38.9,38.9,38.9,38.9,13050
BT6,20080516,39.7,39.7,39.7,39.7,8120
BT6,20080515,40.5,40.5,40.5,40.5,13160
BT6,20080514,41.3,41.3,41.3,41.3,10600
BT6,20080513,42.2,42.2,42.2,42.2,10
BT6,20080512,43.1,43.1,43.1,43.1,100
BT6,20080509,44,44,44,44,400
BT6,20080508,44.9,44.9,44.9,44.9,20
BT6,20080507,45.9,45.9,45.9,45.9,300
BT6,20080506,47.8,47.8,46.7,46.7,640
BT6,20080429,47.8,47.8,47.8,47.8,5090
BT6,20080428,48.7,49.7,48.7,48.7,9090
BT6,20080425,49.7,49.7,49.7,49.7,1600
BT6,20080424,50.5,50.5,50.5,50.5,50
BT6,20080423,51.5,51.5,51.5,51.5,20
BT6,20080422,52.5,52.5,52.5,52.5,1550
BT6,20080421,53.5,53.5,53.5,53.5,2570
BT6,20080418,55,56,54.5,54.5,1870
BT6,20080417,56.5,57.5,55.5,55.5,13780
BT6,20080416,56.5,56.5,56.5,56.5,510
BT6,20080411,57.5,57.5,57.5,57.5,550
BT6,20080410,58.5,58.5,58.5,58.5,300
BT6,20080409,60.5,60.5,59,59,5620
BT6,20080408,60.5,60.5,59.5,60,20270
BT6,20080407,59.5,59.5,59.5,59.5,22250
BT6,20080404,58.5,58.5,58.5,58.5,360
BT6,20080403,58,58,58,58,2100
BT6,20080402,57.5,57.5,57.5,57.5,1570
BT6,20080401,57,57,57,57,1240
BT6,20080331,56.5,56.5,56.5,56.5,3330
BT6,20080328,56,56,56,56,260
BT6,20080327,55,55.5,55,55.5,6550
BT6,20080326,52.5,56.5,52.5,55,10260
BT6,20080325,53,56.5,52.5,55,5930
BT6,20080324,53.5,54.5,53.5,54,5490
BT6,20080321,52,55.5,51.5,55.5,11080
BT6,20080320,53,54,53,53,9720
BT6,20080319,56,58.5,56,56,33880
BT6,20080318,59,59,59,59,109660
BT6,20080317,62,62,62,62,27920
BT6,20080314,66,66,62.5,65.5,315510
BT6,20080313,63,63,62.5,63,142020
BT6,20080312,60,60,60,60,45610
BT6,20080311,57.5,57.5,57,57,199640
BT6,20080310,55,55,55,55,37890
BT6,20080307,52.5,52.5,52.5,52.5,3620
BT6,20080306,48.7,50,48.7,50,2180
BT6,20080305,44.9,49.7,44.9,47.8,19360
BT6,20080304,45.5,49.7,45.3,47.2,24610
BT6,20080303,49.2,49.7,47.2,47.2,16200
BT6,20080229,49.7,51.5,49.7,49.7,34010
BT6,20080228,48.7,50,48.7,49.7,28050
BT6,20080227,47.8,50,47.8,49.2,9700
BT6,20080226,50.5,51,47.8,47.8,102400
BT6,20080225,49.7,50,49.7,50,44340
BT6,20080222,43.4,47.8,43.4,47.8,21550
BT6,20080221,45.8,45.9,45.8,45.8,44700
BT6,20080220,48.7,49.2,47.8,48.2,15560
BT6,20080219,49.2,49.7,48.7,48.7,25540
BT6,20080218,49.2,49.7,48.7,49.7,43340
BT6,20080215,51,51.5,49.2,50.5,40440
BT6,20080214,47.8,50.5,47.8,50.5,15370
BT6,20080213,50.5,50.5,48.7,48.7,23140
BT6,20080212,52,52,49.7,49.7,12430
BT6,20080201,50.5,52.5,50.5,52,19490
BT6,20080131,49.7,50.5,47.2,50.5,22680
BT6,20080130,49.7,49.7,49.2,49.7,16030
BT6,20080129,44.9,47.2,42.9,47.2,24200
BT6,20080128,45.4,45.4,44.9,45.3,6000
BT6,20080125,43.4,44.9,43.4,44.1,6760
BT6,20080124,44.9,45.8,43.4,43.4,7150
BT6,20080123,45.9,45.9,43.9,43.9,35300
BT6,20080122,46.4,46.7,46.4,46.4,14090
BT6,20080121,49.2,49.7,47.8,48.2,8250
BT6,20080118,47.2,49.2,46.7,49.2,14050
BT6,20080117,48.7,48.7,46.4,46.7,15090
BT6,20080116,46.4,46.7,45.9,46.7,13770
BT6,20080115,44.9,45.4,44.9,44.9,22830
BT6,20080114,49.7,49.7,47.2,47.2,145350
BT6,20080111,49.2,49.7,48.7,49.7,8130
BT6,20080110,48.7,48.7,48.2,48.2,42130
BT6,20080109,52,52,50.5,50.5,13220
BT6,20080108,52.5,54.5,52,52,9460
BT6,20080107,53.5,53.5,52.5,52.5,55460
BT6,20080104,54.5,55.5,54.5,55.5,16240
BT6,20080103,55.5,55.5,55,55,4570
BT6,20080102,55,55.5,55,55.5,1840
BT6,20071228,56,56.5,55,55,21880
BT6,20071227,57.5,57.5,56,56,4790
BT6,20071226,56.5,56.5,55.5,56,10210
BT6,20071225,57.5,57.5,55.5,56,1120
BT6,20071224,56,57.5,56,57.5,3780
BT6,20071221,55.5,57,55.5,57,12510
BT6,20071220,58.5,58.5,55,55,20120
BT6,20071219,56.5,57,55.5,57,11840
BT6,20071218,54,54.5,54,54.5,4460
BT6,20071217,55.5,55.5,54,54,10170
BT6,20071214,57.5,58,56.5,56.5,11440
BT6,20071213,59.5,59.5,57.5,57.5,2910
BT6,20071212,60,60.5,58.5,59.5,11300
BT6,20071211,58.5,58.5,57.5,57.5,8760
BT6,20071210,58.5,58.5,57.5,58.5,11300
BT6,20071207,59,60.5,59,60,16820
BT6,20071206,59.5,59.5,59,59,21250
BT6,20071205,61,61,59.5,59.5,20950
BT6,20071204,60.5,60.5,59.5,60.5,15370
BT6,20071203,58.5,59.5,58.5,59.5,7660
BT6,20071130,58.5,58.5,58,58.5,12460
BT6,20071129,58.5,59,58.5,59,23380
BT6,20071128,58.5,60,58.5,60,44690
BT6,20071127,58.5,59.5,58,58,18220
BT6,20071126,57.5,58.5,57.5,58.5,18310
BT6,20071123,57,57,56.5,56.5,6480
BT6,20071122,55.5,57.5,55.5,56.5,14160
BT6,20071121,57,57.5,55.5,55.5,4800
BT6,20071120,57,57.5,57,57,20600
BT6,20071119,56.5,57.5,56.5,57,8010
BT6,20071116,56.5,56.5,55.5,56.5,6650
BT6,20071115,55.5,58,55.5,57.5,9740
BT6,20071114,54.5,57,54.5,57,16810
BT6,20071113,57.5,57.5,54.5,54.5,10410
BT6,20071112,58,58.5,57.5,57.5,14300
BT6,20071109,60.5,60.5,58.5,58.5,6630
BT6,20071108,61.5,61.5,60.5,61,4120
BT6,20071107,63.5,63.5,61.5,62.5,23530
BT6,20071106,60.5,61.5,60,61.5,22940
BT6,20071105,62.5,62.5,60.5,61.5,15460
BT6,20071102,60.5,62.5,60.5,62.5,24550
BT6,20071101,60.5,63.5,60.5,63,28110
BT6,20071031,60,60.5,59.5,60.5,51090
BT6,20071030,62.5,63,60.5,60.5,52540
BT6,20071029,62,64.5,62,63,18110
BT6,20071026,64.5,65.5,64,64,17130
BT6,20071025,66.5,66.5,64.5,64.5,30550
BT6,20071024,63.5,65.5,63.5,65.5,38800
BT6,20071023,65.5,65.5,64.5,64.5,23540
BT6,20071022,68.5,68.5,66.5,66.5,18200
BT6,20071019,62.5,68.5,62.5,68.5,27360
BT6,20071018,58.5,59,58.5,59,37180
BT6,20071017,58.5,59.5,58.5,59,60973
BT6,20071016,59,59.5,58.5,59,45562
BT6,20071015,58.5,60.5,58.5,59,36795
BT6,20071012,58.5,60.5,58.5,60,77902
BT6,20071011,61.5,62.5,61,61,40029
BT6,20071010,60,61,60,61,99275
BT6,20071009,57.5,59,57,58.5,37686
BT6,20071008,56.5,57,56,56.5,26224
BT6,20071005,57,57.5,56.5,57,43197
BT6,20071004,57.5,57.5,55,56.5,23155
BT6,20071003,57,58.5,56,58,29590
BT6,20071002,55,59,53.5,59,93918
BT6,20071001,54,56,53.5,56,96987
BT6,20070928,53,53.5,52.5,53.5,60390
BT6,20070927,51.5,53,51.5,53,76615
BT6,20070926,55,55,53.5,54,43637
BT6,20070925,52.5,54.5,52.5,54.5,43648
BT6,20070924,52,52.5,51.5,52,40502
BT6,20070921,53.5,53.5,52,52.5,17567
BT6,20070920,53.5,54,53.5,53.5,59158
BT6,20070919,54,54,51.5,53.5,47377
BT6,20070918,53.5,54,53,53.5,43175
BT6,20070917,53.5,53.5,52.5,53.5,57409
BT6,20070914,51,52,50.5,52,56683
BT6,20070913,51,51.5,50.5,51,42636
BT6,20070912,51,53,51,51.5,53229
BT6,20070911,54,54,52,52,51546
BT6,20070910,53.5,54,53,54,92191
BT6,20070907,50.5,51.5,49.7,51.5,151745
BT6,20070906,48.7,49.2,48.2,49.2,59411
BT6,20070905,49.2,49.2,47.2,48.2,13937
BT6,20070904,48.7,48.7,48.2,48.7,19338
BT6,20070831,47.2,47.8,47.2,47.8,17853
BT6,20070830,47.2,47.2,46.7,47.2,10725
BT6,20070829,46.7,47.2,46.7,46.7,4752
BT6,20070828,46.7,47.2,46.4,47.2,21142
BT6,20070827,46.7,47.2,46.7,47.2,9218
BT6,20070824,47.2,47.2,46.7,47.2,23078
BT6,20070823,46.4,47.2,46.4,46.7,11440
BT6,20070822,47.2,47.2,46.7,46.7,26862
BT6,20070821,46.4,46.7,46.4,46.7,22286
BT6,20070820,46.7,46.7,46.7,46.7,27874
BT6,20070817,45.9,46.7,45.9,46.7,33352
BT6,20070816,46.7,47.8,46.7,47.2,57200
BT6,20070815,47.8,48.7,46.7,48.7,75878
BT6,20070814,46.7,47.2,46.4,46.7,22759
BT6,20070813,45.1,46.4,45.1,45.9,35002
BT6,20070810,44.2,45.5,44.2,45.5,39798
BT6,20070809,44.7,45.1,44.7,45.1,13750
BT6,20070808,45.1,45.1,44.7,44.7,12606
BT6,20070807,44.2,44.7,43.8,44.7,20262
BT6,20070806,44.7,45.1,44.7,44.7,13332
BT6,20070803,42.2,45.1,42.2,44.7,43450
BT6,20070802,44.2,44.7,43.4,43.4,32813
BT6,20070801,43,44.2,43,44.2,16082
BT6,20070731,42.2,43,42.2,42.2,32450
BT6,20070730,43,43.8,43,43,15466
BT6,20070727,43.8,43.8,43.4,43.4,17567
BT6,20070726,43.8,44.7,43.8,43.8,16907
BT6,20070725,45.5,45.5,44.7,44.7,20427
BT6,20070724,46.7,46.7,45.5,45.5,23650
BT6,20070723,46.7,46.7,46.7,46.7,24629
BT6,20070720,46.7,46.7,46.7,46.7,16522
BT6,20070719,48.7,48.7,46.7,46.7,29227
BT6,20070718,48.7,48.7,47.2,47.2,20097
BT6,20070717,46.7,48.7,46.7,48.7,58927
BT6,20070716,49.2,49.2,46.7,46.7,22704
BT6,20070713,49.7,49.7,49.2,49.2,208494
BT6,20070712,49.2,49.2,49.2,49.2,144232
BT6,20070711,46.7,46.7,46.7,46.7,13739
BT6,20070710,45.1,45.1,45.1,45.1,11374
BT6,20070709,43,43,43,43,39787
BT6,20070706,40.5,40.9,40.5,40.9,38445
BT6,20070705,42.2,42.2,40.9,40.9,39853
BT6,20070704,40.5,41.8,40.5,41.8,48609
BT6,20070703,40.5,40.5,40.1,40.1,23881
BT6,20070702,42.2,42.2,41.8,41.8,71049
BT6,20070629,42.2,42.2,42.2,42.2,42801
BT6,20070628,42.2,42.2,41.8,41.8,34441
BT6,20070627,42.6,42.6,42.6,42.6,19635
BT6,20070626,42.6,42.6,42.6,42.6,51843
BT6,20070625,43.8,43.8,41.4,41.4,65439
BT6,20070622,43.8,43.8,43.4,43.4,22220
BT6,20070621,44.2,44.2,44.2,44.2,23639
BT6,20070620,44.7,45.1,44.7,45.1,22924
BT6,20070619,45.5,45.5,45.1,45.1,11209
BT6,20070618,45.5,45.5,45.5,45.5,43043
BT6,20070615,45.5,45.9,45.5,45.9,13266
BT6,20070614,46.4,46.4,45.9,45.9,9086
BT6,20070613,46.4,46.7,46.4,46.7,13398
BT6,20070612,46.4,46.4,46.4,46.4,4345
BT6,20070611,46.7,46.7,46.7,46.7,14641
BT6,20070608,46.4,46.7,46.4,46.4,28633
BT6,20070607,45.9,46.4,45.9,45.9,16016
BT6,20070606,45.1,45.5,44.7,45.5,10285
BT6,20070605,45.5,46.4,45.1,45.1,4081
BT6,20070604,45.9,46.4,45.5,46.4,31878
BT6,20070601,46.4,46.7,46.4,46.7,24134
BT6,20070531,47.2,47.8,47.2,47.8,14575
BT6,20070530,46.7,47.2,46.7,47.2,25025
BT6,20070529,47.2,47.8,47.2,47.8,14872
BT6,20070528,48.2,48.2,47.8,48.2,14014
BT6,20070525,47.8,48.2,47.8,48.2,8690
BT6,20070524,49.2,49.2,48.7,48.7,10076
BT6,20070523,50,50,49.2,49.2,58740
BT6,20070522,48.7,49.2,48.7,49.2,62722
BT6,20070521,49.2,49.2,48.7,48.7,22484
BT6,20070518,49.2,49.2,48.7,48.7,4653
BT6,20070517,48.7,49.2,48.7,49.2,8327
BT6,20070516,49.2,50,49.2,49.7,18546
BT6,20070515,51.5,51.5,49.2,50.5,22000
BT6,20070514,49.2,49.7,49.2,49.7,21659
BT6,20070511,47.8,49.2,47.8,49.2,19800
BT6,20070510,48.2,48.2,47.8,47.8,9823
BT6,20070509,50,50,48.7,49.2,9405
BT6,20070508,49.2,50,49.2,50,24112
BT6,20070507,49.2,49.2,49.2,49.2,16500
BT6,20070504,45.9,46.7,45.9,46.7,9845
BT6,20070503,46.7,47.8,46.7,46.7,12540
BT6,20070502,48.2,48.2,46.7,46.7,4972
BT6,20070425,45.5,47.8,45.5,47.8,17941
BT6,20070424,44.7,45.5,44.7,45.5,8690
BT6,20070423,44.7,46.7,44.7,46.7,18029
BT6,20070420,47.8,47.8,46.7,46.7,8338
BT6,20070419,47.8,47.8,47.8,47.8,27698
BT6,20070418,45.5,45.5,45.5,45.5,13563
BT6,20070417,44.2,44.2,43.4,43.4,18007
BT6,20070416,46.7,46.7,45.9,45.9,5720
BT6,20070413,48.7,48.7,48.2,48.2,20141
BT6,20070412,51,51,50,50,20614
BT6,20070411,51.5,52.5,51.5,52.5,9042
BT6,20070410,52.5,52.5,52.5,52.5,14707
BT6,20070409,53.5,53.5,52.5,52.5,13046
BT6,20070406,55,55,54,54,8987
BT6,20070405,56,56,55,55,17380
BT6,20070404,54,55,54,55,16082
BT6,20070403,53.5,53.5,53.5,53.5,12287
BT6,20070402,58,58,55,55,28446
BT6,20070330,58,58,58,58,15136
BT6,20070329,55,55,55,55,2530
BT6,20070328,51.5,52.5,51.5,52.5,21824
BT6,20070327,54.5,54.5,54.5,54.5,38170
BT6,20070326,57.5,58.5,57.5,57.5,22242
BT6,20070323,59,61.5,59,59,46849
BT6,20070322,61.5,61.5,59,59,36509
BT6,20070321,64,64,61.5,61.5,24354
BT6,20070320,65,65,64,64,27489
BT6,20070319,63.5,65,63.5,65,34694
BT6,20070316,58.5,63.5,58.5,63.5,32219
BT6,20070315,62.5,62.5,61,61.5,51535
BT6,20070314,65.5,65.5,64,64,45958
BT6,20070314,65.5,65.5,64,64,45958
BT6,20070313,68,70,67.5,67.5,41514
BT6,20070312,66.5,66.5,66.5,66.5,53438
BT6,20070309,66.5,66.5,65.5,65.5,75581
BT6,20070308,65.5,66.5,65.5,66.5,52063
BT6,20070307,71.5,71.5,68,68,43868
BT6,20070306,70.5,70.5,70.5,70.5,52800
BT6,20070305,67.5,67.5,67.5,67.5,64471
BT6,20070302,64,64,64,64,74899
BT6,20070301,61,61,61,61,67430
