<Ticker>,<DTYYYYMMDD>,<Open>,<High>,<Low>,<Close>,<Volume>
CAP,20100729,20.9,21.1,20.9,21,12800
CAP,20100728,22.5,22.5,22.4,22.4,4200
CAP,20100727,24.2,24.2,24,24,10800
CAP,20100726,26.5,26.5,24.5,25.7,27300
CAP,20100723,24.8,24.8,24.8,24.8,42100
CAP,20100722,23.2,23.2,23.2,23.2,10200
CAP,20100721,21.7,21.8,21.7,21.7,3300
CAP,20100720,19.6,20.9,19.6,20.4,11400
CAP,20100719,19.8,19.8,19.2,19.6,4100
CAP,20100716,19.5,19.5,19.5,19.5,2100
CAP,20100715,19.2,19.8,19.2,19.5,1600
CAP,20100714,20,20.2,20,20.1,1000
CAP,20100713,19.7,19.8,19.5,19.7,2000
CAP,20100712,19.9,19.9,19,19.2,1200
CAP,20100709,19.9,19.9,19.9,19.9,13500
CAP,20100708,19.5,19.5,19.5,19.5,3300
CAP,20100707,19.5,19.8,19.5,19.8,2000
CAP,20100706,19.3,20.3,19.2,19.4,2300
CAP,20100705,20.5,20.5,19,19.4,3700
CAP,20100702,20.1,20.1,20.1,20.1,100
CAP,20100701,20.1,20.1,18.8,19.3,6300
CAP,20100630,19.2,20,19.2,19.6,1000
CAP,20100629,19.2,19.5,19,19.4,19600
CAP,20100628,19.6,19.6,19.6,19.6,100
CAP,20100625,18.4,18.5,18.4,18.5,600
CAP,20100624,18.5,18.6,18.5,18.5,800
CAP,20100623,18,19.5,18,18.3,600
CAP,20100622,19,19,19,19,500
CAP,20100621,18.8,19.5,18.8,19.1,5500
CAP,20100618,18.3,18.3,18.3,18.3,1200
CAP,20100617,18,18.5,18,18.3,500
CAP,20100616,17.9,18.8,17.9,18.3,4700
CAP,20100615,18,18,17.5,17.9,500
CAP,20100614,17.8,18.5,17.8,18.4,1200
CAP,20100611,18.8,18.8,18,18.5,5100
CAP,20100610,18.8,18.8,18.8,18.8,200
CAP,20100609,19,19,18.5,18.6,2300
CAP,20100608,18.8,18.8,18.8,18.8,4000
CAP,20100607,18.8,18.8,18.8,18.8,1500
CAP,20100604,18.9,19,18.9,18.9,4800
CAP,20100602,18.9,19,18.9,18.9,2300
CAP,20100601,18.9,18.9,18.8,18.9,200
CAP,20100531,17.8,17.8,17.6,17.7,2000
CAP,20100528,18.9,18.9,18.9,18.9,3600
CAP,20100527,17.8,17.8,17.7,17.7,900
CAP,20100526,18.9,18.9,18.9,18.9,600
CAP,20100525,19.4,19.4,17.9,18.1,2000
CAP,20100524,18.9,18.9,18.5,18.8,2000
CAP,20100521,18,18,17.5,17.7,8300
CAP,20100520,18.8,18.8,18.8,18.8,100
CAP,20100519,18.9,18.9,17.4,17.8,6300
CAP,20100518,20,20,18,18.5,500
CAP,20100517,20.5,20.5,18.6,18.7,7600
CAP,20100514,19.8,19.8,19.8,19.8,1400
CAP,20100513,18.5,18.8,18.5,18.7,12100
CAP,20100512,19.8,19.8,19.8,19.8,2000
CAP,20100511,21.2,21.2,21.2,21.2,1000
CAP,20100510,22.7,22.7,22.6,22.7,1000
CAP,20100507,22,22,22,22,100
CAP,20100506,21,21.1,19.8,20.8,19700
CAP,20100505,19.4,20.5,19.2,19.8,27000
CAP,20100504,19.5,19.5,19.1,19.2,2100
CAP,20100429,19.6,19.6,19.4,19.4,1100
CAP,20100428,18.8,19.5,18.1,18.5,7900
CAP,20100426,19.5,19.5,18.6,18.8,1500
CAP,20100422,20.1,20.1,19.3,19.9,400
CAP,20100421,18.1,19.3,18.1,18.8,16900
CAP,20100420,18.1,18.1,18.1,18.1,3400
CAP,20100416,18,18.3,17.8,18,5500
CAP,20100415,17.8,17.8,17.8,17.8,1500
CAP,20100414,17.2,17.2,17.2,17.2,3000
CAP,20100413,17.2,17.2,17.2,17.2,2000
CAP,20100412,17.2,17.2,17.2,17.2,2500
CAP,20100409,17.5,17.7,17.5,17.6,200
CAP,20100407,17.1,17.1,17.1,17.1,300
CAP,20100402,18.1,18.1,17,17.1,1400
CAP,20100401,17,17,17,17,100
CAP,20100331,18.1,18.1,18.1,18.1,200
CAP,20100326,17,17,17,17,200
CAP,20100324,17,18,17,17.7,6200
CAP,20100323,18.4,18.4,17.5,17.5,3600
CAP,20100322,18,18,18,18,5200
CAP,20100318,18.6,18.6,18.6,18.6,7700
CAP,20100317,19,19,18.5,18.6,1200
CAP,20100316,20.2,20.2,18.5,18.5,9300
CAP,20100315,18.9,19.1,18.8,18.9,2200
CAP,20100312,18,19,18,18.9,1100
CAP,20100311,19.1,19.1,18.7,18.7,1200
CAP,20100310,18.2,19.4,18.2,18.7,3400
CAP,20100309,18.1,19.3,18.1,18.5,5200
CAP,20100308,17.8,19,17.3,18.6,18800
CAP,20100305,17.2,18,17.2,17.8,6300
CAP,20100304,18.4,18.4,18.4,18.4,100
CAP,20100303,17.4,17.4,17.4,17.4,100
CAP,20100302,16.5,16.5,16.5,16.5,100
CAP,20100301,16.5,16.5,16.5,16.5,500
CAP,20100226,16.4,16.5,16.4,16.5,500
CAP,20100225,16.4,16.4,16.4,16.4,500
CAP,20100224,16.6,16.7,16.6,16.6,1000
CAP,20100223,16.5,16.5,16.5,16.5,200
CAP,20100212,17.5,17.5,17.5,17.5,100
CAP,20100211,16.9,16.9,16.2,16.7,300
CAP,20100210,17.1,17.1,17.1,17.1,200
CAP,20100208,15.6,16,15.6,16,2100
CAP,20100205,16.2,16.2,16.2,16.2,1400
CAP,20100204,16.6,16.6,16.6,16.6,500
CAP,20100203,16.3,16.3,16,16.2,3300
CAP,20100202,16.9,16.9,16.3,16.3,5200
CAP,20100129,16.7,16.7,16.7,16.7,1000
CAP,20100128,19.5,19.5,17.7,17.9,1100
CAP,20100126,18.9,19.1,18.9,19,600
CAP,20100125,17.9,18.2,17.5,17.9,3000
CAP,20100122,18.6,18.6,17.1,17.2,1400
CAP,20100121,17.2,17.6,17.2,17.4,3200
CAP,20100120,18.4,18.4,18.4,18.4,100
CAP,20100119,17.2,17.2,17.2,17.2,1500
CAP,20100118,17,17,17,17,1900
CAP,20100115,17.6,17.6,17.5,17.5,1400
CAP,20100114,18,18,18,18,100
CAP,20100113,17.2,17.2,17.2,17.2,1300
CAP,20100112,17.5,17.5,17.2,17.2,1100
CAP,20100111,18.7,18.7,17.9,18.4,1200
CAP,20100108,19.2,19.2,18.5,18.7,5300
CAP,20100106,19,19.7,18.5,19.2,5600
CAP,20100105,19.3,20,19,19.7,6200
CAP,20100104,18.9,19.2,18.5,18.7,700
CAP,20091231,18.4,18.4,18.4,18.4,200
CAP,20091230,17.9,17.9,17.7,17.8,900
CAP,20091229,17.7,17.9,17.7,17.9,800
CAP,20091228,17.9,17.9,17.5,17.7,4100
CAP,20091225,17,17,17,17,200
CAP,20091224,15.9,15.9,15.9,15.9,300
CAP,20091223,14.8,15,14.8,14.9,400
CAP,20091222,15.6,15.6,15.5,15.6,1000
CAP,20091221,16.5,16.5,16.5,16.5,2000
CAP,20091218,15.5,15.5,15.5,15.5,1000
CAP,20091217,15.1,15.9,15,15,3800
CAP,20091216,16,16,16,16,1000
CAP,20091214,16.9,16.9,16,16.6,13000
CAP,20091211,16,16,15.8,15.8,6000
CAP,20091210,16.6,17,16,16.4,16400
CAP,20091209,17,17.3,16.8,17,4300
CAP,20091208,16.9,16.9,16.9,16.9,1000
CAP,20091207,17.6,17.6,17.6,17.6,500
CAP,20091204,18.1,18.1,17,17.1,2100
CAP,20091203,17.1,17.1,17,17.1,3000
CAP,20091202,18,18,18,18,2000
CAP,20091201,18.8,19.1,18.8,19,3800
CAP,20091127,17.8,17.8,17.8,17.8,100
CAP,20091126,17,17,16.8,16.8,2100
CAP,20091125,19.3,20.6,17.9,18.1,13600
CAP,20091124,19,19.5,19,19.3,5200
CAP,20091123,19.4,19.5,19.4,19.5,3000
CAP,20091120,20.6,20.6,19.8,20.2,2600
CAP,20091119,20.4,21.1,20.1,20.4,4600
CAP,20091118,20.5,20.5,19.6,19.7,2000
CAP,20091117,19.6,20,19.6,19.6,17300
CAP,20091116,19.4,19.5,19.3,19.4,13300
CAP,20091113,20.7,22,19.2,20.2,10900
CAP,20091112,20.8,21,20,20.7,11200
CAP,20091111,18.5,20.4,18.5,19.6,1300
CAP,20091110,19.4,19.6,19,19.1,17500
CAP,20091109,20.5,20.5,20.5,20.5,4200
CAP,20091106,23,23,21.6,22.1,7400
CAP,20091105,21.4,21.5,21.4,21.5,7400
CAP,20091104,19.2,20.7,19.2,20.1,3000
CAP,20091103,21,21.1,20.5,20.7,16500
CAP,20091102,23.3,23.3,21.9,22.1,17000
CAP,20091030,23,24,23,23.6,5300
CAP,20091029,25.4,25.4,22,22.6,13000
CAP,20091028,23,23.8,23,23.7,26700
CAP,20091027,23,23.2,21.1,22.2,3000
CAP,20091026,22.9,22.9,21.1,22,7200
CAP,20091023,22.5,23.6,21.8,22.1,15900
CAP,20091022,24.6,24.6,23.1,23.5,3500
CAP,20091021,25.7,25.7,24,24.6,17200
CAP,20091020,24.1,24.1,23.5,24,61300
CAP,20091019,22.5,22.5,22.5,22.5,44900
CAP,20091016,21,21,21,21,20800
CAP,20091015,19.6,19.6,19.6,19.6,4100
CAP,20091014,17.5,18.4,17.5,18.3,12400
CAP,20091013,16.8,17.5,16.8,17.2,2600
CAP,20091012,18.5,18.5,16.6,17,5300
CAP,20091009,16.7,17.5,16.7,17.3,1600
CAP,20091008,16.6,16.6,16.6,16.6,800
CAP,20091007,17.9,17.9,17.6,17.6,1100
CAP,20091005,16.7,16.7,16.7,16.7,500
CAP,20091002,18,18,18,18,100
CAP,20091001,17.6,17.6,17.2,17.4,5600
CAP,20090930,18.5,18.5,18.5,18.5,100
CAP,20090929,17.5,17.8,17.5,17.6,300
CAP,20090928,17,17.3,17,17.1,1800
CAP,20090925,18,18,18,18,100
CAP,20090924,18,18,17,17.8,6600
CAP,20090923,18,18,17.2,17.6,9700
CAP,20090922,17,17,17,17,2700
CAP,20090921,18.5,18.5,18,18,5100
CAP,20090918,19,19,17,17.6,5100
CAP,20090917,19,19,17,17.7,1400
CAP,20090916,18,18,18,18,100
CAP,20090915,16.8,16.8,16.8,16.8,2900
CAP,20090914,16.1,16.5,16.1,16.4,4300
CAP,20090911,16,16.7,16,16.3,3600
CAP,20090910,15.8,15.8,15.8,15.8,200
CAP,20090909,15.8,15.8,15.6,15.7,4800
CAP,20090908,15,16.2,15,16,5100
CAP,20090907,15.1,15.1,15,15.1,2100
CAP,20090904,16.1,16.3,16.1,16.2,4500
CAP,20090903,16.7,17.9,16.7,17.1,1700
CAP,20090901,17,18.1,17,17.9,1400
CAP,20090831,17.4,17.4,17,17.4,3900
CAP,20090828,15.5,16.9,15.5,16.2,9400
CAP,20090827,15.1,16,15.1,15.8,500
CAP,20090826,15.9,16,15.9,16,3900
CAP,20090825,15.1,15.3,15.1,15.2,1500
CAP,20090824,16.6,16.6,15.2,16,6100
CAP,20090821,15.5,15.5,15.5,15.5,1000
CAP,20090820,14.5,14.5,14.5,14.5,100
CAP,20090819,15,15.5,15,15.4,600
CAP,20090818,15.9,15.9,15.1,15.6,2300
CAP,20090817,16.1,16.1,16.1,16.1,1000
CAP,20090814,15.5,16.3,15.5,15.9,1100
CAP,20090813,14.2,15.2,14.2,15.2,19300
CAP,20090812,14.3,14.3,14.2,14.2,1400
CAP,20090810,15,15,15,15,600
CAP,20090807,14.2,14.2,14.1,14.2,500
CAP,20090806,16,16,15,15.2,2400
CAP,20090805,16,16,16,16,100
CAP,20090804,15.8,15.8,15.8,15.8,300
CAP,20090803,17,17,17,17,100
CAP,20090731,17,17,17,17,1900
CAP,20090730,16.2,16.5,16,16.3,10100
CAP,20090729,16.2,16.2,16.1,16.2,6400
CAP,20090728,14.1,15.6,14.1,15.1,3600
CAP,20090727,14.6,14.6,14.6,14.6,100
CAP,20090724,13.9,13.9,13,13.6,900
CAP,20090722,13,13,13,13,2000
CAP,20090721,13,13,13,13,500
CAP,20090717,12.3,13,12.3,12.7,1000
CAP,20090716,13.1,13.5,13,13.2,2200
CAP,20090714,14,14,14,14,1800
CAP,20090713,14,14,14,14,100
CAP,20090710,15,15,15,15,100
CAP,20090709,14.9,14.9,14,14.6,3400
CAP,20090707,14,14,13.5,13.9,900
CAP,20090706,14.4,14.4,14.4,14.4,100
CAP,20090703,13.3,13.4,13.3,13.4,1300
CAP,20090701,12.5,12.5,12.4,12.5,1700
CAP,20090630,13.3,13.5,13.3,13.4,1500
CAP,20090629,14,14,14,14,200
CAP,20090626,14.6,14.6,14.5,14.6,1900
CAP,20090625,16.1,16.1,15.5,15.6,1500
CAP,20090624,15,16.4,15,16,1600
CAP,20090623,15.3,15.3,15.3,15.3,4300
CAP,20090622,16.6,16.6,16.5,16.5,4800
CAP,20090619,17.8,17.8,17.8,17.8,1900
CAP,20090618,19.5,19.5,17.6,17.7,2200
CAP,20090617,18.2,19.8,18.2,18.3,4300
CAP,20090616,20.8,20.8,19.5,19.6,51200
CAP,20090615,22.4,22.4,19.8,21.1,11200
CAP,20090612,20.8,20.8,20.3,20.8,46900
CAP,20090611,18.3,19.5,18.3,19.3,31300
CAP,20090610,18.3,18.3,17,18.1,34200
CAP,20090609,17,17,17,17,7000
CAP,20090608,15.8,15.8,15.8,15.8,1000
CAP,20090605,14.7,14.7,14.7,14.7,3100
CAP,20090604,13.6,13.6,13.6,13.6,8200
CAP,20090603,12.6,12.6,12.4,12.6,3000
CAP,20090602,11.5,11.7,11.5,11.7,5000
CAP,20090601,10.8,10.8,10.8,10.8,2600
CAP,20090529,11.5,11.7,11.5,11.6,5700
CAP,20090528,10.8,12.3,10.8,11.5,3900
CAP,20090527,11.6,11.6,11.6,11.6,5400
CAP,20090526,10.7,10.7,10.7,10.7,2800
CAP,20090525,10.1,10.1,9.8,9.9,800
CAP,20090522,10.2,10.2,8.8,9.3,5100
CAP,20090521,9.8,9.8,9.2,9.4,4200
CAP,20090520,8.8,9.1,8.7,9.1,14400
CAP,20090519,7.2,8.6,7.2,8.4,2200
CAP,20090518,7.9,7.9,7.9,7.9,500
CAP,20090515,8.2,8.2,8.2,8.2,2900
CAP,20090514,7.6,7.6,7.6,7.6,100
CAP,20090513,8.3,8.3,8.2,8.3,1700
CAP,20090511,7.7,7.7,7.7,7.7,1000
CAP,20090508,8.4,8.4,8.4,8.4,100
CAP,20090507,8.8,8.8,8.4,8.5,4700
CAP,20090506,8.3,8.6,8.3,8.4,1200
CAP,20090505,8.4,8.4,8.2,8.2,1800
CAP,20090504,8.6,8.6,8.2,8.3,700
CAP,20090429,8.4,8.4,8.4,8.4,200
CAP,20090428,8.7,8.7,8,8.2,1200
CAP,20090427,8,8,8,8,200
CAP,20090424,8,8,8,8,200
CAP,20090421,8,8,8,8,1000
CAP,20090417,7.9,7.9,7.9,7.9,2000
CAP,20090416,7.9,7.9,7.9,7.9,100
CAP,20090415,8.2,8.2,8.1,8.1,3500
CAP,20090414,8.9,8.9,8.7,8.8,1600
CAP,20090413,9.3,9.3,9.3,9.3,900
CAP,20090410,8.3,9.7,8.3,8.6,1100
CAP,20090409,9,9,9,9,1000
CAP,20090407,9.8,9.8,9.8,9.8,100
CAP,20090403,9.1,9.2,9,9.1,5100
CAP,20090402,8.5,8.5,8.5,8.5,100
CAP,20090401,7.8,7.8,7.8,7.8,100
CAP,20090331,7.4,7.4,7.4,7.4,1000
CAP,20090330,6.4,7.6,6.4,6.9,1100
CAP,20090327,7,7,7,7,2000
CAP,20090326,7.4,7.4,7.3,7.3,800
CAP,20090325,7.7,7.7,7.4,7.5,1600
CAP,20090324,8.1,8.1,8.1,8.1,100
CAP,20090320,10,10,8.5,8.8,1000
CAP,20090319,9.3,9.3,9.3,9.3,300
CAP,20090318,8.7,8.8,8.6,8.6,1200
CAP,20090316,8.4,8.4,8.4,8.4,100
CAP,20090311,7.9,7.9,7.9,7.9,100
CAP,20090310,7.3,7.4,7.3,7.3,700
CAP,20090305,8,8,8,8,100
CAP,20090304,8.6,8.6,7.3,7.4,2100
CAP,20090303,7.9,7.9,7.9,7.9,1000
CAP,20090302,8.1,8.1,8.1,8.1,10420
CAP,20090227,8.8,8.8,8.8,8.8,100
CAP,20090226,8.3,8.3,8.3,8.3,700
CAP,20090225,9,9,9,9,200
CAP,20090224,8.7,8.7,8.7,8.7,100
CAP,20090223,8.5,8.5,8.5,8.5,500
CAP,20090220,7.9,7.9,7.9,7.9,1000
CAP,20090219,7.4,7.4,7.4,7.4,1100
CAP,20090218,6.8,6.8,6.8,6.8,1000
CAP,20090217,6.3,6.3,6.3,6.3,1400
CAP,20090216,7,7.4,6.8,6.9,3400
CAP,20090213,7.4,7.4,7.4,7.4,1500
CAP,20090212,8.1,8.1,8.1,8.1,1200
CAP,20090211,8.1,8.1,8.1,8.1,900
CAP,20090210,8.1,8.1,8.1,8.1,800
CAP,20090209,8.8,8.8,8.8,8.8,200
CAP,20090206,9.3,9.3,8.6,8.7,1200
CAP,20090204,9.2,9.2,7.9,8.6,200
CAP,20090202,7.9,8.6,7.9,8.5,500
CAP,20090123,8.6,8.6,8.6,8.6,600
CAP,20090119,9.2,9.2,9.2,9.2,500
CAP,20090116,8.1,8.9,8.1,8.5,400
CAP,20090115,8.7,8.7,8.7,8.7,200
CAP,20090114,9.4,9.4,9.4,9.4,1500
CAP,20090113,10.2,10.2,10.2,10.2,100
CAP,20090112,9.5,9.5,9.3,9.4,300
CAP,20090109,9.8,9.8,8.6,8.8,600
CAP,20090108,9.3,9.3,9.3,9.3,2000
CAP,20090107,10.1,10.1,10.1,10.1,600
CAP,20090106,9.3,9.3,9.3,9.3,400
CAP,20090102,8.8,8.8,8.8,8.8,1100
CAP,20081231,9.4,9.5,8.5,8.6,9800
CAP,20081229,9.4,9.4,9.1,9.3,200
CAP,20081226,9.7,9.7,9.7,9.7,100
CAP,20081225,9.7,9.7,9.2,9.2,1500
CAP,20081224,10.7,10.7,9.8,9.9,1100
CAP,20081223,10,10,10,10,100
CAP,20081222,9.3,9.3,9.2,9.3,1300
CAP,20081219,9.9,10.8,9.9,10,700
CAP,20081215,10.8,10.8,10.8,10.8,4300
CAP,20081209,10.6,10.6,10.6,10.6,100
CAP,20081205,10,10,9.9,9.9,1300
CAP,20081204,10.7,10.8,10.7,10.7,600
CAP,20081202,10.7,10.7,10.7,10.7,200
CAP,20081201,11.6,11.6,10.3,10.3,2800
CAP,20081128,10.8,11.3,10.3,10.7,900
CAP,20081127,10.8,10.8,10.8,10.8,600
CAP,20081126,10.8,11.7,10.8,11.4,300
CAP,20081125,12.2,12.2,11.3,11.5,1700
CAP,20081124,11.5,12.3,11.5,12.2,1100
CAP,20081124,11.5,12.3,11.5,12.2,1100
CAP,20081120,14.3,14.3,12.1,12.4,900
CAP,20081119,13.2,13.2,13.2,13.2,1100
CAP,20081118,12.2,12.2,12.2,12.2,200
CAP,20081117,11.6,11.6,11.6,11.6,4300
CAP,20081114,10.7,10.7,10.7,10.7,800
CAP,20081113,9.8,9.8,9.8,9.8,900
CAP,20081112,10.5,10.8,10.5,10.7,1300
CAP,20081111,11.5,11.5,11.5,11.5,700
CAP,20081110,12.8,12.8,11.8,12.6,500
CAP,20081107,12.2,12.2,12.2,12.2,1400
CAP,20081106,13.3,13.3,13.3,13.3,1100
CAP,20081105,13.5,13.5,13.3,13.4,2900
CAP,20081103,12.3,12.7,12.3,12.5,1100
CAP,20081031,13.5,13.5,11.9,12.7,2500
CAP,20081030,12.6,12.6,12.6,12.6,200
CAP,20081029,12.8,12.8,12.1,12.6,1600
CAP,20081027,12.7,12.7,11.7,12.1,900
CAP,20081022,13.3,13.3,12.3,12.8,2000
CAP,20081021,13.4,13.4,13.4,13.4,900
CAP,20081020,13.3,13.3,13.3,13.3,700
CAP,20081017,12.7,12.7,12.7,12.7,100
CAP,20081016,11.8,11.8,11.7,11.8,4100
CAP,20081015,13.3,13.3,12.3,12.8,2200
CAP,20081014,12.6,12.6,12.6,12.6,500
CAP,20081013,11.5,11.6,11.5,11.6,1500
CAP,20081010,11.5,11.5,11.5,11.5,8100
CAP,20081009,12,13.8,12,12.5,4600
CAP,20081008,12.9,14.1,12.9,13.1,1600
CAP,20081007,14.1,14.1,14.1,14.1,1200
CAP,20081006,15.3,15.3,15.3,15.3,1200
CAP,20081003,14.8,16.3,14.8,15.3,300
CAP,20081002,14.2,15.4,14.2,15.3,900
CAP,20081001,14.3,14.4,14.1,14.2,5300
CAP,20080930,15.4,15.4,15.4,15.4,1600
CAP,20080929,17.3,17.3,16.3,16.8,2600
CAP,20080926,18.3,18.3,16.9,17.1,3900
CAP,20080925,16.3,17.4,16.3,16.9,4200
CAP,20080924,19.8,19.8,17.3,17.4,5600
CAP,20080923,18.3,18.8,18.3,18.8,5000
CAP,20080922,19.5,19.9,19.5,19.9,27900
CAP,20080919,16.8,19.6,16.8,18.4,14200
CAP,20080918,18.2,18.8,16.9,18.2,1300
CAP,20080917,18.8,18.9,16.8,18.4,4100
CAP,20080916,16.5,19.3,16.5,17.5,5900
CAP,20080915,17.9,17.9,16.7,17.9,3200
CAP,20080912,14.8,17.4,14.8,16.6,5800
CAP,20080911,17.8,17.8,15.6,16.1,25900
CAP,20080910,18.8,18.8,16.8,17,10300
CAP,20080909,20.5,20.5,17.5,18.2,4100
CAP,20080908,19,19.2,18.9,19,4600
CAP,20080905,21.5,21.5,19.6,20.5,3100
CAP,20080904,21.6,21.7,20.6,21.1,5600
CAP,20080903,20.3,20.3,17.8,20.3,21000
CAP,20080829,18.8,18.8,18.8,18.8,2000
CAP,20080827,20.7,20.7,19.2,20.4,6900
CAP,20080826,19.2,19.2,19.1,19.2,6200
CAP,20080825,15.7,18.4,15.6,17.8,10600
CAP,20080822,18.8,18.8,16.3,17,2300
CAP,20080821,17.5,18.8,16.4,17.7,2600
CAP,20080820,17.6,17.7,17.6,17.6,3600
CAP,20080819,21.8,21.8,18.8,19.1,1700
CAP,20080818,19.8,20.4,19.7,20.4,10600
CAP,20080815,18.9,18.9,18.9,18.9,10800
CAP,20080814,18.1,18.1,18.1,18.1,13700
CAP,20080813,17.7,17.7,16.9,17.3,3500
CAP,20080812,17.7,17.7,17.7,17.7,6500
CAP,20080811,17.5,17.6,16,16.9,10200
CAP,20080808,16.9,17.1,16.3,16.8,2200
CAP,20080807,17.1,17.1,16.8,17.1,1200
CAP,20080806,15.8,17.2,15.8,16.5,6800
CAP,20080805,17.1,17.1,15.7,16.5,7800
CAP,20080804,16.4,16.4,16.4,16.4,600
CAP,20080801,16.8,16.8,15.5,15.7,3200
CAP,20080731,16.2,16.2,16.2,16.2,500
CAP,20080730,15.7,15.7,15,15.7,8000
CAP,20080729,14.6,15.3,14.6,15,1800
CAP,20080728,14.6,14.6,14.6,14.6,6200
CAP,20080725,15.3,16,15.3,15.3,12200
CAP,20080724,16,16,16,16,1200
CAP,20080723,16.8,16.8,16.8,16.8,500
CAP,20080722,17.6,17.6,17.6,17.6,4300
CAP,20080718,19,19,17.4,18.4,3500
CAP,20080717,18.2,18.2,18.2,18.2,8500
CAP,20080716,17.4,17.4,17.2,17.4,7400
CAP,20080715,16.7,16.7,16.7,16.7,3600
CAP,20080714,16,16,16,16,3000
CAP,20080711,15.3,15.3,15.2,15.3,3300
CAP,20080710,14.7,14.8,14.2,14.6,7500
CAP,20080709,14.3,14.3,13.8,14.2,6700
CAP,20080708,13.4,13.9,13.4,13.7,5600
CAP,20080707,14.2,14.2,13.5,13.9,4000
CAP,20080704,13.6,13.6,13.6,13.6,2100
CAP,20080703,13,13,13,13,100
CAP,20080702,12.4,12.4,12.4,12.4,900
CAP,20080701,11,11.9,11,11.8,600
CAP,20080630,10.8,11.7,10.7,11.4,6000
CAP,20080627,11.2,11.4,11.2,11.2,600
CAP,20080626,10.7,11.7,10.7,11.4,3400
CAP,20080625,11.3,11.3,11.1,11.2,1700
CAP,20080624,11.6,11.6,11.6,11.6,2100
CAP,20080623,11.9,12.2,11.9,12.1,1000
CAP,20080620,12.5,12.5,12.5,12.5,200
CAP,20080619,13.1,13.1,13.1,13.1,100
CAP,20080618,13.6,13.7,13.3,13.7,3300
CAP,20080617,13.3,13.3,13.3,13.3,1800
CAP,20080616,12.7,13,12.7,12.9,9600
CAP,20080613,12.9,12.9,12.9,12.9,3300
CAP,20080612,12.6,12.9,12.6,12.7,3600
CAP,20080611,12.5,12.5,12.5,12.5,1400
CAP,20080610,12.1,12.1,12.1,12.1,2800
CAP,20080609,12.5,12.5,12.5,12.5,100
CAP,20080606,12.9,12.9,12.9,12.9,300
CAP,20080530,13.3,13.3,13.3,13.3,100
CAP,20080529,13.8,13.8,13.8,13.8,1400
CAP,20080519,14.5,14.9,14.5,14.8,700
CAP,20080516,14.9,14.9,14.9,14.9,1200
CAP,20080515,14.3,14.4,14.3,14.4,1500
CAP,20080514,14,14,14,14,500
CAP,20080513,13.9,13.9,13.4,13.8,900
CAP,20080512,13.9,13.9,13.9,13.9,800
CAP,20080509,14.4,14.4,14.4,14.4,200
CAP,20080508,14.9,14.9,14.9,14.9,100
CAP,20080507,15.4,15.4,15.4,15.4,400
CAP,20080505,15.9,15.9,15.9,15.9,2000
CAP,20080429,16.4,16.4,16.4,16.4,1000
CAP,20080428,16.6,16.8,16.6,16.7,1600
CAP,20080423,17.2,17.2,17.2,17.2,100
CAP,20080422,17.8,17.8,17.8,17.8,1500
CAP,20080421,17.3,17.3,17.3,17.3,100
CAP,20080418,16.8,16.8,16.7,16.8,200
CAP,20080417,16.3,16.3,16.3,16.3,2200
CAP,20080416,16.1,16.1,15.7,15.8,3800
CAP,20080411,16.2,16.2,16.2,16.2,100
CAP,20080410,16.7,16.7,16.7,16.7,200
CAP,20080409,15.3,16.3,15.3,16.2,1500
CAP,20080408,15.8,15.8,15.8,15.8,5700
CAP,20080407,15.3,15.3,15.3,15.3,100
CAP,20080404,14.8,14.8,14.8,14.8,200
CAP,20080403,14.5,14.5,14.5,14.5,100
CAP,20080402,14.2,14.2,14.2,14.2,200
CAP,20080401,13.9,13.9,13.9,13.9,300
CAP,20080331,13.6,13.6,13.6,13.6,100
CAP,20080328,13.3,13.3,13.3,13.3,400
CAP,20080327,13,13,13,13,200
CAP,20080326,12.7,12.7,12.7,12.7,200
CAP,20080325,13.8,13.8,13.7,13.7,2200
CAP,20080324,15.5,15.5,15.5,15.5,1200
CAP,20080321,19.8,19.8,16.9,17.4,2000
CAP,20080320,19.8,19.8,17.8,19,1400
CAP,20080319,20.8,20.8,18.1,18.4,1600
CAP,20080318,20.4,20.4,20.4,20.4,2500
CAP,20080317,23,23,23,23,1200
CAP,20080314,31.6,31.6,25.4,25.9,2600
CAP,20080313,29.8,29.8,27.1,28.5,200
CAP,20080312,30.8,30.8,30.3,30.4,1400
CAP,20080310,34.3,34.3,33.8,34,2800
CAP,20080307,30.9,30.9,30.8,30.9,9300
CAP,20080306,27.3,27.8,27.3,27.8,6800
CAP,20080304,25.8,25.8,25.8,25.8,100
CAP,20080303,26.8,26.8,26.8,26.8,1000
CAP,20080229,26.8,26.8,26.8,26.8,100
CAP,20080225,30.8,30.8,28.8,29.8,200
CAP,20080222,27.8,27.8,27.8,27.8,100
CAP,20080221,27.8,27.8,27.8,27.8,100
CAP,20080220,31.8,31.8,28.8,29.3,600
CAP,20080219,29.8,29.8,29.8,29.8,100
CAP,20080218,29.8,31.2,27.8,30.3,1200
CAP,20080215,33.8,33.8,29.8,30.7,1000
CAP,20080214,30.6,30.6,30.6,30.6,1800
CAP,20080213,27.3,27.9,27.3,27.6,2600
CAP,20080212,30.3,30.3,30.3,30.3,1000
CAP,20080201,33.3,33.3,33.3,33.3,100
CAP,20080131,31.8,31.8,31.8,31.8,100
CAP,20080130,32,32,30.8,31.4,2200
CAP,20080129,28.9,28.9,28.8,28.9,1200
CAP,20080128,28.8,28.8,27.9,28.5,900
CAP,20080125,31.1,31.8,30.9,31.1,2300
CAP,20080124,30.8,31.8,30.8,31.1,600
CAP,20080123,28.9,32.8,28.8,29,3200
CAP,20080122,29.8,31.8,28.3,29.8,2900
CAP,20080121,31.8,31.8,28.3,30.4,1700
CAP,20080118,31.8,31.8,31.8,31.8,3000
CAP,20080117,31.8,32.8,31.8,31.8,3100
CAP,20080116,32.8,38.8,32.8,34.3,9500
CAP,20080115,36.8,36.8,36.8,36.8,100
CAP,20080114,36.7,36.7,36.7,36.7,200
CAP,20080111,36.8,36.8,36.8,36.8,1300
CAP,20080110,38.8,38.8,36.3,36.6,1200
CAP,20080109,26.8,56.8,26.8,36.3,11800
