<Ticker>,<DTYYYYMMDD>,<Open>,<High>,<Low>,<Close>,<Volume>
CSM,20100729,36,36.1,35,36,45130
CSM,20100728,37.1,37.1,36.1,36.1,21530
CSM,20100727,37,37.4,36.8,37,35850
CSM,20100726,37.2,37.9,37,37,64630
CSM,20100723,38,38.9,37.9,37.9,32020
CSM,20100722,38,38.3,38,38.1,31500
CSM,20100721,38.6,38.7,38,38.1,45320
CSM,20100720,39,39,38.7,38.7,38790
CSM,20100719,39.2,39.2,38.8,39,29760
CSM,20100716,39.4,39.4,39.2,39.2,51110
CSM,20100715,39.1,39.8,39.1,39.4,81450
CSM,20100714,40.2,40.2,39.8,39.9,156450
CSM,20100713,39,40,38.8,39.7,91620
CSM,20100712,38.9,38.9,38.4,38.7,29700
CSM,20100709,38.6,39,38.5,38.6,94720
CSM,20100708,39.2,39.2,38.6,38.6,44430
CSM,20100707,40.4,40.4,38.6,38.6,104220
CSM,20100706,39.3,40,39.3,39.4,163710
CSM,20100705,37.9,39.3,37.8,39.3,183710
CSM,20100702,38,38.3,37.4,37.5,67680
CSM,20100701,38,38.5,37.9,37.9,59510
CSM,20100630,37.1,38.6,37.1,38.6,100660
CSM,20100629,39,39,38.5,38.5,123010
CSM,20100628,39,39,38.8,38.8,34000
CSM,20100625,39.1,39.8,39,39,60220
CSM,20100624,40,40,39.7,39.8,63870
CSM,20100623,38.5,40,38.5,40,31310
CSM,20100622,40.5,40.5,39.9,40,81770
CSM,20100621,40.5,40.8,40.5,40.6,61030
CSM,20100618,40.8,40.8,40.3,40.7,40410
CSM,20100617,40,40.8,40,40.8,56010
CSM,20100616,40.5,40.5,40,40.5,61440
CSM,20100615,40.1,40.5,39.8,39.9,66990
CSM,20100614,41.3,41.8,40.5,40.5,73780
CSM,20100611,43,43,41.8,42,118550
CSM,20100610,40.4,41.2,40.4,41.2,124710
CSM,20100609,41.5,41.5,40.8,41.2,61960
CSM,20100608,41.5,41.9,41.2,41.5,107150
CSM,20100607,40.4,42.3,40.4,41.5,442130
CSM,20100604,41.2,41.5,40.4,40.4,99790
CSM,20100603,41.9,41.9,41.2,41.2,104230
CSM,20100602,41.2,41.5,41.2,41.5,107730
CSM,20100601,41.5,41.9,41.2,41.5,78850
CSM,20100531,41.5,42.7,41.5,42.3,103430
CSM,20100528,43.1,43.1,41.9,42.7,170560
CSM,20100527,40.8,41.5,40.4,41.2,98670
CSM,20100526,40.4,41.2,40,41.2,170760
CSM,20100525,39.2,39.6,38.8,39.2,115450
CSM,20100524,38.5,39.6,38.5,39.2,125900
CSM,20100521,39.2,40,39.2,39.2,209510
CSM,20100520,39.6,41.2,39.2,41.2,177740
CSM,20100519,41.5,41.9,41.2,41.2,305330
CSM,20100518,44.2,44.2,43.1,43.1,141290
CSM,20100517,45.4,45.4,43.8,44.2,118410
CSM,20100514,46.2,46.2,45.8,45.8,100710
CSM,20100513,46.2,47.3,45.8,45.8,155350
CSM,20100512,47.7,47.7,45.8,45.8,173280
CSM,20100511,46.5,47.7,46.5,47.7,307060
CSM,20100510,46.5,46.9,45.4,45.8,175770
CSM,20100507,48.1,48.5,46.5,46.9,299460
CSM,20100506,48.5,48.8,48.1,48.5,129680
CSM,20100505,49.2,49.2,48.5,48.5,162920
CSM,20100504,49.6,49.6,48.8,49.2,147090
CSM,20100429,49.6,50,48.8,49.2,265850
CSM,20100428,48.8,50,48.8,49.6,116450
CSM,20100427,49.6,50,49.2,49.2,126580
CSM,20100426,51,51,49.2,50,207870
CSM,20100422,49.6,51,49.6,51,583290
CSM,20100421,48.5,49.2,48.5,48.5,99040
CSM,20100420,49.2,49.2,48.1,48.8,228020
CSM,20100419,49.6,49.6,48.8,48.8,69300
CSM,20100416,50,50,49.6,49.6,164590
CSM,20100415,49.6,50,49.2,49.2,134750
CSM,20100414,49.2,49.6,48.8,49.6,114930
CSM,20100413,50,50.5,49.2,49.6,123710
CSM,20100412,51,51,50,50,209410
CSM,20100409,50,51,49.6,50,281030
CSM,20100408,50.5,50.5,49.2,49.6,229780
CSM,20100407,49.2,50.5,49.2,50,221800
CSM,20100406,51.5,51.5,49.6,50,203790
CSM,20100405,51.5,51.5,50.5,51,126230
CSM,20100402,49.2,51,48.5,50,463570
CSM,20100401,48.5,48.8,47.7,48.5,154490
CSM,20100331,49.2,49.2,48.1,48.1,176270
CSM,20100330,50,50.5,48.8,48.8,115590
CSM,20100329,49.6,50,49.2,50,72230
CSM,20100326,50,50,48.8,49.2,179300
CSM,20100325,50,50.5,49.2,49.2,300720
CSM,20100324,51,51,50,51,401150
CSM,20100323,51.5,51.5,50,50,199320
CSM,20100322,51.5,52.5,51,52,192070
CSM,20100319,53.5,53.5,52.5,52.5,230650
CSM,20100318,51.5,53,51,53,297010
CSM,20100317,52.5,52.5,51,51,307500
CSM,20100316,54,54,52,52,359920
CSM,20100315,54,56,53.5,54.5,446030
CSM,20100312,54.5,54.5,53,53.5,234910
CSM,20100311,54.5,55.5,54,54,400640
CSM,20100310,55,56,54,56,651030
CSM,20100309,54,54,53.5,54,533660
CSM,20100308,50,51.5,50,51.5,185250
CSM,20100305,49.2,50,48.8,49.2,159050
CSM,20100304,49.6,51,49.2,49.2,266990
CSM,20100303,49.2,49.6,48.8,49.6,128990
CSM,20100302,48.1,49.6,48.1,49.2,232020
CSM,20100301,47.7,49.2,47.3,49.2,144850
CSM,20100226,46.9,47.7,46.5,47.7,155060
CSM,20100225,48.5,48.8,47.3,47.3,123230
CSM,20100224,48.1,48.8,47.7,48.5,108320
CSM,20100223,51,51,48.8,48.8,140550
CSM,20100222,51,51.5,50.5,51,147550
CSM,20100212,50,51,49.6,50.5,89420
CSM,20100211,46.5,48.8,46.5,48.8,98000
CSM,20100210,45.8,46.5,45.4,46.5,102720
CSM,20100209,45.8,46.2,44.6,44.6,130220
CSM,20100208,46.9,47.7,46.5,46.5,88380
CSM,20100205,49.2,49.2,48.1,48.1,87370
CSM,20100204,47.7,49.6,47.7,49.2,112330
CSM,20100203,48.5,48.8,48.1,48.5,112600
CSM,20100202,50,50,48.1,48.5,140390
CSM,20100201,50,50.5,48.8,49.2,41670
CSM,20100129,48.5,50,48.1,50,67170
CSM,20100128,50,51,49.2,49.2,27600
CSM,20100127,53.5,53.5,50,50,94260
CSM,20100126,51.5,52.5,51,52.5,356200
CSM,20100125,50,50,49.2,50,97580
CSM,20100122,48.8,51,48.8,50,110340
CSM,20100121,51,52,50,50,168910
CSM,20100120,55.5,55.5,52.5,52.5,83370
CSM,20100119,53,55,53,54.5,66920
CSM,20100118,54.5,55.5,54,54,169930
CSM,20100115,58,58,56.5,57,96930
CSM,20100114,59,59,57,58,159470
CSM,20100113,57.5,58,54.5,57.5,183080
CSM,20100112,56.5,57.5,56,56,336860
CSM,20100111,60,60,58,58.5,200210
CSM,20100108,61.5,61.5,58.5,60,510990
CSM,20100107,60,61,59,60,302470
CSM,20100106,61.5,63,60,60,482310
CSM,20100105,62,62,59,61.5,500380
CSM,20100104,59,59,57.5,59,285810
CSM,20091231,56.5,56.5,56,56.5,251800
CSM,20091230,53,54,51.5,54,509270
CSM,20091229,51.5,51.5,51.5,51.5,61830
CSM,20091228,46.9,49.2,46.9,49.2,369890
CSM,20091225,49.2,49.2,48.1,48.5,327130
CSM,20091224,48.1,48.1,46.9,48.1,267090
CSM,20091223,45,46.5,44.6,46.5,341140
CSM,20091222,44.2,44.2,44.2,44.2,397710
CSM,20091221,42.3,42.3,42.3,42.3,99440
CSM,20091218,39.2,40.4,39.2,40.4,136860
CSM,20091217,39.2,39.6,38.8,38.8,209610
CSM,20091216,41.2,41.5,40.4,40.4,115530
CSM,20091215,43.1,44.2,42.7,42.7,134560
CSM,20091214,44.2,45.4,41.5,44.6,248500
CSM,20091211,43.8,44.2,43.1,43.1,190550
CSM,20091210,49.2,49.2,45.4,45.4,211270
CSM,20091209,48.1,48.1,47.7,47.7,227800
CSM,20091208,51,51,49.6,50,118300
CSM,20091207,51.5,51.5,50.5,51,133040
CSM,20091204,52,52,51,51,98120
CSM,20091203,53,53,49.6,51.5,195780
CSM,20091202,54,54,52,52,144050
CSM,20091201,53.5,54.5,52.5,54.5,151690
CSM,20091130,51,53.5,51,52.5,239840
CSM,20091127,48.8,53.5,48.8,51,757010
CSM,20091126,51,51,51,51,198640
CSM,20091125,56,56,54,54,306180
CSM,20091124,57,58,56,56.5,302950
CSM,20091123,60.5,60.5,57,57.5,398960
CSM,20091120,60.5,61.5,59,59.5,220020
CSM,20091119,62.5,63.5,61,61.5,462460
CSM,20091118,58.5,61,58.5,61,472810
CSM,20091117,59,59,58.5,58.5,212460
CSM,20091116,60.5,61.5,58.5,58.5,269740
CSM,20091113,59,59.5,59,59.5,158390
CSM,20091112,59.5,61.5,59,60.5,266410
CSM,20091111,58.5,60.5,58,59.5,238520
CSM,20091110,61,61,58,58.5,280460
CSM,20091109,63.5,63.5,61,61,345990
CSM,20091106,64,64,63.5,64,638900
CSM,20091105,59,61,58.5,61,306240
CSM,20091104,58.5,61.5,58.5,58.5,506930
CSM,20091103,62.5,62.5,61.5,61.5,216520
CSM,20091102,65,65,64.5,64.5,105420
CSM,20091030,67.5,67.5,65,67.5,400840
CSM,20091029,64.5,65,64,64.5,526130
CSM,20091028,68.5,69,66,67,991120
CSM,20091027,68.5,69,68.5,68.5,430790
CSM,20091026,74,75,72.5,72.5,393790
CSM,20091023,79,79,76,76,262030
CSM,20091022,79,79,77.5,79,1029990
CSM,20091021,72.5,76,71.5,76,867180
CSM,20091020,72.5,72.5,70.5,72.5,261610
CSM,20091019,72.5,72.5,71,71,377070
CSM,20091016,74.5,75,71.5,72.5,465490
CSM,20091015,76,76,74,75,608420
CSM,20091014,70.5,73.5,70.5,73.5,426120
CSM,20091013,71,71,70,70.5,343580
CSM,20091012,70.5,71.5,69,70.5,561420
CSM,20091009,74,74.5,70.5,70.5,706490
CSM,20091008,72.5,75,71,73.5,320220
CSM,20091007,70.5,72.5,68.5,72.5,664930
CSM,20091006,68.5,69,64,69,736300
CSM,20091005,67,69,67,67,746370
CSM,20091002,70,70,70,70,99790
CSM,20091001,75,76,73.5,73.5,539050
CSM,20090930,78.5,83,77,77,613100
CSM,20090929,81,81,77,81,594960
CSM,20090928,76,77,75,77,677400
CSM,20090925,72.5,73.5,71,73.5,827610
CSM,20090924,66,70.5,66,70.5,1042290
CSM,20090923,67.5,67.5,67.5,67.5,454660
CSM,20090922,64.5,64.5,64,64.5,541760
CSM,20090921,61.5,61.5,61,61.5,587340
CSM,20090918,56.5,59,56,59,1037600
CSM,20090917,56,56.5,54.5,56,327140
CSM,20090916,57,58,56,56,263490
CSM,20090915,56.5,56.5,56,56.5,607810
CSM,20090914,54,54,52.5,54,366610
CSM,20090911,51.5,51.5,51.5,51.5,137330
CSM,20090910,47.3,49.2,47.3,49.2,313520
CSM,20090909,46.9,47.3,46.9,46.9,224780
CSM,20090908,46.2,46.9,46.2,46.9,149360
CSM,20090907,46.2,46.2,44.6,45.8,112100
CSM,20090904,46.9,47.7,45.4,46.2,280700
CSM,20090903,46.5,46.9,46.2,46.2,133230
CSM,20090901,46.9,47.3,46.2,47.3,357630
CSM,20090831,46.9,46.9,46.2,46.9,984580
CSM,20090828,45,45.8,44.6,45.8,206080
CSM,20090827,44.6,45,43.5,44.6,248710
CSM,20090826,45,46.2,45,45,257170
CSM,20090825,46.5,46.5,45.4,45.8,668620
CSM,20090824,44.6,44.6,44.2,44.6,541340
CSM,20090821,42.7,42.7,42.7,42.7,88100
CSM,20090820,40.8,40.8,40.8,40.8,43350
CSM,20090819,39.2,39.2,39.2,39.2,10020
CSM,20090818,37.3,37.3,37.3,37.3,25230
CSM,20090817,35.5,35.5,35.5,35.5,15550
CSM,20090814,34,34,34,34,60
CSM,20090813,32.5,32.5,32.5,32.5,60
CSM,20090812,31.1,31.1,31.1,31.1,60
CSM,20090811,29.6,29.6,29.6,29.6,1520
