<Ticker>,<DTYYYYMMDD>,<Open>,<High>,<Low>,<Close>,<Volume>
DTT,20100729,13.3,13.9,13.1,13.4,32070
DTT,20100728,13.9,13.9,13.4,13.5,31650
DTT,20100727,14.1,14.2,13.7,13.7,64420
DTT,20100726,14.5,14.8,14.2,14.2,37630
DTT,20100723,15,15,14.6,14.6,23310
DTT,20100722,15,15,14.5,14.6,42300
DTT,20100721,15.4,15.4,15,15,52640
DTT,20100720,15.4,15.4,15,15.2,120870
DTT,20100719,15.1,15.7,15.1,15.1,101950
DTT,20100716,14.8,15.5,14.7,15.5,183980
DTT,20100715,14.8,14.9,14.7,14.8,36400
DTT,20100714,15,15,14.7,14.8,93670
DTT,20100713,15,15.5,14.8,14.8,74270
DTT,20100712,14.9,15,14.2,15,44640
DTT,20100709,14.4,14.8,14.4,14.5,43740
DTT,20100708,15.2,15.2,14.6,14.7,64330
DTT,20100707,15.4,15.4,14.6,14.6,167320
DTT,20100706,15.3,15.6,15.2,15.2,221090
DTT,20100705,15.5,16.1,15.5,15.9,122970
DTT,20100702,16.3,16.4,15.5,15.6,223270
DTT,20100701,17,17.1,16.3,16.3,142630
DTT,20100630,15.9,17.3,15.9,17.1,351100
DTT,20100629,15.8,16.5,15.8,16.5,156720
DTT,20100628,16.7,16.7,15.8,15.8,628700
DTT,20100625,16.6,16.6,16.2,16.6,640650
DTT,20100624,15.9,15.9,15.9,15.9,120820
DTT,20100623,14.6,15.2,14.6,15.2,324200
DTT,20100622,14.5,14.5,14.1,14.5,794180
DTT,20100621,13.9,13.9,13.9,13.9,94040
DTT,20100618,12.9,13.3,12.7,13.3,203430
DTT,20100617,12.3,12.7,12.2,12.7,85130
DTT,20100616,12,12.5,12,12.2,59330
DTT,20100615,12.3,12.3,12,12.1,23450
DTT,20100614,12.4,12.4,12,12.2,12170
DTT,20100611,11.5,12,11.5,12,57040
DTT,20100610,11.3,11.6,11.3,11.5,39200
DTT,20100609,11.5,11.5,11.3,11.5,21640
DTT,20100608,11.5,11.6,11.4,11.5,8400
DTT,20100607,11.3,11.7,11.3,11.6,38140
DTT,20100604,12.1,12.1,11.7,11.8,25780
DTT,20100603,12.2,12.2,11.9,12,26750
DTT,20100602,11.9,12,11.6,11.9,25660
DTT,20100601,11.7,12.2,11.7,12,25820
DTT,20100531,12.1,12.4,11.9,11.9,32210
DTT,20100528,12.2,12.3,11.9,12.3,135330
DTT,20100527,11.6,12,11.5,11.8,23610
DTT,20100526,12.2,12.2,11.8,11.9,37570
DTT,20100525,12,12.1,11.7,11.8,30600
DTT,20100524,11.2,11.8,11.2,11.8,19220
DTT,20100521,11.3,11.3,11.3,11.3,33160
DTT,20100520,11.3,11.8,11.3,11.8,61880
DTT,20100519,12,12,11.8,11.8,20400
DTT,20100518,11.9,12.5,11.9,12.4,30390
DTT,20100517,12.4,12.9,11.8,12.5,105250
DTT,20100514,12.4,12.4,12.4,12.4,37000
DTT,20100513,13,13,13,13,8620
DTT,20100512,13.6,13.6,13.6,13.6,11240
DTT,20100511,15,15,14.3,14.3,54300
DTT,20100510,15.1,15.1,13.7,15,338840
DTT,20100507,14.4,14.4,14.4,14.4,280340
DTT,20100506,13.8,13.8,13.8,13.8,138230
DTT,20100505,12.9,13.2,12.8,13.2,189990
DTT,20100504,12.3,12.6,12.2,12.6,110140
DTT,20100429,11.8,12,11.7,12,50210
DTT,20100428,11.6,11.7,11.3,11.7,30150
DTT,20100427,11.5,12,11.4,11.4,42350
DTT,20100426,12,12,11.5,11.9,187690
DTT,20100422,11.5,11.5,11.5,11.5,8830
DTT,20100421,11,11,11,11,20990
DTT,20100420,10.5,10.5,10.4,10.5,14430
DTT,20100419,10.6,10.6,10.3,10.5,20840
DTT,20100416,10.2,10.5,10.1,10.4,34220
DTT,20100415,10.3,10.3,10,10.3,18400
DTT,20100414,10.4,10.4,10,10.3,32140
DTT,20100413,10.3,10.3,10.2,10.3,16820
DTT,20100412,10.5,10.5,10.3,10.3,14890
DTT,20100409,10.3,10.3,10.2,10.3,11820
DTT,20100408,10.4,10.5,10.3,10.3,12840
DTT,20100407,10.4,10.5,10.3,10.3,15430
DTT,20100406,10.3,10.4,10.3,10.3,25010
DTT,20100405,10.4,10.4,10.2,10.3,10630
DTT,20100402,10.5,10.5,10.2,10.2,17720
DTT,20100401,10.4,10.4,10.1,10.3,1560
DTT,20100331,10.1,10.3,10.1,10.2,13280
DTT,20100330,10.4,10.4,10.3,10.3,10490
DTT,20100329,10.4,10.5,10.2,10.4,10920
DTT,20100326,10.3,10.3,10.1,10.1,7520
DTT,20100325,10.4,10.4,10.2,10.4,11730
DTT,20100324,10.2,10.4,10.2,10.4,10060
DTT,20100323,10.3,10.3,10.2,10.2,17450
DTT,20100322,10.3,10.4,10.2,10.3,6660
DTT,20100319,10.5,10.5,10.4,10.4,9780
DTT,20100318,10.2,10.5,10.2,10.4,20100
DTT,20100317,10.2,10.5,10,10,19520
DTT,20100316,10.6,10.6,10.4,10.5,24430
DTT,20100315,11.4,11.4,10.8,10.8,16810
DTT,20100312,11.2,11.2,11,11,24350
DTT,20100311,10.4,10.9,10.4,10.9,44460
DTT,20100310,10.3,10.4,10.2,10.4,24870
DTT,20100309,10.2,10.3,10.2,10.3,32330
DTT,20100308,10.3,10.3,10.1,10.2,13490
DTT,20100305,10.3,10.3,10.2,10.2,15500
DTT,20100304,10.2,10.3,10.2,10.3,15830
DTT,20100303,10.1,10.4,10.1,10.2,9170
DTT,20100302,10.3,10.3,10.2,10.3,14950
DTT,20100301,10.2,10.3,10.1,10.3,17030
DTT,20100226,10.2,10.4,10.1,10.4,19940
DTT,20100225,10.1,10.3,10.1,10.2,12740
DTT,20100224,10.1,10.2,10.1,10.1,14570
DTT,20100223,10.4,10.4,10.1,10.1,9410
DTT,20100222,10.2,10.3,10.2,10.3,15670
DTT,20100212,10.4,10.4,10.1,10.2,5150
DTT,20100211,10.4,10.4,10.3,10.3,12010
DTT,20100210,10.1,10.4,10.1,10.4,15850
DTT,20100209,10.6,10.6,10.1,10.1,13500
DTT,20100208,10.2,10.6,10.2,10.6,22190
DTT,20100205,10.7,10.9,10.7,10.7,9040
DTT,20100204,11.2,11.2,11,11.1,4700
DTT,20100203,11.4,11.4,11.1,11.1,3410
DTT,20100202,11.1,11.2,11.1,11.2,2620
DTT,20100201,11.5,11.5,11.5,11.5,10
DTT,20100129,11.3,11.3,11.1,11.1,550
DTT,20100128,11.4,11.4,11.3,11.3,4510
DTT,20100127,11.5,11.5,11.3,11.5,7830
DTT,20100126,11.5,11.5,11.5,11.5,60
DTT,20100125,11.2,11.2,11,11,9250
DTT,20100122,11.5,11.5,11.2,11.2,4010
DTT,20100121,11.4,11.5,11.4,11.4,8720
DTT,20100120,11.8,11.8,11.7,11.7,140
DTT,20100119,11.3,11.7,11.3,11.3,8900
DTT,20100118,11.4,11.5,11.4,11.5,3900
DTT,20100115,11.9,11.9,11.5,11.5,7510
DTT,20100114,12,12,11.5,11.9,14160
DTT,20100113,11.8,11.8,11.5,11.5,9200
DTT,20100112,12,12,11.8,11.8,39490
DTT,20100111,12,12.1,12,12.1,9010
DTT,20100108,12.6,12.6,11.8,12.3,37250
DTT,20100107,11.6,12.5,11.6,12.4,13580
DTT,20100106,11.7,12.2,11.7,12,13990
DTT,20100105,12.3,12.3,12,12.2,15860
DTT,20100104,11.2,11.9,11.2,11.8,35300
DTT,20091231,11.8,11.8,11.1,11.4,6610
DTT,20091230,11,11.5,11,11.5,14800
DTT,20091229,11.4,11.4,11.2,11.2,6170
DTT,20091228,11.1,11.4,11.1,11.4,13770
DTT,20091225,11.5,11.8,11.4,11.4,27490
DTT,20091224,11,11.8,11,11.8,6290
DTT,20091223,11.5,11.5,11,11.4,10110
DTT,20091222,11.8,11.8,11.3,11.4,7270
DTT,20091221,11,11.8,11,11.8,16610
DTT,20091218,10.7,11.4,10.7,11.4,21610
DTT,20091217,10.3,11,10.3,11,11100
DTT,20091216,11.2,11.2,10.7,10.7,1090
DTT,20091215,11.2,11.2,11.2,11.2,6760
DTT,20091214,10.5,10.9,10.5,10.9,13300
DTT,20091211,10.6,10.6,10.3,10.4,13660
DTT,20091210,10.5,10.6,10.5,10.6,8210
DTT,20091209,11,11,10.8,10.8,37250
DTT,20091208,11.4,11.5,11.3,11.3,9000
DTT,20091207,11.6,11.6,11.5,11.5,5410
DTT,20091204,11.6,11.6,11.5,11.5,19930
DTT,20091203,11.2,11.8,11.2,11.6,10620
DTT,20091202,12,12,11.6,11.6,4780
DTT,20091201,12.3,12.3,11.9,12,17800
DTT,20091130,11.1,11.9,11.1,11.9,10460
DTT,20091127,10.6,11.5,10.5,11.5,24620
DTT,20091126,11,11.7,10.9,11,27640
DTT,20091125,11.7,11.7,11.4,11.4,45920
DTT,20091124,11.8,12,11.8,12,22090
DTT,20091123,12.4,12.4,12,12.3,13520
DTT,20091120,12.4,12.6,12.4,12.4,6800
DTT,20091119,12.4,12.6,12.4,12.4,14360
DTT,20091118,12.4,12.4,12.4,12.4,7610
DTT,20091117,12.4,12.5,12,12.4,10450
DTT,20091116,12.5,12.8,12.4,12.4,12510
DTT,20091113,12.6,12.8,12.4,12.5,39870
DTT,20091112,13,13,13,13,8120
DTT,20091111,13,13,12.6,12.6,21290
DTT,20091110,12,12.6,12,12.6,29570
DTT,20091109,12.5,12.5,12.4,12.5,18470
DTT,20091106,13.5,13.5,12.9,12.9,50500
DTT,20091105,12.9,12.9,12.9,12.9,10800
DTT,20091104,11.8,12.3,11.8,12.3,44110
DTT,20091103,11.7,12.3,11.7,11.8,67290
DTT,20091102,12.9,12.9,12.3,12.3,26750
DTT,20091030,12.9,13.2,12.8,12.9,68890
DTT,20091029,13.3,13.3,12.9,12.9,46740
DTT,20091028,13.6,13.7,13.2,13.5,51570
DTT,20091027,13.5,13.7,13.5,13.5,32590
DTT,20091026,14.2,14.7,14.2,14.2,26710
DTT,20091023,15.3,15.4,14.9,14.9,100680
DTT,20091022,15.2,15.5,14.8,15,65990
DTT,20091021,15.1,15.4,14.7,15.4,126790
DTT,20091020,14.3,14.7,14,14.7,142580
DTT,20091019,14.1,14.1,13.8,14,53850
DTT,20091016,14.1,14.1,13.6,14.1,66980
DTT,20091015,13.8,13.9,13.6,13.9,94050
DTT,20091014,13.2,13.3,12.7,13.3,94070
DTT,20091013,13.2,13.2,12.7,12.7,40820
DTT,20091012,13.4,13.4,13,13.1,49010
DTT,20091009,12.9,13.2,12.9,13.1,27980
DTT,20091008,13.3,13.3,12.9,12.9,20380
DTT,20091007,13.2,13.5,13.1,13.3,22090
DTT,20091006,13,13.3,13,13.1,22150
DTT,20091005,13,13.5,12.9,13,25150
DTT,20091002,12.5,13.5,12.5,13.5,40520
DTT,20091001,13.6,13.6,13.1,13.1,27460
DTT,20090930,13.4,13.7,13.4,13.6,57800
DTT,20090929,13.2,13.6,13.2,13.4,56450
DTT,20090928,13.9,14,13.5,13.6,34640
DTT,20090925,13.6,13.9,13.5,13.9,36950
DTT,20090924,13.9,14.1,13.7,13.9,58520
DTT,20090923,14.9,14.9,14.2,14.3,71870
DTT,20090922,14.9,14.9,14.8,14.9,74640
DTT,20090921,14.2,14.2,14,14.2,91320
DTT,20090918,13.6,13.7,13.5,13.5,196670
DTT,20090917,13.6,14.2,13.5,13.7,175670
DTT,20090916,14.2,14.5,14.2,14.2,155670
DTT,20090915,15,15,14.5,14.8,286010
DTT,20090914,14.3,14.3,14.3,14.3,86680
DTT,20090911,13.8,13.8,13.4,13.8,167660
DTT,20090910,13.7,13.8,13.4,13.4,125700
DTT,20090909,14,14.1,13.5,13.8,97330
DTT,20090908,14,14,13.5,14,152440
DTT,20090907,13.3,13.4,13,13.4,47670
DTT,20090904,13.3,13.3,13.1,13.3,259680
DTT,20090903,12.8,13,12.7,12.8,74580
DTT,20090901,13.4,13.4,13.1,13.1,87430
DTT,20090831,13.8,13.8,13,13.4,119470
DTT,20090828,13.2,13.2,13.2,13.2,73420
DTT,20090827,12.4,12.6,12.2,12.6,102180
DTT,20090826,12.4,12.4,12.1,12.1,12880
DTT,20090825,12.3,12.6,12,12.2,52000
DTT,20090824,12.6,12.8,12.6,12.6,36040
DTT,20090821,13.1,13.1,12.6,12.8,116320
DTT,20090820,12.7,12.7,12.4,12.7,171510
DTT,20090819,11.7,12.2,11.7,12.2,26410
DTT,20090818,11.6,12.1,11.5,11.7,41420
DTT,20090817,11.8,12.1,11.8,11.8,69400
DTT,20090814,12,12.3,11.8,12.3,49740
DTT,20090813,13,13,12.3,12.3,59660
DTT,20090812,13,13,12.6,12.9,131300
DTT,20090811,12.3,12.4,12,12.4,262320
DTT,20090810,11.7,12,11.6,11.9,38390
DTT,20090807,11.2,11.7,11.2,11.5,6010
DTT,20090806,11.5,11.5,11.3,11.3,13000
DTT,20090805,11.1,11.3,11.1,11.3,12850
DTT,20090804,11.5,11.5,11.1,11.3,26420
DTT,20090803,11,11.1,10.8,11.1,9440
DTT,20090731,11,11,10.6,11,9630
DTT,20090730,10.6,10.9,10.6,10.9,6160
DTT,20090729,10.6,10.9,10.5,10.9,29580
DTT,20090728,10.6,10.9,10.5,10.9,42010
DTT,20090727,11.1,11.4,11,11,27770
DTT,20090724,11.1,11.1,11,11.1,53970
DTT,20090723,10.6,10.7,10.4,10.7,12900
DTT,20090722,10.6,10.7,10.6,10.6,3620
DTT,20090721,10.8,10.8,10.5,10.6,16650
DTT,20090720,10.6,11.2,10.5,10.5,55360
DTT,20090717,11.1,11.2,11,11,21920
DTT,20090716,11.6,11.6,11.3,11.4,6600
DTT,20090715,11.1,11.3,11,11.3,66760
DTT,20090714,10.6,11,10.6,11,15140
DTT,20090713,10.9,10.9,10.6,10.9,13100
DTT,20090710,11,11.1,11,11,51950
DTT,20090709,11.1,11.3,11.1,11.1,16950
DTT,20090708,11.2,12,11.2,11.2,37010
DTT,20090707,11.7,12.1,11.7,11.7,5210
DTT,20090706,12,12.1,12,12.1,11570
DTT,20090703,10.9,11.6,10.9,11.6,20180
DTT,20090702,11.3,11.5,10.6,11.3,39910
DTT,20090701,11,11.1,11,11,48490
DTT,20090630,11.5,11.7,11.5,11.5,54620
DTT,20090629,12.1,12.6,12,12,63250
DTT,20090626,12.6,12.6,12.6,12.6,67120
DTT,20090625,13.1,13.1,12.6,13.1,15930
DTT,20090624,12.4,13.1,12.4,13.1,101930
DTT,20090623,12.6,12.6,12.6,12.6,140
DTT,20090622,13.1,13.1,12.9,13.1,64950
DTT,20090619,14,14,13.2,13.5,108680
DTT,20090618,13.2,14.2,13.2,13.8,65110
DTT,20090617,12.6,13.7,12.6,13.7,158410
DTT,20090616,13.1,13.1,13.1,13.1,12550
DTT,20090615,13.7,13.7,13.7,13.7,94580
DTT,20090612,14.3,14.3,13.8,14.3,244750
DTT,20090611,13.7,13.8,13.7,13.8,163340
DTT,20090610,13.2,13.2,13.2,13.2,101760
DTT,20090609,13.8,13.8,13.1,13.8,346310
DTT,20090608,13.2,13.2,13.2,13.2,8450
DTT,20090605,12.6,12.6,12.6,12.6,11600
DTT,20090604,12.1,12.1,12.1,12.1,9650
DTT,20090603,11.6,11.6,11.6,11.6,25320
DTT,20090602,11.1,11.1,11.1,11.1,22700
DTT,20090601,10.7,10.7,10.7,10.7,165860
DTT,20090529,10.6,10.6,10.3,10.3,43830
DTT,20090528,10.5,10.5,10.1,10.3,54910
DTT,20090527,10.6,11,10.5,10.5,91670
DTT,20090526,11.1,11.1,10.9,11,88530
DTT,20090525,10.5,10.9,10.1,10.9,132810
DTT,20090522,10.6,10.6,9.9,10.5,360630
DTT,20090521,10.1,10.1,10.1,10.1,71960
DTT,20090520,9.7,9.7,9.7,9.7,33770
DTT,20090519,9.4,9.4,9.4,9.4,45390
DTT,20090518,8.9,9,8.7,9,83260
DTT,20090515,8.5,8.7,8.4,8.7,64540
DTT,20090514,8.5,8.5,8.2,8.4,29290
DTT,20090513,8.6,8.6,8.3,8.4,25190
DTT,20090512,8.3,8.4,8.2,8.4,19920
DTT,20090511,8.3,8.3,8.2,8.3,21870
DTT,20090508,8,8.2,8,8.2,8830
DTT,20090507,8,8.4,8,8,29570
DTT,20090506,8.2,8.7,8.2,8.2,15980
DTT,20090505,8.8,8.9,8.5,8.5,45160
DTT,20090504,8.4,8.5,8.4,8.5,47240
DTT,20090429,8.2,8.2,7.9,8.2,15120
DTT,20090428,8.2,8.2,7.9,7.9,9710
DTT,20090427,8.2,8.2,7.9,7.9,12390
DTT,20090424,8.3,8.3,7.9,7.9,19260
DTT,20090423,8.3,8.3,8,8,36910
DTT,20090422,8.6,8.7,8.3,8.3,33690
DTT,20090421,8.3,8.3,8.3,8.3,4840
DTT,20090420,8.7,8.9,8.7,8.7,21370
DTT,20090417,9.1,9.1,8.4,9,43870
DTT,20090416,8.4,8.8,8.4,8.8,44580
DTT,20090415,8.4,8.4,8.4,8.4,58340
DTT,20090414,8.8,8.9,8.8,8.8,82670
DTT,20090413,9.2,9.2,9.1,9.1,25190
DTT,20090410,9.1,9.2,8.7,9.1,25420
DTT,20090409,9.3,9.3,8.9,8.9,62380
DTT,20090408,8.9,8.9,8.9,8.9,107020
DTT,20090407,8.6,8.6,8.6,8.6,14820
DTT,20090403,8.2,8.2,8.2,8.2,71040
DTT,20090402,7.9,7.9,7.9,7.9,56390
DTT,20090401,7.2,7.7,7.2,7.6,16460
DTT,20090331,7.2,7.4,7,7.4,12210
DTT,20090330,7.4,7.4,7.3,7.3,1150
DTT,20090327,7.5,7.5,7.1,7.5,11380
DTT,20090326,7.2,7.2,6.9,7.2,24560
DTT,20090325,7,7,7,7,50000
DTT,20090324,7.2,7.2,6.8,7.2,45000
DTT,20090323,7.4,7.4,7,7,1300
DTT,20090320,7.2,7.2,7.2,7.2,150
DTT,20090319,7.4,7.4,7.1,7.4,2350
DTT,20090318,7.2,7.4,7.2,7.2,220
DTT,20090317,7.3,7.3,7.2,7.3,2300
DTT,20090316,6.7,7.2,6.7,7.2,1860
DTT,20090313,7,7,6.9,6.9,1160
DTT,20090312,7.1,7.1,6.8,7.1,1010
DTT,20090311,7,7,6.7,6.8,10550
DTT,20090310,7,7,7,7,10
DTT,20090309,7.7,7.7,7.2,7.2,240
DTT,20090306,7.5,7.5,7.5,7.5,30
DTT,20090305,7.4,7.4,7.4,7.4,300
DTT,20090304,7.5,7.5,7.1,7.1,330
DTT,20090303,6.8,7.4,6.8,7.4,1060
DTT,20090302,7.2,7.2,7.1,7.1,150
DTT,20090227,7.2,7.2,7.2,7.2,510
DTT,20090226,7.1,7.1,7.1,7.1,10
DTT,20090225,7,7,7,7,10
DTT,20090224,6.3,6.7,6.2,6.7,1270
DTT,20090223,6.5,6.5,6.5,6.5,110
DTT,20090220,6.7,6.9,6.7,6.8,5710
DTT,20090219,7.2,7.2,7,7,1000
DTT,20090218,7.2,7.2,7.2,7.2,310
DTT,20090217,6.7,7.2,6.7,7.2,300
DTT,20090216,6.8,7,6.8,7,1010
DTT,20090213,7.4,7.4,6.8,6.8,1110
DTT,20090212,7.5,7.5,7.1,7.1,2500
DTT,20090211,7.2,7.2,7.2,7.2,100
DTT,20090210,7.1,7.5,7.1,7.5,510
DTT,20090209,7.2,7.2,7.2,7.2,590
DTT,20090206,7.4,7.4,7.4,7.4,10
DTT,20090205,7.4,7.4,7.4,7.4,10
DTT,20090204,7.2,7.2,7.2,7.2,460
DTT,20090203,7.4,7.4,7.4,7.4,10
DTT,20090202,7.7,7.7,7.7,7.7,30
DTT,20090123,7.4,7.4,7.4,7.4,10
DTT,20090122,7.7,7.7,7.7,7.7,10
DTT,20090121,7.7,7.7,7.7,7.7,200
DTT,20090120,7.4,7.7,7.4,7.7,540
DTT,20090119,7.4,7.4,7.4,7.4,1670
DTT,20090116,7.4,7.4,7.4,7.4,990
DTT,20090115,7.4,7.4,7.3,7.3,7460
DTT,20090114,7.5,7.5,7.3,7.3,1380
DTT,20090113,7.3,7.5,7.3,7.5,20
DTT,20090112,7.4,7.6,7.4,7.6,260
DTT,20090109,7.4,7.4,7.4,7.4,210
DTT,20090108,7.8,7.8,7.8,7.8,10
DTT,20090107,7.6,8.3,7.6,7.6,2720
DTT,20090106,7.9,7.9,7.9,7.9,210
DTT,20090105,7.2,7.7,7.2,7.7,110
DTT,20090102,7.4,7.4,7.4,7.4,1400
DTT,20081231,7.7,7.7,7.7,7.7,10
DTT,20081230,7.2,7.6,7.2,7.5,2310
DTT,20081226,7.2,7.5,7.2,7.5,300
DTT,20081225,7.4,7.4,7.4,7.4,300
DTT,20081224,7.7,7.7,7.7,7.7,600
DTT,20081222,7.4,7.4,7.4,7.4,2200
DTT,20081219,7.4,7.7,7.4,7.7,2030
DTT,20081217,7.8,7.8,7.8,7.8,100
DTT,20081215,7.4,7.8,7.4,7.8,10810
DTT,20081212,7.7,7.7,7.7,7.7,1000
DTT,20081211,7.5,7.5,7.5,7.5,3250
DTT,20081210,7.9,7.9,7.9,7.9,500
DTT,20081209,7.9,7.9,7.9,7.9,10
DTT,20081205,7.9,7.9,7.9,7.9,200
DTT,20081204,7.8,7.8,7.8,7.8,10
DTT,20081203,7.7,7.7,7.7,7.7,3000
DTT,20081202,7.5,7.5,7.5,7.5,1290
DTT,20081201,7.7,7.8,7.6,7.7,9300
DTT,20081128,7.9,7.9,7.9,7.9,2000
DTT,20081127,8.1,8.1,7.7,8.1,10310
DTT,20081126,8,8,7.9,8,800
DTT,20081125,7.9,7.9,7.9,7.9,12180
DTT,20081124,8.1,8.6,8.1,8.1,5200
DTT,20081124,8.1,8.6,8.1,8.1,5200
DTT,20081121,8.4,8.4,8.2,8.4,1500
DTT,20081120,8.5,8.5,8.5,8.5,200
DTT,20081119,8.2,8.7,8.2,8.2,2550
DTT,20081118,8.4,8.4,8.2,8.4,800
DTT,20081117,8.2,8.4,8.2,8.2,21430
DTT,20081114,8.5,8.5,8.2,8.5,20430
DTT,20081113,8.5,8.5,8.4,8.5,7200
DTT,20081112,8.8,8.8,8.1,8.8,6000
DTT,20081111,8.4,8.4,8.4,8.4,3000
DTT,20081110,8.8,8.8,8.8,8.8,1000
DTT,20081107,8.8,8.8,8.8,8.8,1860
DTT,20081106,9.2,9.2,8.8,9.2,2150
DTT,20081105,9.2,9.2,9.2,9.2,1600
DTT,20081104,9.1,9.1,9.1,9.1,500
DTT,20081103,8.8,8.8,8.4,8.8,1010
DTT,20081031,8.4,9.1,8.4,8.4,5010
DTT,20081030,8.7,8.7,8.2,8.7,7330
DTT,20081029,8.4,8.4,8,8.4,2730
DTT,20081028,8,8,7.7,8,4100
DTT,20081027,8,8.1,8,8,7330
DTT,20081024,8.4,8.5,8.3,8.4,8050
DTT,20081023,8.7,9,8.7,8.7,16100
DTT,20081022,9,9.4,9,9,5650
DTT,20081021,9.3,9.9,9.3,9.3,1010
DTT,20081017,9.2,9.7,9.2,9.7,3020
DTT,20081016,9.4,9.4,9.2,9.4,2200
DTT,20081015,9.4,9.4,9.4,9.4,3800
DTT,20081014,9.1,9.1,9.1,9.1,880
DTT,20081013,8.7,8.8,8.7,8.8,2800
DTT,20081010,8.8,8.8,8.8,8.8,1480
DTT,20081009,9.2,9.2,9.2,9.2,5510
DTT,20081008,9.2,9.2,9,9.2,10560
DTT,20081007,9.6,9.6,9.4,9.4,6690
DTT,20081006,9.7,9.7,9.7,9.7,5690
DTT,20081003,10.1,10.1,9.6,10.1,5280
DTT,20081002,10.1,10.5,9.8,9.9,11420
DTT,20081001,10.3,10.3,9.7,10.1,3100
DTT,20080930,10.6,10.6,10.1,10.1,80
DTT,20080929,9.9,10.6,9.9,10.6,2190
DTT,20080926,10.3,10.3,10.3,10.3,4890
DTT,20080925,9.4,10.3,9.4,10.3,16800
DTT,20080924,9.9,9.9,9.9,9.9,8160
DTT,20080923,10.3,11.3,10.3,10.3,13570
DTT,20080922,10.8,10.8,10.8,10.8,26240
DTT,20080919,10.4,10.4,10.4,10.4,12500
DTT,20080918,9.9,9.9,9.5,9.9,19750
DTT,20080917,9.9,10.4,9.9,9.9,10510
DTT,20080916,10.4,10.4,10.4,10.4,8800
DTT,20080915,10.9,11.3,10.9,10.9,14860
DTT,20080912,11.3,11.3,11.3,11.3,3200
DTT,20080911,11.8,11.9,11.8,11.8,17590
DTT,20080910,12.6,12.6,11.5,12.4,24960
DTT,20080909,12.5,12.5,11.8,12.1,37630
DTT,20080908,12,12,11.1,12,36580
DTT,20080905,11,11.5,10.6,11.5,37190
DTT,20080904,10.4,11.4,10.4,11,10470
DTT,20080903,10.9,10.9,10.6,10.9,26820
DTT,20080829,10.4,10.6,10.4,10.5,6640
DTT,20080828,10.8,11.3,10.8,10.9,8270
DTT,20080827,11.3,11.3,11,11.3,11080
DTT,20080826,10.9,10.9,10.5,10.9,18490
DTT,20080825,10.1,10.5,10.1,10.5,18280
DTT,20080822,10.3,10.3,10,10.1,9610
DTT,20080821,10.1,10.3,9.6,10.3,9790
DTT,20080820,9.7,10.1,9.7,10.1,6440
DTT,20080819,9.7,10.1,9.7,10.1,4560
DTT,20080818,10.1,10.3,10,10.1,7130
DTT,20080815,10,10,10,10,27550
DTT,20080814,9.4,9.8,9.4,9.8,24320
DTT,20080813,9.6,9.9,9.6,9.6,9170
DTT,20080812,10.1,10.1,9.6,9.9,11080
DTT,20080811,9.4,9.9,9.4,9.9,18410
DTT,20080808,9.6,9.6,9.6,9.6,2400
DTT,20080807,9.9,9.9,9.6,9.9,4390
DTT,20080806,9.6,9.9,9.6,9.9,4390
DTT,20080805,9.9,9.9,9.9,9.9,100
DTT,20080804,10.5,10.5,10.2,10.2,4010
DTT,20080801,10.5,10.5,10.5,10.5,1000
DTT,20080731,10.8,10.8,10.8,10.8,10
DTT,20080730,11.1,11.1,11.1,11.1,6050
DTT,20080729,11.3,11.3,11.3,11.3,7000
DTT,20080728,11.3,11.6,11.3,11.6,11140
DTT,20080725,11.3,11.6,11.3,11.6,7210
DTT,20080724,11.6,11.6,11.6,11.6,10
DTT,20080722,11.9,11.9,11.9,11.9,2000
DTT,20080717,12.1,12.1,11.8,12.1,6010
DTT,20080716,11.7,11.8,11.7,11.8,23610
DTT,20080715,11.3,11.7,11.3,11.7,29750
DTT,20080714,11.5,11.5,11.3,11.5,4290
DTT,20080711,11.8,11.8,11.5,11.5,4120
DTT,20080710,11.6,11.8,11.6,11.8,3800
DTT,20080709,11.1,11.6,11.1,11.6,14190
DTT,20080708,10.9,11.4,10.9,11.4,11890
DTT,20080707,11.2,11.7,11.2,11.2,8960
DTT,20080704,11,11.5,11,11.5,17620
DTT,20080703,11.4,11.4,11.1,11.2,7500
DTT,20080702,11.3,11.6,11,11.4,16240
DTT,20080701,10.7,11.3,10.7,11.3,9210
DTT,20080630,11,11,11,11,650
DTT,20080627,10.9,10.9,10.9,10.9,1100
DTT,20080626,10.7,10.7,10.6,10.6,230
DTT,20080625,10.4,10.4,10.4,10.4,5620
DTT,20080624,9.6,10.1,9.6,10.1,2850
DTT,20080623,9.6,9.9,9.6,9.9,4890
DTT,20080620,9.8,9.8,9.8,9.8,2060
DTT,20080619,10.1,10.1,10.1,10.1,10
DTT,20080618,10.6,10.6,10.4,10.4,3470
DTT,20080617,10.5,10.5,10.5,10.5,130
DTT,20080616,10.4,10.4,10.4,10.4,910
DTT,20080613,10.2,10.2,10.2,10.2,1990
DTT,20080612,9.9,10.1,9.8,10.1,4700
DTT,20080611,9.6,9.9,9.6,9.9,7240
DTT,20080610,9.8,9.8,9.8,9.8,2000
DTT,20080609,9.9,9.9,9.9,9.9,3300
DTT,20080606,10.1,10.1,10.1,10.1,2000
DTT,20080605,10.2,10.2,10.2,10.2,3170
DTT,20080604,10.4,10.4,10.4,10.4,2180
DTT,20080603,10.5,10.5,10.5,10.5,2000
DTT,20080602,10.6,10.6,10.6,10.6,5000
DTT,20080530,11.1,11.1,10.8,10.8,1360
DTT,20080526,10.9,11.3,10.9,11,3630
DTT,20080522,11.7,11.7,11.3,11.3,20
DTT,20080521,11.5,11.5,11.5,11.5,20
DTT,20080520,11.7,11.7,11.7,11.7,20
DTT,20080519,11.1,11.5,11.1,11.5,1150
DTT,20080516,11.3,11.7,11.3,11.3,9860
DTT,20080515,11.5,11.5,11.5,11.5,60
DTT,20080514,11.7,11.7,11.7,11.7,30
DTT,20080513,11.9,11.9,11.9,11.9,20
DTT,20080512,12.1,12.1,12.1,12.1,30
DTT,20080509,12.3,12.3,12.3,12.3,10
DTT,20080508,12.6,12.6,12.6,12.6,20
DTT,20080507,12.7,12.8,12.3,12.7,16090
DTT,20080506,12.6,12.6,12.6,12.6,5810
DTT,20080505,12.3,12.3,12.2,12.3,5170
DTT,20080429,12.1,12.1,12.1,12.1,8880
DTT,20080428,11.5,11.9,11.5,11.9,4080
DTT,20080425,11.6,11.7,11.6,11.7,4150
DTT,20080424,11.6,11.8,11.6,11.8,3760
DTT,20080423,11.5,11.9,11.5,11.8,1900
DTT,20080422,11.7,11.7,11.3,11.7,1300
DTT,20080421,11.5,11.5,11.5,11.5,3890
DTT,20080418,11.7,11.7,11.7,11.7,4000
DTT,20080417,11.5,11.9,11.5,11.9,3010
DTT,20080416,11.7,11.7,11.7,11.7,400
DTT,20080411,11.9,11.9,11.9,11.9,10
DTT,20080410,12.1,12.1,12.1,12.1,120
DTT,20080409,12.5,12.5,12.3,12.3,8950
DTT,20080408,12.3,12.3,12.1,12.3,8850
DTT,20080407,12.1,12.1,12.1,12.1,1000
DTT,20080404,11.8,11.8,11.8,11.8,10
DTT,20080403,11.8,11.8,11.8,11.8,10
DTT,20080402,11.7,11.7,11.7,11.7,10
DTT,20080401,11.6,11.6,11.6,11.6,450
DTT,20080331,11.6,11.6,11.6,11.6,340
DTT,20080328,11.5,11.5,11.5,11.5,10
DTT,20080327,11.4,11.4,11.4,11.4,10
DTT,20080326,11.2,11.6,11.2,11.3,9600
DTT,20080325,12.4,12.4,11.8,11.8,6030
DTT,20080324,12.8,12.8,12.3,12.3,14470
DTT,20080321,12.8,12.9,12.8,12.9,14450
DTT,20080320,13.5,13.5,12.5,13.5,5710
DTT,20080319,13.8,13.8,13.1,13.1,13290
DTT,20080318,12.7,13.8,12.7,13.7,14450
DTT,20080317,13.5,13.5,13.3,13.3,4360
DTT,20080314,13.8,14.5,13.8,13.8,9300
DTT,20080313,13.5,13.8,13.5,13.8,22230
DTT,20080312,14,14.8,14,14,17800
DTT,20080311,14.8,14.8,14.8,14.8,6640
DTT,20080310,15.2,15.5,15,15.5,14240
DTT,20080307,14.8,14.8,14.8,14.8,19080
DTT,20080306,13.5,14.2,13.5,14.2,24730
DTT,20080305,13.5,13.5,13.5,13.5,860
DTT,20080304,14.2,14.2,14.2,14.2,1800
DTT,20080303,14.9,15,14.9,14.9,6710
DTT,20080229,15.6,16.1,15.6,15.6,5060
DTT,20080228,17.2,17.2,16.4,16.4,1300
DTT,20080227,17.7,17.7,16.4,16.4,1020
DTT,20080226,17.2,17.2,16.9,16.9,4800
DTT,20080225,17.4,18.4,17.4,17.7,6120
DTT,20080222,16.2,17.7,16.2,17.7,5370
DTT,20080221,17,17,17,17,3000
DTT,20080220,18.8,18.8,17.9,17.9,4600
DTT,20080219,17.3,18.7,17.3,18.7,6170
DTT,20080218,18.2,18.8,18.2,18.2,2870
DTT,20080215,19.4,19.4,18.8,19.1,4600
DTT,20080214,19.1,19.5,19.1,19.1,16890
DTT,20080213,19.1,19.1,19.1,19.1,3490
DTT,20080212,20.6,20.6,20,20,4460
DTT,20080201,18.8,20,18.7,20,9670
DTT,20080131,18.2,19.1,18.1,19.1,6660
DTT,20080130,18.2,18.2,18.2,18.2,14110
DTT,20080129,16.7,17.4,16.7,17.4,10370
DTT,20080128,16.7,16.7,16.7,16.7,2580
DTT,20080125,17.9,17.9,16.7,16.7,10040
DTT,20080124,18.7,18.7,17.4,17.4,3670
DTT,20080123,18.6,18.8,18.3,18.3,3400
DTT,20080122,19.1,19.2,19,19.2,3450
DTT,20080121,20.2,20.2,19.9,19.9,3350
DTT,20080118,20.6,20.6,20.4,20.6,1450
DTT,20080117,20.3,21.3,20.3,20.3,9070
DTT,20080116,21.2,21.3,20.9,21.3,9770
DTT,20080115,20.3,20.3,20.3,20.3,3200
DTT,20080114,22.6,22.6,21.3,21.3,24260
DTT,20080111,21.6,22.6,21.6,22.3,364540
DTT,20080110,21.5,22.3,21.5,22.3,1120
DTT,20080109,23,23,22.6,22.6,26020
DTT,20080108,23,23.7,22.7,23,8610
DTT,20080107,23.2,23.2,22.7,22.7,14050
DTT,20080104,23.2,23.4,22.7,23.3,2710
DTT,20080103,24.5,24.5,23.2,23.2,1900
DTT,20080102,24.4,24.4,23.8,23.8,1150
DTT,20071228,23.8,24.3,23.8,24.3,2110
DTT,20071227,24.4,24.5,23.5,23.5,10420
DTT,20071226,24.3,24.4,24.1,24.4,9970
DTT,20071225,23.9,23.9,23.8,23.9,2390
DTT,20071224,24.3,24.3,23.9,23.9,3280
DTT,20071221,23.2,24.1,23.2,24.1,2970
DTT,20071220,24.1,24.5,23.2,23.2,11040
DTT,20071219,24.5,24.8,24.1,24.1,6780
DTT,20071218,23.4,23.8,23.4,23.8,2000
DTT,20071217,24.5,24.5,23.4,23.4,3850
DTT,20071214,24.8,24.8,24.5,24.5,3420
DTT,20071213,24.3,24.5,24.2,24.4,104730
DTT,20071212,24,24.8,24,24.8,33900
DTT,20071211,24.5,24.6,24.5,24.5,6900
DTT,20071210,25.4,25.4,24.6,25.4,8760
DTT,20071207,25,25.5,25,25.5,13090
DTT,20071206,25.2,25.2,25,25.2,23990
DTT,20071205,25.5,25.7,25.5,25.5,7400
DTT,20071204,26,26,25.9,25.9,8190
DTT,20071203,25.3,26,25.3,26,10070
DTT,20071130,25.9,26.6,25.9,26.2,3690
DTT,20071129,26.2,26.7,25.5,26.2,30820
DTT,20071128,25.7,26.2,25.5,26.2,8440
DTT,20071127,26.6,26.6,25.9,26.2,7650
DTT,20071126,25,26.5,25,26.3,2490
DTT,20071123,25.9,25.9,25.2,25.2,8750
DTT,20071122,24.8,25.9,24.8,25.9,8510
DTT,20071121,25.5,25.9,25,25.9,5510
DTT,20071120,25.9,25.9,25.5,25.9,6630
DTT,20071119,25.9,25.9,25.5,25.9,8550
DTT,20071116,25.9,25.9,25.5,25.9,4000
DTT,20071115,26.6,26.6,25.2,25.9,12250
DTT,20071114,25.2,25.9,25.2,25.9,7330
DTT,20071113,25.7,25.7,24.7,24.7,16290
DTT,20071112,26.2,26.4,26,26,32950
DTT,20071109,27,27,26.6,27,9210
DTT,20071108,27.3,27.7,27,27.3,25850
DTT,20071107,26.6,27.2,26.6,27,13970
DTT,20071106,26.2,26.6,26.2,26.3,22770
DTT,20071105,26.2,27.3,26.2,26.2,22860
DTT,20071102,27,27.3,27,27.3,20970
DTT,20071101,28,28.7,28,28,16770
DTT,20071031,27.8,28.9,27.8,28,11620
DTT,20071030,27.7,28,27.7,27.8,10230
DTT,20071029,28.2,29.1,28,28.4,14300
DTT,20071026,28.7,29.4,28.7,29.1,11380
DTT,20071025,29.4,29.4,29.1,29.4,11340
DTT,20071024,29.4,29.4,29.1,29.1,19520
DTT,20071023,28.7,29.8,28.7,29.4,17020
DTT,20071022,29.6,29.6,28.8,28.8,15410
DTT,20071019,29.6,29.8,29.6,29.6,30470
DTT,20071018,32.6,32.6,31.1,31.1,44000
DTT,20071017,32.6,32.6,32.6,32.6,48440
DTT,20071016,31.1,31.1,31.1,31.1,33620
DTT,20071015,29.1,29.7,29.1,29.7,57220
DTT,20071012,28,28.4,27.7,28.4,17390
DTT,20071011,27.7,28,27.5,28,21430
DTT,20071010,27.4,27.7,27.4,27.5,14440
DTT,20071009,27.3,27.4,27.2,27.4,13380
DTT,20071008,27.6,27.6,27.3,27.4,16550
DTT,20071005,26.6,27.7,26.6,27.6,12050
DTT,20071004,26.7,28,26.7,27.7,13180
DTT,20071003,28.4,28.4,27,28,16810
DTT,20071002,27.9,28,27.9,27.9,33900
DTT,20071001,26.2,27.4,26.2,27.4,27960
DTT,20070928,26.2,26.5,26.2,26.2,20790
DTT,20070927,26.3,26.6,26.2,26.2,13270
DTT,20070926,26.6,26.6,26.2,26.3,29460
DTT,20070925,25.5,25.9,25.5,25.9,22450
DTT,20070924,25.5,25.5,25.4,25.5,10770
DTT,20070921,25.5,25.7,25.3,25.5,7030
DTT,20070920,25.2,25.8,25.2,25.8,11600
DTT,20070919,25.8,25.8,25.5,25.8,6200
DTT,20070918,25.5,25.6,25.2,25.6,14410
DTT,20070917,25.9,25.9,25.1,25.1,15410
DTT,20070914,25.6,25.8,25.5,25.8,2140
DTT,20070913,26.2,26.2,25.9,25.9,3630
DTT,20070912,26.3,26.3,25.9,26.2,18200
DTT,20070911,25.3,26.3,25.3,26.3,47730
DTT,20070910,25.1,25.1,25.1,25.1,9590
DTT,20070907,25.2,25.2,25.1,25.1,2860
DTT,20070906,25.2,25.2,25.2,25.2,3520
DTT,20070905,25.2,25.2,24.8,25.2,5600
DTT,20070904,25.1,25.1,24.5,25.1,5150
DTT,20070831,24.5,24.8,24.5,24.6,12450
DTT,20070830,25,25,25,25,1200
DTT,20070829,25.2,25.2,24.8,25,870
DTT,20070828,25.2,25.3,25.2,25.2,4150
DTT,20070827,24.8,25.2,24.8,25.2,3700
DTT,20070824,24.8,24.8,24.5,24.8,3600
DTT,20070823,24.8,24.8,24.8,24.8,8700
DTT,20070822,25.2,25.2,25.2,25.2,2900
DTT,20070821,24.9,25.8,24.9,25.7,6990
DTT,20070820,25.7,25.9,25.2,25.9,2730
DTT,20070817,24.8,25.7,24.8,25.7,12250
DTT,20070816,25.9,25.9,24.5,24.8,360
DTT,20070815,25.9,25.9,24.6,25.2,2380
DTT,20070814,26.2,26.2,25.9,25.9,6400
DTT,20070813,25.2,25.2,24.3,25.2,5580
DTT,20070810,25.8,25.8,25.5,25.5,8580
DTT,20070809,25.9,25.9,24.6,25.8,7030
DTT,20070808,26.2,26.2,25.9,25.9,1870
DTT,20070807,25.2,25.9,25.2,25.9,10040
DTT,20070806,25.9,25.9,25.2,25.8,3390
DTT,20070803,25.5,26.2,25.3,25.3,10280
DTT,20070802,26.2,26.4,25.9,26.2,21190
DTT,20070801,26.6,27,26.2,26.2,10530
DTT,20070731,26.2,27.3,26.2,27,13130
DTT,20070730,26.6,27.3,26.6,26.6,6950
DTT,20070727,27.2,27.2,27,27,10180
DTT,20070726,27,27,26.1,26.2,5200
DTT,20070725,27.1,27.4,26.6,27.4,9850
DTT,20070724,27.1,27.1,27,27.1,17540
DTT,20070723,28.7,28.7,28.4,28.4,53220
DTT,20070720,29.8,29.8,29.8,29.8,40160
DTT,20070719,28.4,28.4,28.4,28.4,32290
DTT,20070718,26.2,27.2,26.2,27.2,23740
DTT,20070717,25.2,25.9,25.2,25.9,19300
DTT,20070716,25.2,25.9,25.2,25.2,19380
DTT,20070713,24.9,25.7,24.7,25.7,55774
DTT,20070712,24.9,25.1,24.9,25.1,29776
DTT,20070711,25.2,25.2,25.1,25.1,22297
DTT,20070710,25.7,25.7,25.2,25.2,43920
DTT,20070709,26.3,26.3,25.7,25.7,29886
DTT,20070706,25.7,25.7,25.7,25.7,8985
DTT,20070705,26.1,26.1,25.5,25.7,12544
DTT,20070704,26.1,26.1,25.2,26.1,6821
DTT,20070703,24.9,25.2,24.9,25.2,20525
DTT,20070702,26.5,26.5,25.7,25.7,32050
DTT,20070629,25.2,26.3,25.1,26.3,17515
DTT,20070628,25.5,25.5,25.5,25.5,11133
DTT,20070627,25.7,25.7,25.7,25.7,20556
DTT,20070626,26.5,26.5,26.3,26.3,6444
DTT,20070625,26.9,26.9,26.1,26.5,16621
DTT,20070622,26.7,26.7,26.1,26.1,29557
DTT,20070621,26.9,26.9,26.1,26.1,56856
DTT,20070620,26.9,26.9,26.5,26.5,2822
DTT,20070619,26.5,26.5,26.3,26.5,10349
DTT,20070618,26.1,26.3,26.1,26.1,10819
DTT,20070615,26.1,26.3,26.1,26.1,22124
DTT,20070614,26.1,26.3,26.1,26.3,14112
DTT,20070613,27.1,27.1,26.9,26.9,72065
DTT,20070612,25.7,26.3,25.7,26.3,27644
DTT,20070611,25.7,25.7,25.7,25.7,14551
DTT,20070608,28.5,28.5,26.7,26.7,83653
DTT,20070607,27.5,27.5,27.5,27.5,31658
DTT,20070606,26.5,26.5,26.5,26.5,52983
DTT,20070605,24.9,25.5,24.9,25.5,42305
DTT,20070604,24.5,24.5,24.3,24.5,20353
DTT,20070601,25.2,25.2,24.7,24.9,24461
DTT,20070531,24,24.7,24,24.7,19161
DTT,20070530,24,24,23.7,24,7025
DTT,20070529,24.3,24.3,24,24,11086
DTT,20070528,24.7,24.7,24.3,24.3,8938
DTT,20070525,24,24,24,24,5770
DTT,20070524,25.7,25.7,23.7,23.7,13344
DTT,20070523,24.7,24.7,24.7,24.7,10286
DTT,20070522,23.3,24.3,23.3,23.7,17562
DTT,20070521,23.3,23.3,23.3,23.3,11431
DTT,20070518,23.3,23.3,23.3,23.3,16652
DTT,20070517,23.5,23.7,23.3,23.7,7213
DTT,20070516,24.3,24.3,24,24,11039
DTT,20070515,23.3,23.3,23.3,23.3,13030
DTT,20070514,22.8,23.7,22.8,23.3,13548
DTT,20070511,22.8,23.8,22.8,23.8,4077
DTT,20070510,22.4,23.3,22.4,23.3,6742
DTT,20070509,24,24,23.3,23.3,4924
DTT,20070508,24,24,23.5,24,16386
DTT,20070507,22.8,24,22.8,24,13673
DTT,20070504,22.4,23.1,22.4,23.1,2321
DTT,20070503,22.4,22.4,22.4,22.4,314
DTT,20070502,23.3,23.3,22.8,22.8,4547
DTT,20070425,23.3,23.3,23.3,23.3,8938
DTT,20070424,23.3,23.3,23.3,23.3,6100
DTT,20070423,23.3,23.3,23.3,23.3,1490
DTT,20070420,23.3,23.7,23.3,23.3,6052
DTT,20070419,24,24,23.7,23.7,14128
DTT,20070418,22.8,23.7,22.8,23.7,11713
DTT,20070417,22.3,22.8,22.3,22.8,13375
DTT,20070416,23.3,23.3,22.8,23.3,8593
DTT,20070413,24,24,23.3,23.3,21074
DTT,20070412,24.9,24.9,24,24,2854
DTT,20070411,25.2,25.2,24.5,24.5,1443
DTT,20070410,25.2,25.2,24.5,24.9,5065
DTT,20070409,25.5,25.5,24.9,25.2,3669
DTT,20070406,24.7,25.5,24.7,25.5,3700
DTT,20070405,25.9,25.9,25.2,25.2,8169
DTT,20070404,25.9,25.9,25.9,25.9,10976
DTT,20070403,25.1,25.1,25.1,25.1,3136
DTT,20070402,26.1,26.1,26.1,26.1,22156
DTT,20070330,27.1,27.1,27.1,27.1,8404
DTT,20070329,26.3,26.3,26.3,26.3,6742
DTT,20070328,23.8,25.2,23.8,25.2,10364
DTT,20070327,24.7,24.7,24.7,24.7,10851
DTT,20070326,26.5,26.5,25.7,25.7,9831
DTT,20070323,26.5,26.5,26.5,26.5,21435
DTT,20070322,27.3,27.7,27.3,27.5,13955
DTT,20070321,27.3,28.1,27.3,28.1,11478
DTT,20070320,28.1,29.4,28.1,28.5,9094
DTT,20070319,29.1,29.4,29.1,29.4,28099
DTT,20070316,26.9,28.1,26.9,28.1,31830
DTT,20070315,28.5,28.5,28.1,28.1,13500
DTT,20070314,30.6,30.6,29.4,29.4,32254
DTT,20070314,30.6,30.6,29.4,29.4,32254
DTT,20070313,32.2,32.2,29.7,30.6,63567
DTT,20070312,30.9,30.9,30.9,30.9,29917
DTT,20070309,29.7,29.7,29.7,29.7,34763
DTT,20070308,28.5,28.5,28.5,28.5,43277
DTT,20070307,26.9,27.3,26.5,27.3,37177
DTT,20070306,25.2,26.3,25.2,26.3,37177
DTT,20070305,24.7,25.2,24.7,25.2,39780
DTT,20070302,25.1,25.2,25.1,25.2,17687
DTT,20070301,26.1,26.1,26.1,26.1,3559
