<Ticker>,<DTYYYYMMDD>,<Open>,<High>,<Low>,<Close>,<Volume>
HNXINDEX,20100729,152.38,153.06,151.62,152.99,46306940
HNXINDEX,20100728,154.92,154.98,151.68,152.38,34490824
HNXINDEX,20100727,155.69,157.22,154.82,154.92,31170876
HNXINDEX,20100726,157.5,158.16,155.46,155.69,29031800
HNXINDEX,20100723,157.68,159.28,157.03,157.99,32803000
HNXINDEX,20100722,158.97,159.15,156.69,157.68,37930850
HNXINDEX,20100721,160.15,160.92,158.33,158.97,48656000
HNXINDEX,20100720,160.37,161.78,159.85,160.15,49786800
HNXINDEX,20100719,161.12,161.2,159.97,160.37,42395300
HNXINDEX,20100716,160.7,161.44,160.26,161.12,40735600
HNXINDEX,20100715,162.42,162.87,160.6,160.7,42113300
HNXINDEX,20100714,161.9,165.12,161.6,162.42,52271100
HNXINDEX,20100713,157.57,162.1,157.57,161.9,41468800
HNXINDEX,20100712,156.2,157.58,155.88,157.57,27172340
HNXINDEX,20100709,155.58,156.55,155.58,156.2,30417100
HNXINDEX,20100708,155.09,158.43,155.09,155.58,27121300
HNXINDEX,20100707,155.8,157.88,154.69,155.09,30015800
HNXINDEX,20100706,158.28,158.5,155.32,155.8,32768500
HNXINDEX,20100705,158.39,159.1,157.95,158.28,26909130
HNXINDEX,20100702,157.98,159.12,157.7,158.39,30694100
HNXINDEX,20100701,158.81,158.81,157.03,157.98,30371900
HNXINDEX,20100630,161.33,161.33,157.05,158.81,39968900
HNXINDEX,20100629,161.15,162.69,160.6,161.33,44394200
HNXINDEX,20100628,160.4,161.22,159.89,161.15,37298100
HNXINDEX,20100625,162.99,163.25,159.59,160.4,46764200
HNXINDEX,20100624,162.86,164.26,162.12,162.98,39637400
HNXINDEX,20100623,161.92,162.91,160.5,162.86,37860300
HNXINDEX,20100622,164.01,164.73,161.44,161.92,45833858
HNXINDEX,20100621,163.35,164.32,162.7,164.01,43202900
HNXINDEX,20100618,162.25,163.66,161.96,163.35,44061650
HNXINDEX,20100617,163.63,165.04,162.1,162.25,44898800
HNXINDEX,20100616,163.22,163.65,162.63,163.63,44687010
HNXINDEX,20100615,159.76,161.5,159.22,160.45,38979200
HNXINDEX,20100614,158.22,159.91,158.22,159.76,33388000
HNXINDEX,20100611,157.06,160.23,157.06,158.22,29576300
HNXINDEX,20100610,156.6,157.39,156.26,157.06,19417700
HNXINDEX,20100609,157.49,159.01,156.36,156.6,23320980
HNXINDEX,20100608,154.8,157.53,153.8,157.49,28989650
HNXINDEX,20100607,161.68,161.95,154.2,154.8,35970600
HNXINDEX,20100604,163.36,164.72,161.31,161.68,29672960
HNXINDEX,20100603,162.13,166.19,162.13,163.36,30261100
HNXINDEX,20100602,162.91,163.26,160.69,162.15,29927900
HNXINDEX,20100601,163.6,163.91,161.02,162.91,31645810
HNXINDEX,20100531,166.7,167.73,162.19,163.6,29947400
HNXINDEX,20100528,159.83,167.54,159.83,166.7,44889800
HNXINDEX,20100527,159.48,160.43,158.25,159.83,31244850
HNXINDEX,20100526,155.9,159.75,154.46,159.48,32054300
HNXINDEX,20100525,156.41,157.97,154.09,155.9,32432100
HNXINDEX,20100524,152.69,156.44,151.9,156.41,37153600
HNXINDEX,20100521,163.36,163.36,151.25,152.69,43415800
HNXINDEX,20100520,160.51,164.95,154.88,163.36,54519400
HNXINDEX,20100519,167.02,167.02,160.09,160.51,40300800
HNXINDEX,20100518,169.61,170.84,166.73,167.02,33800100
HNXINDEX,20100517,172.7,174.68,169.41,169.61,42285100
HNXINDEX,20100514,173.16,173.9,171.48,172.7,44382600
HNXINDEX,20100513,174.73,176.79,172.22,173.16,41207550
HNXINDEX,20100512,182.43,183.8,174.09,174.73,53299600
HNXINDEX,20100511,181.7,187.47,181.7,182.43,48689100
HNXINDEX,20100510,184.38,184.95,179.81,181.7,62799600
HNXINDEX,20100507,187.22,188.98,182.16,184.38,81750800
HNXINDEX,20100506,183.2,187.47,183.2,187.22,57321300
HNXINDEX,20100505,184.31,186.58,182.18,183.2,62330600
HNXINDEX,20100504,179.69,184.91,179.69,184.31,44573300
HNXINDEX,20100429,176.56,179.7,176.56,179.69,52293100
HNXINDEX,20100428,176.05,177.12,175.59,176.56,42948500
HNXINDEX,20100427,175.98,177.1,175.64,176.05,41426895
HNXINDEX,20100426,178.33,180.17,175.91,175.98,43750300
HNXINDEX,20100422,177.86,181.43,177.16,178.33,77262500
HNXINDEX,20100421,173.94,178.03,172.43,177.86,59801100
HNXINDEX,20100420,173.04,175.47,173.02,173.94,53848900
HNXINDEX,20100419,172.6,174.58,172.57,173.04,56231300
HNXINDEX,20100416,171.86,173.78,171.08,172.6,48732946
HNXINDEX,20100415,169.06,171.92,168.76,171.86,47184900
HNXINDEX,20100414,168.57,170.33,167.92,169.06,36657100
HNXINDEX,20100413,171.23,171.88,167.97,168.57,43648700
HNXINDEX,20100412,170.83,172.72,169.94,171.23,52929700
HNXINDEX,20100409,170.62,173.11,170.25,170.83,49299900
HNXINDEX,20100408,168.2,171.46,168.12,170.62,51149600
HNXINDEX,20100407,166.72,168.39,166.72,168.2,41313000
HNXINDEX,20100406,167.18,168.46,166.22,166.72,40481933
HNXINDEX,20100405,164.11,167.23,164.11,167.18,34874100
HNXINDEX,20100402,163.82,165,163.22,164.11,24678600
HNXINDEX,20100401,160.55,164.3,160.13,163.82,21843600
HNXINDEX,20100331,162.37,163.37,160.32,160.55,22462900
HNXINDEX,20100330,163.75,164.32,161.16,162.37,27711300
HNXINDEX,20100329,163.76,164.87,163.33,163.75,26127200
HNXINDEX,20100326,163.68,164.92,161.76,163.76,24085100
HNXINDEX,20100325,168.23,169.33,162.33,163.68,30969600
HNXINDEX,20100324,166.97,168.66,166.69,168.23,25021189
HNXINDEX,20100323,168.4,168.62,165.86,166.97,29884500
HNXINDEX,20100322,169.85,170.2,167.65,168.4,26259100
HNXINDEX,20100319,170.59,171.39,168.8,169.85,26515100
HNXINDEX,20100318,168.22,170.77,166.75,170.59,29688400
HNXINDEX,20100317,168.67,170.81,166.23,168.22,30068905
HNXINDEX,20100316,173.23,175.09,168.23,168.67,40286711
HNXINDEX,20100315,173.45,178.07,173.26,173.32,35857498
HNXINDEX,20100312,171.54,174,171.23,173.45,31436400
HNXINDEX,20100311,172.09,173.33,170.32,171.54,27232110
HNXINDEX,20100310,172.7,173.98,170.69,172.09,38270100
HNXINDEX,20100309,171.23,172.98,170.72,172.7,33191500
HNXINDEX,20100308,168.65,171.66,168.65,171.23,28888816
HNXINDEX,20100305,168.36,170.48,167.68,170.16,31610400
HNXINDEX,20100304,170.22,171.93,167.4,168.36,29535000
HNXINDEX,20100303,165.41,170.45,165.41,170.22,32935100
HNXINDEX,20100302,166.28,168,164.1,165.41,25317700
HNXINDEX,20100301,162.43,166.28,162.43,166.28,19492700
HNXINDEX,20100226,162.32,164.14,161.54,162.43,13938700
HNXINDEX,20100225,162.76,164.04,161.66,162.32,13022600
HNXINDEX,20100224,161.56,162.86,158.59,162.76,11698700
HNXINDEX,20100223,165.6,165.65,160.13,161.56,10425400
HNXINDEX,20100222,164.66,169.3,164.46,165.6,9010000
HNXINDEX,20100212,163.25,165.97,163.25,164.66,8007200
HNXINDEX,20100211,160.98,164.07,160.98,163.25,10517200
HNXINDEX,20100210,158.6,161.16,158.08,160.98,8736400
HNXINDEX,20100209,161.37,161.4,156.43,158.6,13378600
HNXINDEX,20100208,161.84,162.55,160.05,161.37,11018700
HNXINDEX,20100205,164.69,164.77,161.26,161.84,16881600
HNXINDEX,20100204,161.92,164.8,160.16,164.69,16885385
HNXINDEX,20100203,160.91,162.03,160.16,161.92,12926500
HNXINDEX,20100202,161.22,162.57,160.76,160.91,14101500
HNXINDEX,20100201,160.35,161.58,159.06,161.22,13109884
HNXINDEX,20100129,159.32,160.48,156.13,160.35,16276200
HNXINDEX,20100128,160.9,161.41,157.87,159.32,14227200
HNXINDEX,20100127,165.46,167.72,160.15,160.9,18569300
HNXINDEX,20100126,157.32,165.46,157.32,165.46,20123900
HNXINDEX,20100125,157.58,157.66,155.63,157.32,14423366
HNXINDEX,20100122,157.63,157.63,153.73,157.58,19338500
HNXINDEX,20100121,161.05,161.05,154.59,157.63,23843700
HNXINDEX,20100120,165.9,167.37,160.69,161.05,18035300
HNXINDEX,20100119,164.3,166.87,164.09,165.9,19390982
HNXINDEX,20100118,171.69,172.33,164.04,164.54,22514400
HNXINDEX,20100115,176.11,177.11,171.11,171.37,20297500
HNXINDEX,20100114,174.75,177.06,174.52,175.69,29294300
HNXINDEX,20100113,170.48,175.63,164.85,174.34,35288500
HNXINDEX,20100112,177.44,178.1,168.86,170.57,27608800
HNXINDEX,20100111,180.42,181.97,176.31,177.03,24661100
HNXINDEX,20100108,179.76,185.97,175.69,179.76,43838300
HNXINDEX,20100107,180.82,182.93,177.92,177.95,36685700
HNXINDEX,20100106,184.78,185.48,179.56,179.56,41573300
HNXINDEX,20100105,181.29,187.56,181.29,183.26,37276700
HNXINDEX,20100104,168.58,179.84,168.58,179.84,26862200
HNXINDEX,20091231,165.85,170.16,165.7,168.17,31725100
HNXINDEX,20091230,160.16,164.97,160.04,164.87,29063957
HNXINDEX,20091229,161.79,163.35,159.82,160.1,22883000
HNXINDEX,20091228,162.72,164.68,161.03,161.78,26695717
HNXINDEX,20091225,156.86,162.19,156.86,161.97,21327020
HNXINDEX,20091224,153.59,157.06,151.4,156.98,23134345
HNXINDEX,20091223,149.52,153.6,147.98,153.26,22668600
HNXINDEX,20091222,151.5,153.62,149.51,149.51,24574550
HNXINDEX,20091221,143.49,150.53,143.49,150.34,14856400
HNXINDEX,20091218,138.28,143.78,137.63,143.26,15527100
HNXINDEX,20091217,137.1,138.3,133.36,138.22,19378200
HNXINDEX,20091216,143.55,143.93,137.31,137.54,14278000
HNXINDEX,20091215,147.5,149.16,143.6,143.6,14293366
HNXINDEX,20091214,139.22,147.1,138.69,146.95,17877000
HNXINDEX,20091211,144.5,145.52,139.15,139.99,17569484
HNXINDEX,20091210,147.94,150.37,143.79,144.53,16401600
HNXINDEX,20091209,155.48,155.55,147.6,147.91,18723000
HNXINDEX,20091208,160.12,160.9,155.36,155.39,13716821
HNXINDEX,20091207,159.01,160.78,158.52,160.09,15611000
HNXINDEX,20091204,159.01,160.6,157.99,159.39,13320500
HNXINDEX,20091203,160.1,161.88,156.94,159,18762400
HNXINDEX,20091202,171.1,172.4,159.26,160.02,23638300
HNXINDEX,20091201,164.57,169.28,163.97,168.69,21049800
HNXINDEX,20091130,155.02,161.9,154.73,161.85,21751100
HNXINDEX,20091127,152.83,162.79,146.37,155.41,40345200
HNXINDEX,20091126,162.52,162.52,155.19,155.19,18306500
HNXINDEX,20091125,175.18,175.18,164.68,164.87,23414900
HNXINDEX,20091124,179.15,180.77,175.16,175.2,19634666
HNXINDEX,20091123,184.79,185.81,178.42,179.13,22819900
HNXINDEX,20091120,185.67,188.02,184.35,184.79,24431000
HNXINDEX,20091119,185.19,186.76,184.29,185.68,26594404
HNXINDEX,20091118,183.78,185.46,180.84,185.17,26218100
HNXINDEX,20091117,183.28,186.13,182.33,182.67,21969300
HNXINDEX,20091116,183.69,185.8,182.81,183.17,25319300
HNXINDEX,20091113,184.4,184.93,181.7,183.64,22776596
HNXINDEX,20091112,182.93,186.25,182.93,184.37,23106700
HNXINDEX,20091111,177.31,183.27,176.89,182.59,27987700
HNXINDEX,20091110,182.34,184.23,175.41,177.34,25037397
HNXINDEX,20091109,187.76,190.28,181.41,181.81,21051800
HNXINDEX,20091106,193.45,197.87,188.98,189.14,34644300
HNXINDEX,20091105,185.22,190.83,185.22,190.27,32226500
HNXINDEX,20091104,182.37,187.23,181.34,184.99,36998700
HNXINDEX,20091103,187.38,189.57,180.73,183.05,33651500
HNXINDEX,20091102,198.53,199.08,186.93,188.02,32378100
HNXINDEX,20091030,195.55,203.98,195.55,199.38,41617200
HNXINDEX,20091029,202.73,202.82,192.83,196.14,42055200
HNXINDEX,20091028,204.42,206.75,202.44,203.51,37746400
HNXINDEX,20091027,209.15,209.15,200.93,204.44,41710400
HNXINDEX,20091026,214.84,216.07,209.15,209.77,41865600
HNXINDEX,20091023,219.2,222.55,211.91,214.27,67237200
HNXINDEX,20091022,219.99,220.44,216.38,218.38,65524000
HNXINDEX,20091021,216.9,217.73,213.92,217.73,57867170
HNXINDEX,20091020,211.56,215.5,211.56,214.87,52595100
HNXINDEX,20091019,208.75,210.06,206.46,210.06,52155100
HNXINDEX,20091016,213.4,215.09,206.05,206.82,56172200
HNXINDEX,20091015,208.96,214.94,208.96,211.51,57845400
HNXINDEX,20091014,199.68,205.55,198.02,205.36,55075100
HNXINDEX,20091013,198.78,202.43,197.09,197.49,62361100
HNXINDEX,20091012,192.38,196.79,192.38,196.7,41068800
HNXINDEX,20091009,185.41,190.27,185.41,189.65,42609100
HNXINDEX,20091008,181.35,184.46,180.88,184.43,40585864
HNXINDEX,20091007,177.08,181.32,177.08,181.01,35019300
HNXINDEX,20091006,175.87,178.49,175.87,176.87,25326500
HNXINDEX,20091005,177.15,177.96,173.36,175.39,28599100
HNXINDEX,20091002,180.78,180.89,172.4,177.27,43800900
HNXINDEX,20091001,185.55,186.07,181.06,181.39,41392100
HNXINDEX,20090930,185.19,186.57,183.2,184.29,40301300
HNXINDEX,20090929,184.59,187.65,184.55,185.08,35020800
HNXINDEX,20090928,186.56,186.57,183.61,184.43,36707800
HNXINDEX,20090925,181.08,183.62,179.61,183.47,39469200
HNXINDEX,20090924,181.19,183.29,180.12,180.77,37764200
HNXINDEX,20090923,181.25,187.08,180.59,181.08,54193785
HNXINDEX,20090922,177.82,180.14,177.82,179.63,39823200
HNXINDEX,20090921,177.61,178.73,177.25,177.82,33791600
HNXINDEX,20090918,174.97,176.48,173.76,176.46,37922800
HNXINDEX,20090917,174.9,177.25,173.15,174.68,40839800
HNXINDEX,20090916,173.95,177.33,173.95,174.87,41790600
HNXINDEX,20090915,173.75,174.2,171.08,173.28,41577700
HNXINDEX,20090914,169.34,172.53,169.23,171.83,41132900
HNXINDEX,20090911,167.62,169.36,167.62,169.18,31811600
HNXINDEX,20090910,167.16,168.15,166.13,167.34,28021400
HNXINDEX,20090909,167.89,169.61,166.78,167.02,27062130
HNXINDEX,20090908,164.7,168.2,164.52,167.83,25312700
HNXINDEX,20090907,167.76,167.85,161.29,164.73,27969000
HNXINDEX,20090904,169.72,171.05,165.32,166.92,39755700
HNXINDEX,20090903,173.42,173.42,169.43,169.73,33099800
HNXINDEX,20090901,173.83,174.35,171.27,172.2,39636800
HNXINDEX,20090831,169.04,172.34,168.98,172.17,37810900
HNXINDEX,20090828,163.88,167.64,163.88,167.64,38435300
HNXINDEX,20090827,164.66,165.09,163.19,164.13,27325500
HNXINDEX,20090826,163.68,165.15,163.42,164.39,28749900
HNXINDEX,20090825,164.63,164.94,162.66,163.63,29581100
HNXINDEX,20090824,163.7,166.34,163.69,164.56,33926100
HNXINDEX,20090821,162.6,166.2,161.49,161.98,44474700
HNXINDEX,20090820,159.78,161.22,159.69,160.47,27694300
HNXINDEX,20090819,157,159.35,157,158.95,25085600
HNXINDEX,20090818,155.81,156.73,153.75,156.41,22361340
HNXINDEX,20090817,157.16,157.22,154.91,155.82,19828400
HNXINDEX,20090814,157.97,159.2,156.42,157.18,21772900
HNXINDEX,20090813,157.76,162.45,157.53,157.95,29455300
HNXINDEX,20090812,156.1,158.66,155.26,156.38,27960250
HNXINDEX,20090811,155,156,153.81,156,25271400
HNXINDEX,20090810,151.84,154.92,151.8,154.72,21655800
HNXINDEX,20090807,152.98,152.98,151.07,151.69,22865900
HNXINDEX,20090806,160.89,163.42,152.79,152.92,24328631
HNXINDEX,20090805,153.04,154.06,151.99,153.93,18808840
HNXINDEX,20090804,151.48,154.89,151.48,153.01,19728100
HNXINDEX,20090803,153.96,154.26,150.54,150.9,17156900
HNXINDEX,20090731,148.57,154.26,148.57,153.91,23623100
HNXINDEX,20090730,152.19,152.72,147.93,148.91,17598000
HNXINDEX,20090729,154.85,158.3,151.94,152.13,20032600
HNXINDEX,20090728,161.56,163.12,154.72,154.79,31614960
HNXINDEX,20090727,156.09,163.47,156.09,161.05,27872300
HNXINDEX,20090724,148.97,154.62,148.97,154.62,18058100
HNXINDEX,20090723,140.48,148.01,138.72,147.55,20070000
HNXINDEX,20090722,141.01,142.2,139.66,139.82,10366000
HNXINDEX,20090721,138.72,141.53,138.72,140.37,9296500
HNXINDEX,20090720,144.18,144.18,137.63,138.55,11746200
HNXINDEX,20090717,146.65,147.76,144.03,144.16,11353100
HNXINDEX,20090716,145.92,148.07,144.76,145.85,12712800
HNXINDEX,20090715,141.36,143.65,140.7,142.9,11425700
HNXINDEX,20090714,142.46,145.22,138.99,140.68,13316200
HNXINDEX,20090713,146.54,146.54,141.43,141.6,14149800
HNXINDEX,20090710,148.98,149.2,144.63,146.37,18942200
HNXINDEX,20090709,149.26,150.19,148.16,148.38,12087000
HNXINDEX,20090708,150.88,150.88,147.54,149.26,11208600
HNXINDEX,20090707,154.31,154.5,149.87,150.68,15511326
HNXINDEX,20090706,146.2,152.15,145.38,152.13,14753000
HNXINDEX,20090703,145.89,146.05,140.01,145.76,13452200
HNXINDEX,20090702,142.16,146.22,140.85,146,19978800
HNXINDEX,20090701,148.86,148.86,141.84,142.5,20683700
HNXINDEX,20090630,155.55,159.13,148.29,149.04,18753700
HNXINDEX,20090629,155.53,157.2,153.36,153.8,14319400
HNXINDEX,20090626,154.73,159.55,154.13,155.73,18307400
HNXINDEX,20090625,161.03,163.26,153.62,154.36,24191200
HNXINDEX,20090624,148.13,158.04,145.01,157.63,22021100
HNXINDEX,20090623,153.35,153.35,149.19,149.22,19604400
HNXINDEX,20090622,168.99,169.99,158.57,158.66,18589200
HNXINDEX,20090619,173.02,174.92,165.72,167.86,23991037
HNXINDEX,20090618,166.89,170.08,165.93,168.39,24160500
HNXINDEX,20090617,158.53,167.62,155.28,167.02,41230500
HNXINDEX,20090616,173.9,173.9,164.64,165.03,21067500
HNXINDEX,20090615,183.04,184.61,174.85,175.8,38923700
HNXINDEX,20090612,187.18,192.78,182.8,182.92,39785900
HNXINDEX,20090611,177.96,186.56,176.61,186.23,39955400
HNXINDEX,20090610,188.81,190.37,175.41,179.73,49304600
HNXINDEX,20090609,185.57,191.92,185.28,186.17,56521170
HNXINDEX,20090608,173.54,181.05,173.54,181.04,25218800
HNXINDEX,20090605,163.87,169.54,163.18,169.52,40285737
HNXINDEX,20090604,154.96,160.35,154.29,159.4,35324900
HNXINDEX,20090603,155.56,157.1,153.76,154.86,32514542
HNXINDEX,20090602,151.12,157.57,151.12,154.56,32946100
HNXINDEX,20090601,144.44,149.68,144.44,149.56,25762192
HNXINDEX,20090529,142.3,145.72,139.68,144.13,27549500
HNXINDEX,20090528,147.94,147.98,141.85,142.3,26547969
HNXINDEX,20090527,150.6,154.95,146.96,148.28,31212000
HNXINDEX,20090526,152.34,154.05,148.86,150.18,33821334
HNXINDEX,20090525,141.9,148.82,140.86,148.63,27605400
HNXINDEX,20090522,143.19,143.19,137.92,141.36,42389600
HNXINDEX,20090521,142.85,143.87,140.34,142.5,35338800
HNXINDEX,20090520,142.86,144.2,140.22,142.66,36753000
HNXINDEX,20090519,139.45,143.99,139.45,142.05,27242226
HNXINDEX,20090518,140.04,140.68,136.46,136.75,30262900
HNXINDEX,20090515,131.89,136.2,131.81,136.16,28151342
HNXINDEX,20090514,131.32,131.32,127.23,130.23,28151600
HNXINDEX,20090513,133.46,134.05,130.18,131.16,25350900
HNXINDEX,20090512,130.94,133.53,127.01,132.75,28437700
HNXINDEX,20090511,133.57,133.57,130.06,130.63,24925294
HNXINDEX,20090508,132.68,132.72,128.16,131.22,30909580
HNXINDEX,20090507,130.22,132.34,128.68,132.07,25657900
HNXINDEX,20090506,127.77,129.81,123.51,124.4,39522927
HNXINDEX,20090505,122.11,129.59,122.11,127.59,24050600
HNXINDEX,20090504,117.54,121.49,117.54,121.49,8702300
HNXINDEX,20090429,112.01,115.42,111.81,115,15390100
HNXINDEX,20090428,108.98,112.08,108.77,111.95,13342900
HNXINDEX,20090427,109.61,111.61,109.06,109.32,17435600
HNXINDEX,20090424,112.79,113.9,108.66,110.2,13428297
HNXINDEX,20090423,117.05,117.16,112.8,113.61,12618000
HNXINDEX,20090422,110.98,115.86,110.75,115.31,22668266
HNXINDEX,20090421,113.44,113.55,109.14,110.73,14858300
HNXINDEX,20090420,122.79,122.79,116.31,116.34,10087300
HNXINDEX,20090417,129.8,133.03,122.11,122.56,32447880
HNXINDEX,20090416,128.13,134.28,128.13,129.45,21346000
HNXINDEX,20090415,131.18,134.46,127.89,127.89,29641800
HNXINDEX,20090414,129.83,133.86,129.1,130.94,28658150
HNXINDEX,20090413,121.56,126.41,121.56,126.4,11866400
HNXINDEX,20090410,111.64,118.66,111.64,118.58,19117400
HNXINDEX,20090409,109.3,113.81,109.3,111.49,20126950
HNXINDEX,20090408,113.63,115.04,108.93,108.93,30219900
HNXINDEX,20090407,109.32,114.53,108.35,114.3,23735800
HNXINDEX,20090403,104.09,109.09,103.88,108.85,21623766
HNXINDEX,20090402,101.27,103.75,101.27,102.66,16460200
HNXINDEX,20090401,98.21,100.96,98.21,100.83,11881100
HNXINDEX,20090331,97.2,98.5,95.36,98.36,10736600
HNXINDEX,20090330,98.54,98.86,96.01,97.35,10238400
HNXINDEX,20090327,100.7,101.8,98.21,98.57,17104700
HNXINDEX,20090326,98.42,100.89,98.42,100,13268700
HNXINDEX,20090325,97.74,99.9,96.4,98.39,12385000
HNXINDEX,20090324,93.41,98.76,93.41,98.7,15563400
HNXINDEX,20090323,95.48,95.98,92.64,93.14,10063250
HNXINDEX,20090320,95.3,98.68,95.2,95.57,11175800
HNXINDEX,20090319,100.46,102.99,95.55,96.3,21767881
HNXINDEX,20090318,93.66,98.19,93.66,98.14,15665263
HNXINDEX,20090317,89.97,93.66,89.95,93.57,14947800
HNXINDEX,20090316,88.8,90.36,88.61,90.25,7202060
HNXINDEX,20090313,87.56,90.49,87.56,88.66,6389119
HNXINDEX,20090312,90.86,90.89,87.22,87.47,9530200
HNXINDEX,20090311,89.16,91.59,89.16,90.46,10366200
HNXINDEX,20090310,85.56,87.63,85.28,87.5,8404414
HNXINDEX,20090309,84.26,85.54,84.23,85.53,4498500
HNXINDEX,20090306,84.73,84.73,83.22,84.59,4432800
HNXINDEX,20090305,82.6,85.45,82.6,84.77,4903700
HNXINDEX,20090304,81.77,82.63,81.44,82.5,3186200
HNXINDEX,20090303,83.43,83.5,81.66,81.76,5203100
HNXINDEX,20090302,83.7,84.22,82.02,83.6,3715610
HNXINDEX,20090227,82.31,84.28,80.8,83.96,4679800
HNXINDEX,20090226,82.24,83.07,79.95,82.1,6451400
HNXINDEX,20090225,77.97,82.11,77.97,81.93,5885500
HNXINDEX,20090224,80.56,80.59,77.52,78.06,5918900
HNXINDEX,20090223,84.24,84.27,80.11,80.26,4444375
HNXINDEX,20090220,85.27,85.72,83.42,84.2,3367600
HNXINDEX,20090219,84.63,86.38,84.32,85.27,4060100
HNXINDEX,20090218,88.01,88.01,84.33,84.61,4673800
HNXINDEX,20090217,90.03,90.33,87.19,88.01,4411400
HNXINDEX,20090216,90.84,91.39,89.65,90.03,2776100
HNXINDEX,20090213,91.4,91.54,90.7,90.94,2776400
HNXINDEX,20090212,91.3,92.03,90.81,91.38,2781600
HNXINDEX,20090211,92.78,92.79,90.94,91.3,3148600
HNXINDEX,20090210,95.59,96.02,92.81,93.02,3299400
HNXINDEX,20090209,92.88,95.44,92.88,95.44,3732000
HNXINDEX,20090206,90.43,92.99,89.7,92.66,4224900
HNXINDEX,20090205,93.88,94.18,90.16,90.21,4979900
HNXINDEX,20090204,94.43,95.42,93.26,93.82,3593500
HNXINDEX,20090203,98.57,98.69,94.06,94.5,4106400
HNXINDEX,20090202,99.94,100.34,97.2,98.64,2615600
HNXINDEX,20090123,100.33,100.78,99.36,99.93,2369800
HNXINDEX,20090122,99.76,100.73,99.38,100.31,2244100
HNXINDEX,20090121,100.36,100.68,99.63,99.75,2172000
HNXINDEX,20090120,101.98,102.35,100.3,100.69,2789400
HNXINDEX,20090119,102.84,103.22,101.95,101.95,2456656
HNXINDEX,20090116,103.11,103.66,102.59,102.84,2667900
HNXINDEX,20090115,104.01,104.01,102.94,103.11,2953000
HNXINDEX,20090114,104.27,105.69,103.61,104,3416714
HNXINDEX,20090113,105.76,105.98,103.64,104.23,3846360
HNXINDEX,20090112,106.35,106.36,105.16,105.71,5090556
HNXINDEX,20090109,105.7,106.16,105.3,106.16,4845500
HNXINDEX,20090108,107.1,107.1,104.6,105.66,5377775
HNXINDEX,20090107,105.61,108.1,105.61,107.03,6684450
HNXINDEX,20090106,103.86,105.97,103.82,105.53,6272002
HNXINDEX,20090105,104.42,105.57,103.66,103.78,3481400
HNXINDEX,20090102,105.13,106.1,104.47,104.47,2903800
HNXINDEX,20081231,105.45,107.45,104.5,105.11,6129966
HNXINDEX,20081230,105.52,106.71,105.07,105.44,5398900
HNXINDEX,20081229,105.61,106.24,104.53,105.5,4536400
HNXINDEX,20081226,105.08,105.84,104.53,105.61,4515862
HNXINDEX,20081225,104.36,105.56,102.86,104.97,7329146
HNXINDEX,20081224,104.35,104.48,102.6,104.35,5015200
HNXINDEX,20081223,108.15,108.33,104.8,105.25,6328900
HNXINDEX,20081222,107.95,110.34,107.61,107.85,6750700
HNXINDEX,20081219,107.74,108.25,106.9,107.72,6930000
HNXINDEX,20081218,107.07,108.83,106.54,108.22,5833200
HNXINDEX,20081217,106.6,109.3,105.11,107.44,7101200
HNXINDEX,20081216,110.88,111.39,106.33,106.57,7106400
HNXINDEX,20081215,107.85,110.71,107.33,110.3,9380700
HNXINDEX,20081212,101.86,106.38,101.86,105.9,8509100
HNXINDEX,20081211,100.03,101.92,99.26,101.88,6147728
HNXINDEX,20081210,103.02,103.02,98.88,100.25,6057000
HNXINDEX,20081209,100.35,104.11,100.31,103.11,6020300
HNXINDEX,20081208,103.55,104.61,99.68,100.11,6384200
HNXINDEX,20081205,106.65,107.76,103.15,103.54,6433500
HNXINDEX,20081204,105.63,107.69,105.3,106.61,6288400
HNXINDEX,20081203,103.84,105.54,103.28,104.16,6266698
HNXINDEX,20081202,104.18,104.18,101.73,103.48,5047300
HNXINDEX,20081201,104.8,106.48,102.23,103.97,6806900
HNXINDEX,20081128,97.65,104.28,97.24,104.2,9659900
HNXINDEX,20081127,99.58,100.82,97.06,97.61,7567100
HNXINDEX,20081126,105.28,105.41,99.48,99.56,7653000
HNXINDEX,20081125,104.65,107.21,104.13,105.24,5483800
HNXINDEX,20081124,104.85,107.4,104.33,104.51,7545900
HNXINDEX,20081124,104.85,107.4,104.33,104.51,7545900
HNXINDEX,20081121,106.46,106.46,102.77,103.9,6799200
HNXINDEX,20081120,109.79,109.79,105.7,106.49,7531595
HNXINDEX,20081119,111.88,113.53,110.3,110.9,6430500
HNXINDEX,20081118,108.16,111.39,104.42,111.38,7531379
HNXINDEX,20081117,113.08,113.09,109.78,110.35,4704200
HNXINDEX,20081114,111.04,114.7,111.04,113.07,7967000
HNXINDEX,20081113,112.42,112.42,106.64,110.64,7475700
HNXINDEX,20081112,111.99,113.53,107.53,113.01,10827400
HNXINDEX,20081111,118.25,118.25,111.94,112.31,8279465
HNXINDEX,20081110,117.66,121.01,117.11,118.35,9572000
HNXINDEX,20081107,121.99,121.99,115.84,116.36,12353000
HNXINDEX,20081106,126.31,126.83,121.27,122.11,20282100
HNXINDEX,20081105,121.6,125.23,120.22,125.23,9194900
HNXINDEX,20081104,112.96,119.29,112.64,118.64,7748100
HNXINDEX,20081103,115,116.57,109.43,112.88,8549700
HNXINDEX,20081031,111.95,115.14,111.95,114.88,7951500
HNXINDEX,20081030,109.64,111.97,107.88,111.94,7449800
HNXINDEX,20081029,105.1,108.24,104.36,107.44,10756700
HNXINDEX,20081028,104.69,105.11,98.86,105.05,9783100
HNXINDEX,20081027,105.63,105.66,104.66,105.19,7671200
HNXINDEX,20081024,113.85,115.22,111.05,111.58,8707400
HNXINDEX,20081023,122.03,122.03,115.11,115.34,8362200
HNXINDEX,20081022,126.58,126.58,121.78,123.05,6056774
HNXINDEX,20081021,128.8,129.84,124.28,126.81,8125100
HNXINDEX,20081020,126.1,128.56,122.22,123.1,6025000
HNXINDEX,20081017,126.46,130.41,124.07,125.32,6148700
HNXINDEX,20081016,128.92,128.92,123.58,124.28,7926550
HNXINDEX,20081015,132.6,134.53,127,132.12,14023400
HNXINDEX,20081014,119.47,128.37,119.47,128.37,3529400
HNXINDEX,20081013,119.5,123.04,117.54,119.34,6853900
HNXINDEX,20081010,125.14,125.84,119.76,119.86,8414600
HNXINDEX,20081009,127.5,132.88,122.48,129.28,13933900
HNXINDEX,20081008,129.89,131.38,126.43,127.53,10081000
HNXINDEX,20081007,138.48,138.48,134.87,134.98,7052600
HNXINDEX,20081006,152.26,152.26,142.76,143.38,8270400
HNXINDEX,20081003,153.26,153.58,149.87,152.02,7673600
HNXINDEX,20081002,149.8,155.36,149.36,152.96,10512500
HNXINDEX,20081001,149.18,153.07,145.33,149.69,11458600
HNXINDEX,20080930,158.4,158.4,147.81,148.55,6491900
HNXINDEX,20080929,160.42,163.94,155.26,157.98,11012500
HNXINDEX,20080926,157.98,164.01,156.87,160.31,13392800
HNXINDEX,20080925,151.49,157.87,150.12,157.04,10690900
HNXINDEX,20080924,152.93,154.33,148.9,151.47,8146000
HNXINDEX,20080923,155.42,156,147.48,152.62,19947000
HNXINDEX,20080922,145.91,150.44,145.91,150.44,3452000
HNXINDEX,20080919,135.7,145.73,131.37,145.73,11649900
HNXINDEX,20080918,143.94,143.94,136.05,136.08,3801200
HNXINDEX,20080917,154.13,154.13,144.43,144.73,7916800
HNXINDEX,20080916,163.48,163.48,151.1,155.08,9120600
HNXINDEX,20080915,160.22,167.15,153.07,162.9,19640200
HNXINDEX,20080912,169.64,169.64,160.22,160.62,6335000
HNXINDEX,20080911,175.49,175.49,169.09,169.29,8859300
HNXINDEX,20080910,176.99,181.23,172.76,175.19,12989000
HNXINDEX,20080909,181.31,185.78,176.04,176.85,15937900
HNXINDEX,20080908,190.43,190.43,177.57,182.37,22708500
HNXINDEX,20080905,196.03,197.16,188.86,189.14,16758700
HNXINDEX,20080904,194.37,202.87,192.52,194.87,15412600
HNXINDEX,20080903,193.93,196.3,193.1,194.3,6672000
HNXINDEX,20080829,181.44,192.82,179.3,192.43,18126300
HNXINDEX,20080828,192.08,194.9,184.72,185.15,19953800
HNXINDEX,20080827,192.98,196.81,189.31,190.06,20551400
HNXINDEX,20080826,173.73,184.7,173.73,184.67,6869600
HNXINDEX,20080825,165.75,173.48,165.75,173.41,8217100
HNXINDEX,20080822,165.44,168.2,161.19,164.28,11141380
HNXINDEX,20080821,157.01,164.7,155.46,162.96,11762600
HNXINDEX,20080820,156.45,158.75,153.19,156.78,13954100
HNXINDEX,20080819,161.91,163.66,154.36,159.51,16976100
HNXINDEX,20080818,155.5,159.66,155.5,157.93,10123500
HNXINDEX,20080815,148.08,151.65,148.08,151.65,3079500
HNXINDEX,20080814,143.72,146.57,143.51,146.57,9000600
HNXINDEX,20080813,141.19,142.79,138.03,142.63,9401400
HNXINDEX,20080812,139.08,140.88,137.29,139.49,11900200
HNXINDEX,20080811,136.58,137.25,135.96,137.02,3197000
HNXINDEX,20080808,134.66,135.43,132.85,135.32,6595700
HNXINDEX,20080807,133.83,137.52,132.18,133.45,8768400
HNXINDEX,20080806,132.12,134.98,131.3,134.7,11301600
HNXINDEX,20080805,136.63,136.63,133.51,133.53,4157500
HNXINDEX,20080804,139.33,140.22,136.49,136.5,4548100
HNXINDEX,20080801,143.56,143.6,140,140.45,5266300
HNXINDEX,20080731,145.59,146.1,141.37,143.32,6419100
HNXINDEX,20080730,145.22,146.89,142.32,145.46,9947000
HNXINDEX,20080729,144.88,146.94,142.96,143.1,8003500
HNXINDEX,20080728,139.62,144.6,139.16,144.59,9433800
HNXINDEX,20080725,140.57,142.96,140.39,140.85,4750380
HNXINDEX,20080724,141.95,144.49,140.73,141.34,12920600
HNXINDEX,20080723,145.51,145.51,142.13,143.48,4447900
HNXINDEX,20080722,148.28,148.29,143.72,145.69,446100
HNXINDEX,20080721,152.97,153.12,145.75,148.28,5287500
HNXINDEX,20080718,151.1,154.72,148.66,149.68,15867400
HNXINDEX,20080717,149.22,151.42,149.22,151.04,4263300
HNXINDEX,20080716,144.99,147.73,144.99,147.73,19317900
HNXINDEX,20080715,137.35,142.84,137.35,142.83,3105200
HNXINDEX,20080714,134.8,137.72,134.8,137.26,4026344
HNXINDEX,20080711,129.47,133.46,129.47,133,4941600
HNXINDEX,20080710,127,129.5,127,129.16,4653800
HNXINDEX,20080709,125.76,126,124.6,125.92,5965100
HNXINDEX,20080708,124.39,126.09,122.11,125.13,11467600
HNXINDEX,20080707,127.15,128.3,122.32,124.78,17224600
HNXINDEX,20080704,123.83,126.2,123.83,125.55,4516100
HNXINDEX,20080703,120.05,122.2,120.05,122.07,3537300
HNXINDEX,20080702,116.19,118.84,116.19,118.78,8756700
HNXINDEX,20080701,113.3,114.99,113.11,114.99,3853700
HNXINDEX,20080630,112.82,112.85,110.88,112.66,4725500
HNXINDEX,20080627,112.11,112.68,108.58,112.68,5541400
HNXINDEX,20080626,113.35,114.1,109.36,111.92,9344200
HNXINDEX,20080625,111.53,112.08,111.26,112.06,4690800
HNXINDEX,20080624,110.33,111.01,109.16,109.88,4003300
HNXINDEX,20080623,108.78,110.98,107.36,110.48,7167870
HNXINDEX,20080620,112.61,112.61,110.16,110.4,1804800
HNXINDEX,20080619,113.95,114.2,112.6,112.6,1333400
HNXINDEX,20080618,116.76,117.82,113.91,113.94,8525000
HNXINDEX,20080617,113.83,116.16,113.83,115.95,1741600
HNXINDEX,20080616,111.05,113.96,111.05,113.81,3340400
HNXINDEX,20080613,110.45,112.02,110.45,111.09,2733500
HNXINDEX,20080612,108.99,109.48,108.9,109.47,3322900
HNXINDEX,20080611,106.8,108.63,106.24,108.54,5987900
HNXINDEX,20080610,108.49,108.92,106.99,107.76,3020890
HNXINDEX,20080609,109.86,109.86,108.2,108.46,1071600
HNXINDEX,20080606,111.61,111.64,109.86,109.86,1226000
HNXINDEX,20080605,113.66,113.69,110.89,111.65,640600
HNXINDEX,20080604,115.03,115.03,113.6,113.6,849610
HNXINDEX,20080603,117.69,117.69,115.66,115.71,2158900
HNXINDEX,20080602,119.29,119.29,117.54,117.63,1574790
HNXINDEX,20080530,120.73,120.73,119,119.31,2601200
HNXINDEX,20080529,121.28,121.36,119.89,120.72,3060600
HNXINDEX,20080528,123.18,123.22,121.15,121.28,2629776
HNXINDEX,20080527,125.42,125.46,123.16,123.16,555900
HNXINDEX,20080526,127.65,127.65,125.44,125.46,527780
HNXINDEX,20080523,130.36,130.37,127.9,127.93,700400
HNXINDEX,20080522,132.84,132.86,130.35,130.35,481000
HNXINDEX,20080521,133.32,133.34,132.75,132.75,933940
HNXINDEX,20080520,136.83,136.83,135.2,135.2,1132700
HNXINDEX,20080519,138.95,138.95,137.4,137.73,1342500
HNXINDEX,20080516,142.07,142.69,139.4,139.73,4476200
HNXINDEX,20080515,144.96,144.96,142.09,142.09,812050
HNXINDEX,20080514,147.89,147.9,144.85,144.85,272300
HNXINDEX,20080513,151.2,151.2,147.86,147.86,535700
HNXINDEX,20080512,153.1,153.1,151.16,151.26,558400
HNXINDEX,20080509,155.92,155.94,154.2,154.22,1201000
HNXINDEX,20080508,160.65,160.65,157.4,157.42,798700
HNXINDEX,20080507,163.95,163.96,160.6,160.6,1307500
HNXINDEX,20080506,167.07,167.07,163.85,163.89,2007900
HNXINDEX,20080505,169,169.43,167,167.05,1878600
HNXINDEX,20080429,172.91,172.91,168.62,169.11,3255900
HNXINDEX,20080428,168.66,171.61,168.31,171.11,3659500
HNXINDEX,20080425,168.07,168.95,168.07,168.95,3523620
HNXINDEX,20080424,169.77,171.59,167.5,168.07,4843600
HNXINDEX,20080422,177.35,177.35,174.07,174.26,2469400
HNXINDEX,20080421,177.58,177.94,177.22,177.33,2727300
HNXINDEX,20080418,184.35,184.43,178.23,179.77,3696800
HNXINDEX,20080417,179.05,185.42,177.57,184.73,7444400
HNXINDEX,20080416,185.29,185.29,180.12,180.95,1909600
HNXINDEX,20080411,185.62,185.62,185.62,185.62,2187000
HNXINDEX,20080410,193.16,193.16,188.58,189.04,1011400
HNXINDEX,20080409,197.69,198.66,193.08,193.2,3653100
HNXINDEX,20080408,200.43,202.22,193.99,197.55,13141500
HNXINDEX,20080407,195.26,198.33,195.26,198.33,1635900
HNXINDEX,20080404,190.32,193.88,190.32,193.29,619300
HNXINDEX,20080403,187.7,190.88,187.35,190.32,489800
HNXINDEX,20080402,184.42,187.69,184.42,187.69,433500
HNXINDEX,20080401,181.43,184.55,181.43,184.41,568500
HNXINDEX,20080331,178.64,181.81,178.64,181.43,693800
HNXINDEX,20080328,178.57,178.58,178.57,178.58,619100
HNXINDEX,20080327,175.88,175.88,175.88,175.88,739500
HNXINDEX,20080326,166.64,175.31,164.87,175.31,8271100
HNXINDEX,20080325,178.41,178.41,165.72,166.57,5358450
HNXINDEX,20080324,191.99,191.99,177.47,178.56,5113700
HNXINDEX,20080321,196.9,196.9,189.82,191.92,5133300
HNXINDEX,20080320,199.98,200.87,195.32,196.17,4174500
HNXINDEX,20080319,192.72,207.68,192.72,197.78,5507600
HNXINDEX,20080318,204.76,208.85,195.23,195.8,7646200
HNXINDEX,20080317,224.19,224.19,209.94,210.16,5196100
HNXINDEX,20080314,228.28,228.28,219.17,224.69,3480300
HNXINDEX,20080313,226.55,231.31,224.62,227.51,3462000
HNXINDEX,20080312,219.52,231.44,218.17,225.41,5549900
HNXINDEX,20080311,233.42,233.42,219.49,219.49,5972800
HNXINDEX,20080310,236.72,243.39,228.72,233.11,13050500
HNXINDEX,20080307,215.28,225.84,215.28,225.55,2645100
HNXINDEX,20080306,194.72,207.2,194.72,206.49,2144269
HNXINDEX,20080305,194.37,194.37,185.2,191.38,7281900
HNXINDEX,20080304,213.04,213.04,198.72,199.04,5178730
HNXINDEX,20080303,228.45,231.1,210.9,214.22,4980400
HNXINDEX,20080229,232.53,233.42,224.99,228.23,3835700
HNXINDEX,20080228,232.59,236.33,230.37,232.38,3337100
HNXINDEX,20080227,229.59,238.81,225.61,232.33,4240400
HNXINDEX,20080226,246.84,254.01,229.34,229.56,4502500
HNXINDEX,20080225,240.28,246.97,240.26,246.84,4708300
HNXINDEX,20080222,237.42,240.31,221.73,239.02,7172500
HNXINDEX,20080221,256.22,256.22,237.64,237.89,4557300
HNXINDEX,20080220,268.61,269.2,255.28,257.17,4158700
HNXINDEX,20080219,269.62,271.7,264.28,268.19,4179600
HNXINDEX,20080218,282.21,282.21,268.27,269.7,4467300
HNXINDEX,20080215,285.3,286.77,281.92,282.08,2634500
HNXINDEX,20080214,287.98,289.45,284.71,285.21,3494700
HNXINDEX,20080213,290.22,290.6,283.5,283.9,3299200
HNXINDEX,20080212,298.52,300.56,289.84,290.11,2878300
HNXINDEX,20080201,294.34,298.22,293.88,298.2,6078700
HNXINDEX,20080131,297.95,300.36,286.36,294.13,4908900
HNXINDEX,20080130,278.83,297,278.83,296.67,6513100
HNXINDEX,20080129,271.34,279.4,271.34,278.6,4577900
HNXINDEX,20080128,272.15,274.05,269.7,271.76,2783300
HNXINDEX,20080125,272.71,273.85,270.01,271.76,3394126
HNXINDEX,20080124,271.68,278.95,269.77,270.36,4027500
HNXINDEX,20080123,279.33,279.76,267.77,271.68,3740400
HNXINDEX,20080122,284.76,284.95,276.98,279.3,2783400
HNXINDEX,20080121,288.15,288.44,283.08,284.49,2142600
HNXINDEX,20080118,282.98,290.36,280.66,288.03,3237700
HNXINDEX,20080117,286.28,299.48,276.85,282.9,4258200
HNXINDEX,20080116,265.97,285.72,265.8,285.63,3507600
HNXINDEX,20080115,275.69,275.69,261.33,265.8,3459700
HNXINDEX,20080114,289.76,290.91,275.68,275.68,2644800
HNXINDEX,20080111,291.06,294.56,287.88,289.6,2462200
HNXINDEX,20080110,294.73,294.73,283.68,290.79,2793300
HNXINDEX,20080109,300.78,300.89,293.51,294.68,1764200
HNXINDEX,20080108,299.55,306.05,296.23,298.93,2448962
HNXINDEX,20080107,307.56,311.01,296.59,297.59,1998000
HNXINDEX,20080104,312.3,314.16,310.41,310.45,1548700
HNXINDEX,20080103,319.39,322.44,311.95,314.54,1592600
HNXINDEX,20080102,323.56,326.88,322.11,322.34,1867700
HNXINDEX,20071228,317.98,323.68,317.66,323.55,2461500
HNXINDEX,20071227,323.03,323.64,317.74,317.96,1954978
HNXINDEX,20071226,325.73,325.73,319.94,323.53,2067430
HNXINDEX,20071224,334.18,338.13,331.24,331.57,2297700
HNXINDEX,20071221,328.17,335.35,327.4,333.99,2552700
HNXINDEX,20071220,330.36,331.32,327.24,327.24,1938786
HNXINDEX,20071218,318.48,319.35,313.15,318.95,2659800
HNXINDEX,20071217,318.48,318.48,318.48,318.48,2083800
HNXINDEX,20071214,313.01,325.04,310.46,324.88,2481600
HNXINDEX,20071213,328.63,328.93,324.43,326,2176900
HNXINDEX,20071212,329.01,335.59,325.75,328.64,3484700
HNXINDEX,20071211,335.86,335.89,328.91,329.91,2708800
HNXINDEX,20071210,340.39,340.94,335.48,335.85,2988200
HNXINDEX,20071207,344.47,345.15,341.55,344.08,3639800
HNXINDEX,20071206,346.26,347.09,343.27,344.37,3012420
HNXINDEX,20071205,346.26,346.26,346.26,346.26,3822000
HNXINDEX,20071204,345.16,351.63,345.16,349.5,5460300
HNXINDEX,20071203,341.21,345.15,341.21,345.15,3511300
HNXINDEX,20071130,342.33,342.98,339.82,341.1,2552200
HNXINDEX,20071129,340.02,342.63,340.02,342.33,3094400
HNXINDEX,20071128,340.48,343.04,339.48,339.93,2314500
HNXINDEX,20071127,343.17,345.92,339.65,340.48,3013500
HNXINDEX,20071126,338.99,343.17,338.34,343.17,2939000
HNXINDEX,20071123,338.17,340.3,337.5,338.99,2244050
HNXINDEX,20071122,335.88,343.66,334.79,338.17,3202200
HNXINDEX,20071121,340.12,340.15,327.81,335.88,2984400
HNXINDEX,20071120,344.98,346.75,339.82,340.12,2393680
HNXINDEX,20071119,342.72,345.26,341.16,344.98,2135100
HNXINDEX,20071116,343.44,343.81,337.56,342.72,2566700
HNXINDEX,20071115,349.65,361.74,342.02,343.44,3166600
HNXINDEX,20071114,317.65,350.36,317.34,349.65,4027800
HNXINDEX,20071113,341.79,342.33,315.91,317.65,3494500
HNXINDEX,20071112,356.58,356.85,341.79,341.79,3136300
HNXINDEX,20071109,362.85,363.48,352.63,356.58,3889200
HNXINDEX,20071108,367.55,371.15,362.63,362.85,3130200
HNXINDEX,20071107,365.85,374.65,365.24,367.55,4103800
HNXINDEX,20071106,370.45,370.45,365.85,365.85,3918285
HNXINDEX,20071105,382.22,382.22,368.94,371.6,3919200
HNXINDEX,20071102,393.59,406.98,380.03,382.93,4438900
HNXINDEX,20071101,381.76,394.05,381.76,393.59,5234800
HNXINDEX,20071031,371.42,379.21,371.07,379.21,5489600
HNXINDEX,20071030,374.96,376.61,370.64,371.42,5607400
HNXINDEX,20071029,381.45,387.81,374.4,374.96,5878600
HNXINDEX,20071026,380.36,389.64,380.36,381.45,7017300
HNXINDEX,20071025,379.7,379.7,379.7,379.7,6822350
HNXINDEX,20071024,377.33,377.33,377.33,377.33,6050600
HNXINDEX,20071023,369.29,369.29,369.29,369.29,6682000
HNXINDEX,20071022,374.28,374.28,374.28,374.28,4742700
HNXINDEX,20071019,376.83,376.83,376.83,376.83,5937400
HNXINDEX,20071018,364.85,364.85,364.85,364.85,4706300
HNXINDEX,20071017,372.6,372.6,372.6,372.6,6794200
HNXINDEX,20071016,379.16,379.16,379.16,379.16,7978400
HNXINDEX,20071015,370.85,370.85,370.85,370.85,6123156
HNXINDEX,20071012,362.27,362.27,362.27,362.27,5396000
HNXINDEX,20071011,357.78,357.78,357.78,357.78,4945100
HNXINDEX,20071010,355.82,355.82,355.82,355.82,4521700
HNXINDEX,20071009,349.64,349.64,349.64,349.64,4944200
HNXINDEX,20071008,343.67,343.67,343.67,343.67,4700800
HNXINDEX,20071005,345.11,345.11,345.11,345.11,5215000
HNXINDEX,20071004,349.48,349.48,349.48,349.48,6025400
HNXINDEX,20071002,343.03,343.03,343.03,343.03,7137100
HNXINDEX,20071001,334.49,334.49,334.49,334.49,4883100
HNXINDEX,20070928,309.74,309.74,309.74,309.74,4679800
HNXINDEX,20070927,295.32,295.32,295.32,295.32,3682400
HNXINDEX,20070921,272.49,272.49,272.49,272.49,1769200
HNXINDEX,20070920,273.6,273.6,273.6,273.6,2803100
HNXINDEX,20070919,276.63,276.63,276.63,276.63,2715100
HNXINDEX,20070918,268.67,268.67,268.67,268.67,1841900
HNXINDEX,20070917,261.81,261.81,261.81,261.81,1292700
HNXINDEX,20070914,259.48,259.48,259.48,259.48,1319600
HNXINDEX,20070913,259.16,259.16,259.16,259.16,5648600
HNXINDEX,20070912,259.03,259.03,259.03,259.03,1601900
HNXINDEX,20070911,257.6,257.6,257.6,257.6,1699000
HNXINDEX,20070910,256.83,256.83,256.83,256.83,1609500
HNXINDEX,20070907,256.65,256.65,256.65,256.65,1670900
HNXINDEX,20070906,254.57,254.57,254.57,254.57,991200
HNXINDEX,20070905,253.72,253.72,253.72,253.72,1098600
HNXINDEX,20070904,256.14,256.14,256.14,256.14,1066000
HNXINDEX,20070831,252.55,252.55,252.55,252.55,857600
HNXINDEX,20070830,251.28,251.28,251.28,251.28,764300
HNXINDEX,20070829,250.48,250.48,250.48,250.48,640100
HNXINDEX,20070828,250.69,250.69,250.69,250.69,555200
HNXINDEX,20070827,250.3,250.3,250.3,250.3,874400
HNXINDEX,20070824,250.15,250.15,250.15,250.15,918900
HNXINDEX,20070823,247.37,247.37,247.37,247.37,972200
HNXINDEX,20070822,246.47,246.47,246.47,246.47,828100
HNXINDEX,20070821,248.8,248.8,248.8,248.8,1098300
HNXINDEX,20070820,248.83,248.83,248.83,248.83,842700
HNXINDEX,20070817,249.4,249.4,249.4,249.4,803400
HNXINDEX,20070816,252.35,252.35,252.35,252.35,965300
HNXINDEX,20070814,254.24,254.24,254.24,254.24,915400
HNXINDEX,20070813,254.48,254.48,254.48,254.48,790800
HNXINDEX,20070810,257.34,257.34,257.34,257.34,1419700
HNXINDEX,20070809,259.06,259.06,259.06,259.06,1332000
HNXINDEX,20070808,254.75,254.75,254.75,254.75,630000
HNXINDEX,20070807,256.11,256.11,256.11,256.11,1056400
HNXINDEX,20070806,254.47,254.47,254.47,254.47,1111700
HNXINDEX,20070803,255.95,255.95,255.95,255.95,825200
HNXINDEX,20070802,258.52,258.52,258.52,258.52,1275100
HNXINDEX,20070801,260,260,260,260,1081900
HNXINDEX,20070731,253.57,253.57,253.57,253.57,1530300
HNXINDEX,20070730,255.2,255.2,255.2,255.2,1175200
HNXINDEX,20070727,258.84,258.84,258.84,258.84,773500
HNXINDEX,20070726,259.46,259.46,259.46,259.46,834500
HNXINDEX,20070725,263.24,263.24,263.24,263.24,840000
HNXINDEX,20070724,264.88,264.88,264.88,264.88,610300
HNXINDEX,20070723,267.06,267.06,267.06,267.06,868100
HNXINDEX,20070720,267.42,267.42,267.42,267.42,768900
HNXINDEX,20070719,268.05,268.05,268.05,268.05,821628
HNXINDEX,20070718,269.84,269.84,269.84,269.84,760960
HNXINDEX,20070716,270.59,270.59,270.59,270.59,898800
HNXINDEX,20070713,277.37,277.37,277.37,277.37,757500
HNXINDEX,20070712,273.67,273.67,273.67,273.67,816200
HNXINDEX,20070711,282.46,282.46,282.46,282.46,1278300
HNXINDEX,20070710,282.04,282.04,282.04,282.04,1776400
HNXINDEX,20070709,270.74,270.74,270.74,270.74,1010100
HNXINDEX,20070706,268.13,268.13,268.13,268.13,879900
HNXINDEX,20070705,263.53,263.53,263.53,263.53,979700
HNXINDEX,20070704,267.92,267.92,267.92,267.92,1485700
HNXINDEX,20070703,252.61,252.61,252.61,252.61,1353300
HNXINDEX,20070702,256.3,256.3,256.3,256.3,1237200
HNXINDEX,20070629,284.7,284.7,284.7,284.7,1232100
HNXINDEX,20070628,288.9,288.9,288.9,288.9,962450
HNXINDEX,20070627,293.14,293.14,293.14,293.14,799800
HNXINDEX,20070626,295.4,295.4,295.4,295.4,997875
HNXINDEX,20070625,295.92,295.92,295.92,295.92,957500
HNXINDEX,20070622,299.77,299.77,299.77,299.77,931100
HNXINDEX,20070621,302.86,302.86,302.86,302.86,1036300
HNXINDEX,20070620,309.89,309.89,309.89,309.89,1025300
HNXINDEX,20070619,313.14,313.14,313.14,313.14,1253275
HNXINDEX,20070618,315.2,315.2,315.2,315.2,1139800
HNXINDEX,20070615,313.47,313.47,313.47,313.47,1194000
HNXINDEX,20070614,315.87,315.87,315.87,315.87,1402680
HNXINDEX,20070613,313.04,313.04,313.04,313.04,1005400
HNXINDEX,20070612,317.98,317.98,317.98,317.98,1660600
HNXINDEX,20070611,322.31,322.31,322.31,322.31,5265200
HNXINDEX,20070608,327.65,327.65,327.65,327.65,1588500
HNXINDEX,20070607,328.75,328.75,328.75,328.75,1532700
HNXINDEX,20070605,327.48,327.48,327.48,327.48,1605400
HNXINDEX,20070604,330.33,330.33,330.33,330.33,1036900
HNXINDEX,20070601,336.32,336.32,336.32,336.32,1496100
HNXINDEX,20070531,337.27,337.27,337.27,337.27,1309300
HNXINDEX,20070530,335.84,335.84,335.84,335.84,1687400
HNXINDEX,20070529,340.75,340.75,340.75,340.75,1926900
HNXINDEX,20070528,343.14,343.14,343.14,343.14,1865000
HNXINDEX,20070525,346.67,346.67,346.67,346.67,1888300
HNXINDEX,20070523,348.32,348.32,348.32,348.32,3310800
HNXINDEX,20070522,347.29,347.29,347.29,347.29,2734600
HNXINDEX,20070521,340.37,340.37,340.37,340.37,1763700
HNXINDEX,20070518,337.87,337.87,337.87,337.87,2096900
HNXINDEX,20070517,337.15,337.15,337.15,337.15,1582700
HNXINDEX,20070516,334.58,334.58,334.58,334.58,1125300
HNXINDEX,20070515,337.1,337.1,337.1,337.1,1777900
HNXINDEX,20070514,338.09,338.09,338.09,338.09,1780200
HNXINDEX,20070511,335.48,335.48,335.48,335.48,1299300
HNXINDEX,20070510,331.07,331.07,331.07,331.07,926500
HNXINDEX,20070509,334.16,334.16,334.16,334.16,1335700
HNXINDEX,20070508,331.2,331.2,331.2,331.2,2367500
HNXINDEX,20070507,327.15,327.15,327.15,327.15,1240400
HNXINDEX,20070504,319.37,319.37,319.37,319.37,708800
HNXINDEX,20070503,323.49,323.49,323.49,323.49,752100
HNXINDEX,20070502,329.24,329.24,329.24,329.24,974300
HNXINDEX,20070425,332.79,332.79,332.79,332.79,1455200
HNXINDEX,20070424,319.51,319.51,319.51,319.51,1672740
HNXINDEX,20070423,321.44,321.44,321.44,321.44,1264000
HNXINDEX,20070420,365.56,365.56,365.56,365.56,1151600
HNXINDEX,20070419,374.39,374.39,374.39,374.39,1636800
HNXINDEX,20070418,385.57,385.57,385.57,385.57,1385800
HNXINDEX,20070417,365.55,365.55,365.55,365.55,1832000
HNXINDEX,20070416,366.18,366.18,366.18,366.18,1331100
HNXINDEX,20070413,392.04,392.04,392.04,392.04,1440000
HNXINDEX,20070412,394.13,394.13,394.13,394.13,1282800
HNXINDEX,20070411,404.81,404.81,404.81,404.81,1067900
HNXINDEX,20070410,405.17,405.17,405.17,405.17,1218400
HNXINDEX,20070409,400.94,400.94,400.94,400.94,1399100
HNXINDEX,20070406,398.68,398.68,398.68,398.68,1685900
HNXINDEX,20070405,393.02,393.02,393.02,393.02,1558100
HNXINDEX,20070404,400.51,400.51,400.51,400.51,2100600
HNXINDEX,20070403,385.22,385.22,385.22,385.22,1230500
HNXINDEX,20070402,391.77,391.77,391.77,391.77,1458600
HNXINDEX,20070330,404.08,404.08,404.08,404.08,3338800
HNXINDEX,20070329,407.5,407.5,407.5,407.5,1731000
HNXINDEX,20070328,405.18,405.18,405.18,405.18,1986700
HNXINDEX,20070327,371.94,371.94,371.94,371.94,1681760
HNXINDEX,20070326,397.99,397.99,397.99,397.99,1674700
HNXINDEX,20070323,430.1,430.1,430.1,430.1,2310300
HNXINDEX,20070322,437.27,437.27,437.27,437.27,2188700
HNXINDEX,20070321,442.97,442.97,442.97,442.97,2229400
HNXINDEX,20070320,446.11,446.11,446.11,446.11,3125600
HNXINDEX,20070319,459.36,459.36,459.36,459.36,4058000
HNXINDEX,20070316,446.08,446.08,446.08,446.08,2946800
HNXINDEX,20070315,421.33,421.33,421.33,421.33,2267400
HNXINDEX,20070314,431.77,431.77,431.77,431.77,2748200
HNXINDEX,20070313,446.95,446.95,446.95,446.95,3841300
HNXINDEX,20070312,454.75,454.75,454.75,454.75,4111800
HNXINDEX,20070309,454.81,454.81,454.81,454.81,4098900
HNXINDEX,20070308,450.77,450.77,450.77,450.77,3452300
HNXINDEX,20070307,445.8,445.8,445.8,445.8,3201600
HNXINDEX,20070306,440.52,440.52,440.52,440.52,3937700
HNXINDEX,20070305,435.58,435.58,435.58,435.58,3416000
HNXINDEX,20070305,435.58,435.58,435.58,435.58,3416000
HNXINDEX,20070302,418.88,418.88,418.88,418.88,3134200
HNXINDEX,20070228,430.34,430.34,430.34,430.34,4645400
HNXINDEX,20070227,433.83,433.83,433.83,433.83,3825700
HNXINDEX,20070226,409.23,409.23,409.23,409.23,3255000
HNXINDEX,20070215,377.59,377.59,377.59,377.59,2409100
HNXINDEX,20070214,365.17,365.17,365.17,365.17,2725300
HNXINDEX,20070213,354.63,354.63,354.63,354.63,3024400
HNXINDEX,20070212,346.97,346.97,346.97,346.97,2237300
HNXINDEX,20070209,340.53,340.53,340.53,340.53,2895400
