<Ticker>,<DTYYYYMMDD>,<Open>,<High>,<Low>,<Close>,<Volume>
HPS,20100729,20.6,20.6,20.5,20.6,12200
HPS,20100728,19.3,19.3,19.3,19.3,29500
HPS,20100727,17.6,18.4,17.3,18.1,14500
HPS,20100726,17.3,17.3,17,17.2,1100
HPS,20100723,17.4,17.5,17.3,17.5,5400
HPS,20100722,17.7,18.3,16.7,17.2,1500
HPS,20100721,17.7,17.9,17.7,17.7,4500
HPS,20100720,17,17.7,17,17.7,2800
HPS,20100719,15.9,18,15.9,16.6,3200
HPS,20100716,17.3,17.3,16.5,17,7800
HPS,20100715,17.3,17.3,17.3,17.3,600
HPS,20100714,18.5,18.5,18.5,18.5,100
HPS,20100713,17.6,17.6,17.6,17.6,3700
HPS,20100712,16.5,16.5,16.4,16.5,1700
HPS,20100709,18,18,17.3,17.6,3800
HPS,20100708,18,18.5,18,18.4,7600
HPS,20100707,17.5,18.6,17.3,17.3,11500
HPS,20100705,20,20,18.5,18.6,9800
HPS,20100702,20.9,20.9,19,19.8,9000
HPS,20100701,19.6,20.6,19.6,20.3,7500
HPS,20100630,19.1,20.6,18.5,19.6,6100
HPS,20100629,20.4,20.4,19.1,19.3,5200
HPS,20100628,19.1,19.1,18.7,19.1,30100
HPS,20100625,17.4,18.1,17.4,17.9,25200
HPS,20100624,16.2,17,16.2,17,2100
HPS,20100623,17.5,17.7,16.9,17.3,3800
HPS,20100622,17.5,18.5,17.5,17.9,3300
HPS,20100621,17.7,18,17.7,17.9,900
HPS,20100618,17.5,17.9,16.9,17.1,8100
HPS,20100617,15.9,17,15.9,16.9,41300
HPS,20100616,14.9,16.9,14.9,15.9,8100
HPS,20100615,16,16,16,16,100
HPS,20100614,15.8,16,15.5,15.7,1600
HPS,20100611,15.7,16.1,15.2,15.4,11700
HPS,20100610,17.1,18.2,16,16.3,10000
HPS,20100609,16.2,17.8,16,17.1,21400
HPS,20100608,16.7,16.9,16,16.7,12300
HPS,20100607,14.8,15.8,14.8,15.8,14800
HPS,20100604,14.8,14.8,14.7,14.8,14800
HPS,20100603,13.1,14,13.1,13.9,12500
HPS,20100602,13.2,13.2,13,13.1,700
HPS,20100601,13.5,13.5,13.5,13.5,100
HPS,20100531,13.5,13.5,13.5,13.5,600
HPS,20100528,14.1,14.3,14,14,9000
HPS,20100527,13.9,14,13.9,14,2100
HPS,20100526,13.4,13.5,13.4,13.4,9200
HPS,20100525,14.4,14.4,14.4,14.4,100
HPS,20100524,13.8,13.8,13.8,13.8,100
HPS,20100521,13.4,13.4,13,13,4800
HPS,20100520,14,14,13.6,13.9,5300
HPS,20100519,14.9,14.9,14.3,14.4,5500
HPS,20100518,13.8,14.6,13.8,14.3,13200
HPS,20100517,13.1,14,13.1,13.7,12700
HPS,20100514,13,13.8,13,13.1,6500
HPS,20100513,13.6,14.5,13.6,13.9,1400
HPS,20100512,14.6,14.6,14.6,14.6,2100
HPS,20100511,15.6,15.6,15.6,15.6,4800
HPS,20100510,16.7,16.7,16.5,16.7,4400
HPS,20100507,17.1,17.1,15.5,16.7,5900
HPS,20100506,15.8,16,15.8,16,29800
HPS,20100505,15,15,14.7,15,15300
HPS,20100504,14,14.4,13.8,14.1,7500
HPS,20100429,13.4,13.7,13.4,13.5,4100
HPS,20100428,13.5,13.5,13.2,13.4,2500
HPS,20100427,13.5,13.9,13.5,13.6,1400
HPS,20100426,14,14,13.7,13.7,3500
HPS,20100422,14.6,14.6,13.5,13.9,3600
HPS,20100421,13.7,13.8,13.7,13.7,8400
HPS,20100420,12.9,13,12.8,12.9,11100
HPS,20100419,12.1,13.2,12.1,13.1,5800
HPS,20100416,13.5,13.5,13,13,2000
HPS,20100415,13.3,13.3,13.2,13.2,4000
HPS,20100414,14,14,14,14,300
HPS,20100413,13.5,13.6,13.5,13.6,1600
HPS,20100412,13.1,13.6,13.1,13.2,15400
HPS,20100409,13,13,13,13,1300
HPS,20100407,13.6,13.6,13.6,13.6,100
HPS,20100406,13.5,13.5,13.5,13.5,100
HPS,20100405,13.1,13.1,13.1,13.1,100
HPS,20100402,13,13,13,13,2100
HPS,20100401,12.1,12.1,12.1,12.1,2000
HPS,20100331,12.8,12.8,12.8,12.8,3600
HPS,20100329,13.8,13.8,13.8,13.8,100
HPS,20100326,12.6,14,12.6,13.1,500
HPS,20100325,13.2,13.3,13.2,13.3,6300
HPS,20100324,12.4,12.4,12.4,12.4,1800
HPS,20100323,11.6,11.6,11.6,11.6,500
HPS,20100322,11.5,11.6,11.5,11.5,1700
HPS,20100319,12.1,12.1,12.1,12.1,100
HPS,20100317,12.7,12.7,12.6,12.7,300
HPS,20100316,13.1,13.1,12.7,12.8,600
HPS,20100315,13.6,13.6,13.6,13.6,100
HPS,20100312,13.1,13.1,13.1,13.1,600
HPS,20100310,13.5,13.5,12.7,12.8,5800
HPS,20100309,13.6,13.6,13.6,13.6,1000
HPS,20100308,13,13,12.9,13,1500
HPS,20100305,13.9,13.9,13.9,13.9,500
HPS,20100302,14,14,13.9,14,3200
HPS,20100301,13.4,14.1,13.4,13.8,5600
HPS,20100226,12.9,13.3,12.9,13.2,1400
HPS,20100225,12.4,12.6,12.4,12.4,2000
HPS,20100224,12.1,13.1,12.1,12.2,3700
HPS,20100223,11.7,12.5,11.7,12.2,1500
HPS,20100222,11.7,11.7,11.7,11.7,100
HPS,20100210,10.9,10.9,10.9,10.9,300
HPS,20100208,10.2,10.2,10.2,10.2,500
HPS,20100205,10.9,10.9,10.9,10.9,100
HPS,20100204,11.5,11.5,11.5,11.5,100
HPS,20100203,11.5,11.5,11.5,11.5,900
HPS,20100202,12.1,12.1,11.1,11.5,3000
HPS,20100201,11.6,12,11.6,11.9,2300
HPS,20100129,12.1,12.1,12.1,12.1,100
HPS,20100128,13.1,13.1,12.6,12.7,1000
HPS,20100126,13.3,13.3,13.3,13.3,1300
HPS,20100125,12.5,12.5,12.5,12.5,900
HPS,20100121,12.4,12.4,12.4,12.4,100
HPS,20100119,13.3,13.3,13.3,13.3,700
HPS,20100115,13.3,13.3,13.3,13.3,1300
HPS,20100114,12.4,12.4,12.4,12.4,6000
HPS,20100108,13.3,13.3,13.3,13.3,200
HPS,20100107,13.3,13.3,13.3,13.3,900
HPS,20100106,14.6,14.6,14,14.1,1600
HPS,20100105,14.6,14.6,14.6,14.6,2000
HPS,20100104,13.7,15.5,13.7,14.6,5500
HPS,20091231,15.5,15.6,14.1,14.5,4700
HPS,20091230,14.6,14.6,14.6,14.6,1400
HPS,20091229,15.7,15.7,15.7,15.7,100
HPS,20091228,16.9,16.9,16.9,16.9,100
HPS,20091225,15.8,15.8,15.8,15.8,100
HPS,20091224,17.2,17.2,16.6,16.8,400
HPS,20091223,16.2,16.2,16,16.1,1200
HPS,20091222,15.1,15.1,15.1,15.1,100
HPS,20091216,14.8,14.8,14.8,14.8,100
HPS,20091208,13.8,13.8,13.8,13.8,100
HPS,20091204,14.8,14.8,14.8,14.8,100
HPS,20091202,13.7,14.7,13.7,13.9,1300
HPS,20091201,14.5,16.1,14.5,14.7,1500
HPS,20091130,15.5,15.6,15.5,15.6,3300
HPS,20091127,16.7,16.7,16.7,16.7,300
HPS,20091124,18,18,18,18,200
HPS,20091120,19.4,19.4,19.4,19.4,500
HPS,20091117,20.9,20.9,20.9,20.9,100
HPS,20091116,20.1,20.1,20.1,20.1,300
HPS,20091112,20.1,20.1,20.1,20.1,100
HPS,20091110,19.1,19.1,19.1,19.1,100
HPS,20091109,18.1,18.3,18.1,18.2,2300
HPS,20091106,17.2,17.2,17,17.1,5100
HPS,20091105,16.1,17.3,16.1,16.1,2500
HPS,20091104,17.3,17.3,17.3,17.3,2100
HPS,20091103,18.6,18.6,18.6,18.6,500
HPS,20091102,18.7,18.7,18.1,18.6,3000
HPS,20091030,18.7,18.7,16.3,18.4,4400
HPS,20091029,17.5,17.5,17.3,17.5,4000
HPS,20091028,16.3,16.3,16.3,16.3,200
HPS,20091027,16.3,16.3,16.3,16.3,300
HPS,20091026,17.6,19.1,17.4,17.5,4000
HPS,20091023,17.9,19.3,17.9,18.7,6900
HPS,20091022,19.3,19.3,19.1,19.3,4700
HPS,20091021,19.4,19.7,17.7,19.3,5400
HPS,20091020,19.3,19.4,18.1,19.1,2000
HPS,20091019,19.5,19.5,18.2,18.5,8500
HPS,20091016,18.3,18.3,18.1,18.2,9700
HPS,20091015,17.1,17.2,16.9,17.1,7500
HPS,20091014,15.8,16.8,15.6,16.1,20900
HPS,20091013,15.7,15.7,15.6,15.7,2900
HPS,20091012,15.9,15.9,15.1,15.7,7900
HPS,20091009,15.9,15.9,15.7,15.8,1000
HPS,20091008,15.8,15.8,14.8,15.4,4500
HPS,20091007,14.3,15.9,14.3,14.8,3600
HPS,20091006,15.4,15.4,15.3,15.4,1300
HPS,20091005,14.8,14.8,13.8,14.4,2600
HPS,20091002,13.8,13.9,13.8,13.8,3600
HPS,20091001,14.5,15.1,14.5,14.8,7300
HPS,20090930,14.5,14.5,13.6,14.1,5700
HPS,20090929,14.1,14.4,14.1,14.3,2000
HPS,20090928,14.6,14.6,14.1,14.2,4700
HPS,20090925,14.1,14.1,14.1,14.1,600
HPS,20090924,15.1,15.1,13.9,15,3300
HPS,20090923,14.3,15.3,14.3,15,25400
HPS,20090922,14.6,14.6,14.1,14.3,6700
HPS,20090921,14.1,14.2,14.1,14.1,3400
HPS,20090918,13.1,13.8,13.1,13.5,14300
HPS,20090917,13.1,13.1,12.7,12.9,3100
HPS,20090916,12.6,13.1,12.6,12.9,3200
HPS,20090915,13.1,13.1,12.9,13,2400
HPS,20090914,14,14,13.1,13.6,5300
HPS,20090911,14.1,14.1,13.8,13.9,2800
HPS,20090910,13.7,13.7,13.6,13.7,4400
HPS,20090909,13.5,14.1,13.5,13.7,11100
HPS,20090908,12.1,13.5,12.1,13.4,13000
HPS,20090907,12.3,13,12.1,12.6,16200
HPS,20090904,12.1,12.2,12.1,12.1,10500
HPS,20090903,13.1,13.1,13,13,6200
HPS,20090901,14.1,14.1,13.9,14,300
HPS,20090831,13.2,13.3,13.1,13.3,7600
HPS,20090828,12.5,12.5,11.9,12.4,13900
HPS,20090827,11.6,11.9,11.1,11.7,8600
HPS,20090826,10.9,11.1,10.9,11.1,2200
HPS,20090825,10.3,11.1,10.3,10.7,1300
HPS,20090824,10.4,10.4,10.4,10.4,1000
HPS,20090821,10.6,11.1,10.6,11,5200
HPS,20090820,10.6,11.1,10.6,11.1,1100
HPS,20090819,10.8,10.8,10.6,10.8,3900
HPS,20090817,10.8,10.9,10.6,10.8,2300
HPS,20090814,10.7,10.9,10.6,10.7,2800
HPS,20090813,10.7,10.7,10.6,10.7,200
HPS,20090812,10.6,10.6,10.6,10.6,1200
HPS,20090811,10.1,10.9,10.1,10.5,3100
HPS,20090810,10,11.1,10,10.9,600
HPS,20090806,10.8,10.8,10.7,10.7,1100
HPS,20090805,10.1,10.6,9.6,10.1,3400
HPS,20090804,10.3,10.3,10.3,10.3,1000
HPS,20090803,10.9,10.9,10.9,10.9,400
HPS,20090731,10.9,10.9,10.9,10.9,500
HPS,20090730,10.3,10.3,10.1,10.2,2000
HPS,20090729,10.5,11,10.5,10.9,400
HPS,20090728,11.2,11.2,11.2,11.2,800
HPS,20090724,12.1,12.2,12,12.1,13600
HPS,20090723,11.1,12.1,11.1,11.4,300
HPS,20090717,12.1,12.1,12,12,300
HPS,20090716,11.6,11.9,11.6,11.9,1500
HPS,20090714,11.6,11.6,11.6,11.6,200
HPS,20090713,10.8,11.8,10.8,11.3,200
HPS,20090710,11.1,11.1,11.1,11.1,200
HPS,20090709,11.1,11.1,11.1,11.1,200
HPS,20090707,12.1,12.1,11.9,12,1900
HPS,20090706,12.6,12.7,12.6,12.7,1000
HPS,20090703,12,12,12,12,1200
HPS,20090702,11.1,12.4,11.1,11.2,1100
HPS,20090701,11.6,11.6,11.6,11.6,300
HPS,20090630,11.6,11.6,11.6,11.6,1000
HPS,20090629,12,12.6,12,12.3,4100
HPS,20090626,12.6,13.1,12.4,12.9,600
HPS,20090624,12.8,13.7,12.8,13.4,500
HPS,20090623,12.8,12.8,12.8,12.8,1500
HPS,20090622,13.2,14.1,12.4,13.8,5700
HPS,20090619,13.4,13.4,13.4,13.4,1200
HPS,20090618,14.1,14.1,14.1,14.2,1100
HPS,20090617,13.1,14.4,13.1,13.4,4900
HPS,20090616,13.4,13.5,13.4,13.4,5300
HPS,20090615,14.1,15.1,13.9,14.4,21700
HPS,20090612,15.6,15.6,13.7,15,6100
HPS,20090611,13.8,14.8,13.8,14.6,10200
HPS,20090610,16.1,16.1,14.3,14.8,4900
HPS,20090609,15.5,15.5,15.3,15.4,15700
HPS,20090608,14.5,14.5,14.3,14.5,3900
HPS,20090605,13.3,13.6,13.3,13.5,24400
HPS,20090604,12.6,12.8,12.6,12.7,4900
HPS,20090603,12.4,13.1,12.3,12.5,2000
HPS,20090602,13.1,13.5,13.1,13.2,16900
HPS,20090601,12.4,13.3,12.4,13,18900
HPS,20090529,13.5,13.5,13.3,13.3,2700
HPS,20090528,12.9,12.9,12.1,12.7,21100
HPS,20090527,12,12,11.6,12,22800
HPS,20090526,11.1,11.2,11.1,11.2,8400
HPS,20090525,10.4,10.6,10.3,10.5,7000
HPS,20090522,9.8,10.1,9.7,9.9,6500
HPS,20090521,9.7,10.4,9.7,10.4,4600
HPS,20090520,9.3,9.9,9.3,9.7,8900
HPS,20090519,9.2,9.6,9.2,9.2,2500
HPS,20090518,8.9,9.3,8.9,9.2,7400
HPS,20090515,8.6,9.3,8.6,8.9,7700
HPS,20090514,8.8,9.1,8.7,8.8,4800
HPS,20090513,9.1,9.5,8.8,9.4,7200
HPS,20090512,8.5,9,8.5,8.9,3700
HPS,20090511,9.1,9.2,8,9.1,6500
HPS,20090508,9.1,9.1,8.4,8.6,3100
HPS,20090507,9.1,9.5,8.6,9,3300
HPS,20090506,9.6,9.6,8.6,9.4,1100
HPS,20090505,9.1,9.3,9.1,9.3,5400
HPS,20090504,8.9,9.1,8.1,8.7,7500
HPS,20090429,8.5,8.6,8.5,8.6,3300
HPS,20090428,8.4,8.4,8.4,8.4,1000
HPS,20090427,8.4,8.4,8.4,8.4,5600
HPS,20090424,7.1,8.3,7.1,7.8,3600
HPS,20090422,7.7,7.7,7.7,7.7,400
HPS,20090421,7.1,7.2,7.1,7.2,3600
HPS,20090420,8.6,8.6,7.5,7.7,4700
HPS,20090417,7.9,8.4,7.9,8.1,9900
HPS,20090416,8.2,8.5,8,8.2,2700
HPS,20090415,8.2,8.4,7.9,8.2,6500
HPS,20090414,8.3,8.6,8.2,8.4,5200
HPS,20090413,7.8,9,7.8,8.8,21200
HPS,20090410,7.9,8.5,7.9,8.4,8000
HPS,20090409,8.6,8.6,8.3,8.3,4100
HPS,20090408,9.4,9.4,8.6,8.9,300
HPS,20090407,9.1,9.2,9.1,9.1,5100
HPS,20090403,8.6,8.6,8.6,8.6,1700
HPS,20090402,8,8,8,8,9200
HPS,20090401,7.3,7.5,7.2,7.5,5500
HPS,20090331,6.6,7.1,6.6,6.9,8800
HPS,20090330,6.8,7.4,6.8,7.2,3000
HPS,20090327,7.2,7.2,7.2,7.2,6500
HPS,20090326,6.6,6.6,6.6,6.6,3900
HPS,20090325,5.9,6.4,5.9,6.1,5300
HPS,20090324,5.9,5.9,5.9,5.9,200
HPS,20090323,5.5,5.5,5.5,5.5,200
HPS,20090320,5.4,5.4,5.3,5.3,2100
HPS,20090319,6,6,5.5,5.6,700
HPS,20090318,5.7,5.9,5.7,5.8,4500
HPS,20090317,5.2,5.4,5.2,5.4,1700
HPS,20090316,5.2,5.2,5.1,5.1,1000
HPS,20090313,5.8,5.8,5.4,5.5,300
HPS,20090312,5.4,5.4,5.4,5.4,100
HPS,20090311,5.4,5.4,5.4,5.4,200
HPS,20090310,5.4,5.4,5.4,5.4,200
HPS,20090309,5,5.1,5,5,1700
HPS,20090306,5,5,5,5,300
HPS,20090305,5.2,5.2,5.2,5.2,100
HPS,20090303,5.2,5.2,5.2,5.2,100
HPS,20090227,5.7,5.7,5.7,5.7,100
HPS,20090226,5.2,5.6,5.2,5.3,3900
HPS,20090225,5.5,5.5,5.4,5.5,400
HPS,20090224,5.2,5.3,5,5.1,4700
HPS,20090223,4.8,5.6,4.8,5.4,3400
HPS,20090220,5.9,5.9,5.1,5.3,3700
HPS,20090219,5.6,5.6,5.4,5.5,3400
HPS,20090218,5.1,5.2,5.1,5.2,600
HPS,20090217,5.6,5.6,5.6,5.6,100
HPS,20090216,5.8,5.8,5.6,5.7,1200
HPS,20090213,5.5,5.7,5.5,5.7,1000
HPS,20090212,5.3,5.3,5.2,5.2,1600
HPS,20090211,5.2,5.5,5.2,5.3,1900
HPS,20090210,5.2,5.2,4.8,5.1,2200
HPS,20090209,5.2,5.2,5.2,5.2,5200
HPS,20090206,4.5,4.9,4.5,4.8,2000
HPS,20090205,4.7,4.7,4.4,4.5,2900
HPS,20090204,4.8,4.8,4.8,4.8,400
HPS,20090203,5,5,4.8,5,3200
HPS,20090121,5.3,5.3,5.3,5.3,200
HPS,20090120,5.2,5.4,5.1,5.2,4100
HPS,20090119,5.4,5.4,5.4,5.4,100
HPS,20090116,5.3,5.5,5.3,5.4,200
HPS,20090115,5.8,5.8,5.6,5.7,1000
HPS,20090114,6,6,6,6,100
HPS,20090113,6.5,6.5,5.8,6.1,4600
HPS,20090112,6.3,6.4,6.2,6.3,1100
HPS,20090109,6.1,6.1,6,6.1,900
HPS,20090108,5.6,5.7,5.6,5.6,700
HPS,20090107,6.3,6.3,6,6.1,400
HPS,20090106,5.9,5.9,5.9,5.9,400
HPS,20090105,5.8,6.3,5.8,5.9,1900
HPS,20090102,5.4,6.4,5.4,6.2,600
HPS,20081231,5.9,5.9,5.9,5.9,600
HPS,20081230,5.9,6,5.9,5.9,500
HPS,20081229,5.6,5.8,5.6,5.7,1500
HPS,20081226,5.3,5.3,5.3,5.3,500
HPS,20081225,5.8,5.8,5.6,5.7,700
HPS,20081224,6.1,6.1,6.1,6.1,100
HPS,20081223,5.8,5.8,5.8,5.8,500
HPS,20081222,5.4,5.4,5.4,5.4,2100
HPS,20081219,4.7,5.3,4.7,5,1600
HPS,20081218,4.9,4.9,4.9,4.9,200
HPS,20081217,5.4,5.4,5.4,5.4,200
HPS,20081216,5.1,5.1,5,5,300
HPS,20081215,5.5,5.5,5.4,5.5,1800
HPS,20081212,5,6,5,5.1,2800
HPS,20081211,5.5,5.5,5.5,5.5,2600
HPS,20081210,6,6,6,6,700
HPS,20081209,6.5,6.5,6.5,6.5,2600
HPS,20081205,6.3,6.3,6.3,6.3,200
HPS,20081204,6.5,6.5,6.5,6.5,1800
HPS,20081202,7.1,7.1,7.1,7.1,100
HPS,20081128,6.9,7,6.9,7,3000
HPS,20081127,6.4,6.6,6.4,6.5,1300
HPS,20081126,6,6.6,6,6.1,2700
HPS,20081125,6.3,6.3,6.1,6.1,3500
HPS,20081124,6,6,6,6,300
HPS,20081124,6,6,6,6,300
HPS,20081121,6.1,6.3,6.1,6.2,3600
HPS,20081120,6.9,6.9,6.6,6.7,1300
HPS,20081119,7.2,7.2,7.2,7.2,200
HPS,20081117,7.2,7.2,7.1,7.2,2500
HPS,20081114,7.9,7.9,7.5,7.7,2100
HPS,20081113,7.2,8.2,7.2,7.3,900
HPS,20081112,7.7,8.4,7.7,7.8,4100
HPS,20081111,8.4,8.4,8.4,8.4,200
HPS,20081107,9.1,9.1,9.1,9.1,1200
HPS,20081106,9.9,9.9,9.9,9.9,400
HPS,20081105,9.9,9.9,9.8,9.9,2800
HPS,20081104,9,9.3,8.8,9.2,6700
HPS,20081103,9,9,8.5,8.6,1300
HPS,20081031,8.3,8.3,8.3,8.3,1500
HPS,20081030,7.7,7.7,7.7,7.7,700
HPS,20081029,7.2,7.9,6.9,7.1,14000
HPS,20081028,7.3,8.7,7.3,7.5,1100
HPS,20081027,8,8,8,8,1100
HPS,20081024,8.8,8.9,8.6,8.7,3200
HPS,20081023,9,9.4,9,9.3,1500
HPS,20081022,9,9,9,9,400
HPS,20081021,9.8,9.8,9.8,9.8,100
HPS,20081020,9.5,9.5,9.5,9.5,600
HPS,20081017,9.5,9.5,9.2,9.4,1300
HPS,20081016,10,10,9.7,9.9,400
HPS,20081015,11.4,11.4,10,10.5,1400
HPS,20081014,10.6,10.6,10.6,10.6,1500
HPS,20081013,10.6,10.6,9,9.8,2000
HPS,20081010,9.8,9.8,9.8,9.8,1500
HPS,20081009,10.6,10.6,10.6,10.6,600
HPS,20081008,9.8,9.8,9.8,9.8,1500
HPS,20081007,10.6,10.6,10.6,10.6,100
HPS,20081006,11.5,11.5,11.5,11.5,500
HPS,20081003,11.4,12,11.4,11.5,2500
HPS,20081002,11.5,11.5,11.4,11.4,1200
HPS,20081001,12.3,12.3,12.3,12.3,1000
HPS,20080930,13.3,13.3,13.3,13.3,700
HPS,20080926,14.5,14.5,13.8,14.4,4200
HPS,20080925,13.1,14,13.1,13.7,1500
HPS,20080924,13.4,15.2,13.4,14.2,1000
HPS,20080923,14.5,14.5,14.5,14.5,100
HPS,20080922,13.7,13.7,13.7,13.7,7200
HPS,20080919,12,14,12,12.7,5600
HPS,20080917,13,13,13,13,100
HPS,20080916,14.1,14.1,14.1,14.1,1000
HPS,20080915,15.3,15.3,15.3,15.3,1600
HPS,20080912,16.6,16.6,16.6,16.6,200
HPS,20080911,17.9,17.9,17.9,17.9,100
HPS,20080910,19,20,17.7,19.3,6100
HPS,20080909,19.5,19.5,18,19.1,2200
HPS,20080908,19.4,19.5,17,18.7,33400
HPS,20080905,18.1,18.1,18.1,18.1,4200
HPS,20080904,16.8,16.8,16.4,16.8,9100
HPS,20080903,15.6,15.6,15.6,15.6,13300
HPS,20080829,14.5,14.5,13.6,14.5,23800
HPS,20080828,13.9,14,13,13.5,4200
HPS,20080827,14,14,13.9,14,16200
HPS,20080826,13,13,12.9,13,16900
HPS,20080825,12,12.8,12,12.1,13400
HPS,20080822,11.7,12,11.7,11.9,2100
HPS,20080821,11.3,12,11.3,11.7,5000
HPS,20080820,12.4,12.4,12.2,12.2,1100
HPS,20080819,13.8,13.8,12,13.2,2400
HPS,20080818,12.8,12.8,12.8,12.8,3800
HPS,20080815,11.9,11.9,11.9,11.9,9900
HPS,20080814,11.4,11.4,11.2,11.4,9500
HPS,20080813,10.9,11,10.9,10.9,6200
HPS,20080812,11.8,11.8,10.8,11.4,5100
HPS,20080811,11,12,11,11.3,19800
HPS,20080808,11.5,11.5,11.5,11.5,1300
HPS,20080806,12,12,12,12,100
HPS,20080729,12.5,12.5,12.5,12.5,1300
HPS,20080728,13.1,13.1,13.1,13.1,100
HPS,20080725,13.7,13.7,13.7,13.7,200
HPS,20080718,15,15,14,14.3,400
HPS,20080717,13.6,14.8,13.6,14.6,7700
HPS,20080716,14.4,14.4,13.2,14.2,4500
HPS,20080715,13.8,13.8,13.7,13.8,4600
HPS,20080714,13,13.3,12.4,13.2,16700
HPS,20080711,12.9,13,12.8,12.8,7800
HPS,20080709,13.2,13.4,13.2,13.4,6800
HPS,20080708,13.3,13.3,12.3,12.9,4400
HPS,20080707,12.5,13,12.5,12.8,4800
HPS,20080704,11.9,12.9,11.9,12.5,10600
HPS,20080703,11.9,12.9,11.9,12.4,8700
HPS,20080702,12.5,12.5,12.4,12.4,5100
HPS,20080701,13,13.4,12.4,12.9,5700
HPS,20080630,13,13,12.9,12.9,400
HPS,20080627,12.8,13,12.8,12.8,2700
HPS,20080626,13.4,13.4,13.4,13.4,400
HPS,20080625,14,14,14,14,100
HPS,20080623,14.6,14.6,14.6,14.6,2800
HPS,20080617,15.2,15.2,15.2,15.2,100
HPS,20080616,14.7,14.7,14.7,14.7,4100
HPS,20080613,14.4,14.4,14,14.3,3200
HPS,20080612,14,14,14,14,6900
HPS,20080611,14.4,14.4,14.4,14.4,3700
HPS,20080610,14.9,14.9,14.9,14.9,900
HPS,20080609,15.4,15.4,15.4,15.4,100
HPS,20080602,15.9,15.9,15.9,15.9,100
HPS,20080530,16.4,16.4,16.4,16.4,100
HPS,20080529,16.9,16.9,16.9,16.9,100
HPS,20080528,17.4,17.4,17.4,17.4,100
HPS,20080519,18.6,18.6,18.6,18.6,300
HPS,20080513,19.2,19.2,19.2,19.2,100
HPS,20080509,19.8,19.8,19.8,19.8,500
HPS,20080505,20.5,20.5,20.2,20.4,8200
HPS,20080429,20.7,20.7,20.5,20.6,8700
HPS,20080428,20.4,20.4,19.2,20.1,1400
HPS,20080424,20,20,19.7,19.8,3100
HPS,20080423,20.4,20.5,19.4,20.3,1200
HPS,20080422,20.3,20.5,19.4,19.9,8000
HPS,20080421,20.5,20.8,19.6,20,1800
HPS,20080418,20.3,20.3,20,20.2,4300
HPS,20080417,19.5,19.7,19.5,19.7,5500
HPS,20080416,18.4,19.6,18.4,19.1,17600
HPS,20080411,19,19,19,19,700
HPS,20080410,19.6,19.6,19.6,19.6,3500
HPS,20080409,20.2,20.2,20.2,20.2,6500
HPS,20080408,21,21,20,20.8,8600
HPS,20080407,20.4,20.4,20.4,20.4,3400
HPS,20080404,19.8,19.8,19.8,19.8,100
HPS,20080403,19.4,19.4,19.4,19.4,100
HPS,20080402,19,19,19,19,600
HPS,20080401,18.6,18.6,18.6,18.6,900
HPS,20080331,18.2,18.2,18.2,18.2,500
HPS,20080327,17.9,17.9,17.9,17.9,3500
HPS,20080326,17.3,18,17.3,17.6,2900
HPS,20080325,15.9,16.3,15.9,16.2,3800
HPS,20080324,17.7,17.7,17,17.3,3800
HPS,20080321,17.3,18.3,17.3,17.7,4300
HPS,20080320,19.3,19.3,18.8,19.1,800
HPS,20080319,19.8,19.8,19.8,19.8,700
HPS,20080318,19,19.3,19,19,6200
HPS,20080317,23.3,23.3,20.8,21.4,4400
HPS,20080314,22.8,23.3,22.8,23.2,9500
HPS,20080313,23.3,23.3,22.3,22.7,12900
HPS,20080312,20.3,22.8,20.3,22.1,13300
HPS,20080311,24.3,24.3,21.2,21.7,15400
HPS,20080310,22,22,21.3,22,11600
HPS,20080307,19.8,19.8,19.8,19.8,700
HPS,20080306,17.8,17.8,17.8,17.8,1000
HPS,20080305,15.3,16.4,15.3,16,7300
HPS,20080304,16.3,16.3,16.2,16.2,12900
HPS,20080303,18.5,18.5,18.1,18.3,4000
HPS,20080229,20.3,20.5,20.3,20.4,4900
HPS,20080228,20.3,21.1,20.3,20.8,2100
HPS,20080227,21.3,21.3,19.3,20.1,3400
HPS,20080226,24.1,24.1,21.2,21.5,9500
HPS,20080225,24.3,24.3,23.3,23.8,2900
HPS,20080222,19.2,23.5,19.2,22.1,9400
HPS,20080221,20.8,22.8,20.8,21.6,7700
HPS,20080220,25.3,25.3,22.6,23.4,1800
HPS,20080219,24.3,25.3,24.3,24.5,1200
HPS,20080218,27.8,29.3,23.9,26.3,2800
HPS,20080215,26.2,26.5,26.2,26.4,7400
HPS,20080214,26.2,26.3,26.2,26.3,1900
HPS,20080213,26.7,26.7,25.8,26.4,8100
HPS,20080212,25.3,25.3,24.3,24.7,3800
HPS,20080201,27.3,27.3,26.3,26.7,10800
HPS,20080131,25.3,27.2,25.3,26.5,900
HPS,20080130,26.8,27,25.3,26.5,11200
HPS,20080129,24.3,24.3,24.3,24.3,1600
HPS,20080128,23.3,25.1,22.8,23.6,2900
HPS,20080125,25.3,26.5,23.3,25.5,2800
HPS,20080124,27.1,27.1,22.9,24.2,1200
HPS,20080123,26.4,26.4,24.7,25.6,200
HPS,20080122,25.2,25.2,25.2,25.2,100
HPS,20080118,25.3,25.3,23.3,24.3,5800
HPS,20080117,25.5,25.5,24.3,24.9,1400
HPS,20080116,24.8,25.4,24.8,25.2,7800
HPS,20080115,24.2,24.2,21.3,22.9,3600
HPS,20080114,24.1,24.2,22.5,22.8,2700
HPS,20080111,26.3,26.3,24.5,25.3,3100
HPS,20080110,28.3,28.3,24.8,26.3,7700
HPS,20080109,26.3,26.3,25.4,26.1,1500
HPS,20080108,26.3,28.2,26.3,26.9,4600
HPS,20080107,26.3,26.3,26.3,26.3,1300
HPS,20080104,27.8,27.8,26.9,27.4,3000
HPS,20080103,28.3,29.3,27.8,27.9,5600
HPS,20080102,31.2,31.2,28.2,29.7,3700
HPS,20071228,29.3,29.3,27.4,28.2,1400
HPS,20071227,28.3,28.8,27.9,28.3,6400
HPS,20071226,29.2,29.3,29.2,29.3,300
HPS,20071225,29.2,29.5,29.2,29.3,6100
HPS,20071224,27.3,28.8,27.3,27.9,10600
HPS,20071221,28.8,29.3,28.8,29.7,3100
HPS,20071220,31.3,31.3,29.3,29.7,2700
HPS,20071219,33.8,33.8,29.3,31.2,16100
HPS,20071218,31.2,31.2,28.8,30.5,4400
HPS,20071217,33.7,33.7,29.1,31.5,6200
HPS,20071214,33.3,33.3,29.3,30.9,7900
HPS,20071213,27.4,31.5,27.4,30.4,8700
HPS,20071212,28.9,31.2,28.9,30.7,8500
HPS,20071211,36.4,36.4,30,32.1,12300
HPS,20071210,35.8,35.8,30.3,32.9,9300
HPS,20071207,34.8,34.8,30.5,32.3,10400
HPS,20071206,33.9,33.9,30.2,31.8,7900
HPS,20071205,34.3,34.3,29.3,30.6,18500
HPS,20071204,33.2,33.2,29.8,31,18600
HPS,20071203,32,32,29.3,30,12000
HPS,20071130,29.2,29.2,28.8,28.9,1200
HPS,20071129,28.9,29.3,28.8,28.9,1400
HPS,20071128,29.8,30.7,28.4,29.6,7600
HPS,20071127,29.3,31.2,27.8,29.8,5700
HPS,20071126,28.3,29.3,28.3,28.8,1900
HPS,20071123,29.8,29.8,28.3,29.1,2100
HPS,20071122,28.3,28.3,27.5,28.2,7000
HPS,20071121,28.3,28.3,26.8,27.1,4200
HPS,20071120,27.3,29.4,27.3,28.4,4700
HPS,20071119,29.8,30.2,29.8,29.9,3900
HPS,20071116,29.3,29.4,29.3,29.3,5700
HPS,20071115,30.8,31.8,27.3,29.7,8000
HPS,20071114,24.1,29.9,24.1,29.5,20500
HPS,20071113,27.8,27.8,26.8,27,16000
HPS,20071112,28.8,31.3,28.8,30,10800
HPS,20071109,33.3,33.3,30.4,31.9,13500
HPS,20071108,33.3,36.3,33.3,34,33000
HPS,20071107,32.3,35.3,31.3,33.9,23400
HPS,20071106,32.6,33.3,32.6,32.7,22700
HPS,20071105,38.3,40.1,36.2,36.5,27200
HPS,20071102,41.4,41.6,37.3,40.5,65900
HPS,20071101,36.3,37.7,35.3,37.6,58200
HPS,20071031,33,34.8,32.3,34.1,65400
HPS,20071030,30.3,32.3,28.9,31.4,55000
HPS,20071029,29.8,30.3,28.3,29.5,50500
HPS,20071026,29.8,30.3,26.8,29.3,26000
HPS,20071025,28.8,29.3,27,28.8,31400
HPS,20071024,26.6,27.3,26.4,27,14900
HPS,20071023,26.3,26.8,26.3,26.4,21500
HPS,20071022,28.8,28.8,27.3,28.2,32800
HPS,20071019,27.3,29.8,26.3,27.9,41700
HPS,20071018,30.3,32.3,26.6,29.1,27100
HPS,20071017,29.5,29.5,29.5,29.5,35600
HPS,20071016,26.6,26.6,26.6,26.6,11300
HPS,20071015,23,25.6,22.8,24,32000
HPS,20071012,23,23.3,22.9,23.1,12100
HPS,20071011,23.5,23.5,22.3,23,8100
HPS,20071010,22.3,23.3,22.3,23,10200
HPS,20071009,24.7,24.7,22.2,23.9,10900
HPS,20071008,25.3,26.3,23.9,24.7,14200
HPS,20071005,26.3,26.3,25.3,25.6,20600
HPS,20071004,24.3,25.8,24.2,25.2,20200
HPS,20071003,24.3,24.3,22.5,23.4,19100
HPS,20071002,23,23,20.7,22.5,31800
HPS,20071001,19.8,20.9,19.8,20.7,21200
HPS,20070928,18.3,19,18.3,18.8,13700
HPS,20070927,17.8,18.6,17.7,18.6,8000
HPS,20070926,19.3,19.3,18.3,18.6,10700
HPS,20070925,17.6,18.6,17.5,18.2,22800
HPS,20070924,17.3,18.8,16.8,17.6,13400
HPS,20070921,18,18,16.8,17,3400
HPS,20070920,18.3,18.3,17.3,18,2700
HPS,20070919,16.9,18.7,16.9,18.1,9900
HPS,20070918,16.3,18.3,16.3,16.6,9000
HPS,20070917,16.3,16.9,16.3,16.6,7900
HPS,20070914,16.3,17.2,16.3,16.6,6400
HPS,20070913,20.2,20.2,17.4,18.2,4400
HPS,20070912,19.3,20.5,18.1,19.6,23400
HPS,20070911,18.4,18.4,17.3,18.4,21300
HPS,20070910,16.5,16.5,16.3,16.5,18900
HPS,20070907,14.3,15.7,14.3,14.8,8900
HPS,20070906,14.1,14.2,14.1,14.1,2000
HPS,20070905,13.7,13.8,13.6,13.8,6300
HPS,20070904,14.3,14.3,13.7,13.8,2100
HPS,20070831,13.7,13.8,13.7,13.7,2300
HPS,20070830,13.5,13.6,13.5,13.6,2400
HPS,20070829,13.4,14,13.3,13.7,1300
HPS,20070828,13.3,13.8,13.3,13.4,3600
HPS,20070827,13.3,14.2,13.3,13.6,3000
HPS,20070824,12.4,13.3,12.4,12.7,1600
HPS,20070823,13.8,13.8,13.8,13.8,100
HPS,20070822,14.8,14.8,13.9,14.3,1800
HPS,20070820,14.8,14.8,14.8,14.8,900
HPS,20070817,14.3,15.1,14.3,14.4,3300
HPS,20070816,14.7,14.7,14.7,14.7,200
HPS,20070815,14.8,14.9,14.3,14.7,2600
HPS,20070814,14.7,14.8,14.7,14.8,2200
HPS,20070813,14.7,14.7,14.7,14.7,200
HPS,20070810,15.6,15.6,15.4,15.5,700
HPS,20070809,15.3,15.5,15.2,15.4,4700
HPS,20070808,15.3,15.3,14.8,15.2,1800
HPS,20070807,14.3,15.3,14.3,14.6,600
HPS,20070806,14.5,14.8,14.5,14.6,400
HPS,20070803,14.8,15.1,14.8,15,900
HPS,20070802,15.7,15.7,15.3,15.4,2600
HPS,20070801,15.3,16.3,15.3,15.7,2200
HPS,20070731,15.3,15.4,15.3,15.3,1500
HPS,20070730,15.3,15.3,15.3,15.3,500
HPS,20070727,15.5,16,15.3,15.3,2800
HPS,20070726,16.3,16.3,15.9,16,4500
HPS,20070725,16.6,16.6,16.3,16.3,3600
HPS,20070724,16.3,16.8,16,16.3,3500
HPS,20070723,16.8,16.8,16.3,16.5,4200
HPS,20070720,16.9,16.9,16.6,16.8,500
HPS,20070719,15.4,16.5,15,16,4100
HPS,20070718,14.5,15.8,14.5,14.8,6500
HPS,20070717,16.3,16.8,16.3,16.4,3200
HPS,20070713,16.5,17.1,16.5,16.9,500
HPS,20070712,17.3,17.3,16.3,17.1,6900
HPS,20070711,17.4,17.4,16.8,17.2,9100
HPS,20070710,17.5,17.5,17.3,17.4,5300
HPS,20070709,17.9,17.9,17.1,17.5,2100
HPS,20070706,16.3,17.3,16.3,16.4,7200
HPS,20070705,18.3,18.3,16.3,16.7,5200
HPS,20070704,17.3,17.7,17.3,17.5,4000
HPS,20070703,16.7,16.7,15.9,16.3,2500
HPS,20070702,17,17,16.8,16.8,2400
HPS,20070629,19.3,19.5,17.3,18.7,1800
HPS,20070628,17.3,17.8,17.3,18.2,1600
HPS,20070627,21.3,21.3,18,19.5,1500
HPS,20070626,19.9,20.2,19.5,20.1,7000
HPS,20070625,18.3,18.3,18.1,18.2,5500
HPS,20070622,15.6,17.3,15.6,16.4,4300
HPS,20070621,15.9,15.9,15.3,15.6,4500
HPS,20070620,15.8,16.3,15.3,15.8,1900
HPS,20070619,18.1,18.1,16.3,16.9,4300
HPS,20070618,18.9,18.9,17.8,18.1,2200
HPS,20070615,19.3,19.3,18.8,19,300
HPS,20070614,20.3,20.3,19.3,19.4,2200
HPS,20070613,20.3,20.3,19.3,19.7,800
HPS,20070612,21.3,21.3,19.8,20,4500
HPS,20070611,20.3,20.3,20.3,20.3,200
HPS,20070608,21.3,21.7,21.3,21.4,7000
HPS,20070607,20.7,21.3,20.4,20.7,6200
HPS,20070606,19.8,20.7,19.8,20.4,8700
HPS,20070605,20.8,22,20.3,20.7,3800
HPS,20070604,21.3,22.1,21.3,22,2700
HPS,20070601,22.2,22.3,21.3,22.1,1700
HPS,20070531,22.4,22.4,21.9,22.2,4200
HPS,20070530,22.3,22.3,21.3,22.1,1000
HPS,20070529,22.8,22.8,22.3,22.4,2900
HPS,20070528,23.3,23.3,22.8,23.1,2000
HPS,20070525,23.3,23.3,22.3,22.6,3300
HPS,20070524,24.8,24.8,24.5,24.6,1300
HPS,20070523,25.3,25.3,23.8,24.4,2100
HPS,20070522,23.3,24.2,23,23.6,8400
HPS,20070521,23.3,23.3,23.3,23.3,6100
HPS,20070518,23.3,23.3,22.4,23.1,5200
HPS,20070517,22.4,23.3,22.4,22.9,1100
HPS,20070516,23.3,23.5,23.3,23.4,4000
HPS,20070515,23.4,23.8,23.4,23.5,10500
HPS,20070514,24.6,24.8,24.3,24.5,4000
HPS,20070511,22.3,24.4,22.3,24.2,3100
HPS,20070510,23.5,24.3,23.5,23.9,3300
HPS,20070509,26.8,27.3,23.6,26.1,7600
HPS,20070508,24.3,25.3,24.3,24.6,7400
HPS,20070507,23.3,23.7,23.3,23.5,5100
HPS,20070504,22.8,25.6,22.8,23.7,5500
HPS,20070503,23.6,23.8,22.3,23.1,5400
HPS,20070502,23.8,23.8,22.8,23.6,600
HPS,20070425,23.3,23.3,22.8,23.1,7700
HPS,20070424,20.8,23.3,20.8,21.6,4300
HPS,20070423,23.3,23.3,22.6,22.8,3400
HPS,20070420,27.3,27.3,24.3,25.4,2200
HPS,20070419,22.3,26.8,22.3,25.5,12900
HPS,20070418,24.3,24.3,23.3,24.2,10100
HPS,20070417,21.6,22.3,21.6,21.9,11400
HPS,20070416,24.8,25.8,23.2,24.2,13500
HPS,20070413,25.8,26.3,25.3,26,7400
HPS,20070412,28.3,28.3,26.5,27.1,7100
HPS,20070411,28.7,29.2,28.4,28.6,9600
HPS,20070410,28.3,29.2,25.9,28.8,3700
HPS,20070409,29.7,29.7,28.3,29,3300
HPS,20070406,31.3,31.3,28.8,29.7,5000
HPS,20070405,33.3,33.3,30.3,31.3,4600
HPS,20070404,28.9,31.9,28.9,30.5,5600
HPS,20070403,28.8,30.8,27.9,28.9,21700
HPS,20070402,34.8,34.8,28.3,31.2,12600
HPS,20070330,31.4,31.4,31.4,31.4,26900
HPS,20070329,28.3,28.3,28.3,28.3,2800
HPS,20070328,24.5,30.6,24.5,26.3,36000
HPS,20070327,27.5,27.5,27.5,28.3,2700
HPS,20070326,33.9,33.9,30.5,31.7,19800
HPS,20070323,35.8,35.8,32.6,35,28800
HPS,20070322,34.2,39.3,34.2,37.5,10300
HPS,20070321,40.7,40.7,37.3,39.2,18900
HPS,20070320,44.5,44.5,39.7,42,34300
HPS,20070319,40.3,40.3,40.2,41.4,33200
HPS,20070319,40.3,40.3,40.2,41.4,33200
HPS,20070316,33.7,41.7,33.7,37.4,47100
HPS,20070315,40.2,40.2,37.5,38.7,19800
HPS,20070314,44.7,44.7,38.3,43,83700
HPS,20070313,40.4,40.4,40.2,41.5,178800
HPS,20070312,36.5,36.5,36.5,37.5,45400
HPS,20070309,33,33,33,33.9,28800
HPS,20070308,29.8,29.8,29.8,30.6,9500
HPS,20070307,26.8,26.8,26.8,27.6,9300
HPS,20070306,24.2,24.2,24.2,24.9,25500
