<Ticker>,<DTYYYYMMDD>,<Open>,<High>,<Low>,<Close>,<Volume>
HUT,20100729,27.8,28.7,27.8,28.5,256400
HUT,20100728,30.3,30.3,28,28.3,321600
HUT,20100727,30.5,30.5,29,29.4,90300
HUT,20100726,30.7,30.7,29.2,29.8,230200
HUT,20100723,31.5,31.5,29,29.8,201700
HUT,20100722,30.7,30.8,28.9,30.7,1538700
HUT,20100721,29.4,29.4,28.3,28.8,707800
HUT,20100720,30,30,29.2,29.4,104800
HUT,20100719,30.5,30.5,29.3,29.8,664000
HUT,20100716,30.3,31.2,29.1,30.2,240600
HUT,20100715,30.6,30.7,29.6,29.9,85000
HUT,20100714,32,32,30.2,30.8,88000
HUT,20100713,32,32,30.8,31.3,234900
HUT,20100712,29,30.4,29,30.2,394900
HUT,20100709,29.5,29.5,28,28.5,202900
HUT,20100708,30.2,30.9,29,29.6,121700
HUT,20100707,30.4,30.4,28.8,29.6,79300
HUT,20100706,30,30.4,29.3,29.5,84500
HUT,20100705,30.8,30.8,30,30.5,161900
HUT,20100702,29,30.5,29,30.3,115800
HUT,20100701,29.5,30,29.4,29.6,95400
HUT,20100630,29.5,30.5,29.5,30.1,104800
HUT,20100629,31.5,32.1,30.9,31.5,261100
HUT,20100628,32,32.5,31,31.4,148400
HUT,20100625,31,31.5,30.6,30.9,207600
HUT,20100624,32.5,32.6,31.6,31.9,210700
HUT,20100623,31,33,30.2,31.9,184700
HUT,20100622,32,32.3,30.8,31.4,206600
HUT,20100621,34.9,34.9,31,32.9,445900
HUT,20100618,32.7,32.7,32.1,32.7,795500
HUT,20100617,30.6,30.6,30.6,30.6,93600
HUT,20100616,28.6,28.6,28.6,28.6,3400
HUT,20100615,28,28,26.5,26.8,524200
HUT,20100614,27.5,27.5,26.3,26.7,294600
HUT,20100611,27.3,27.4,26.7,27,191900
HUT,20100610,26.6,27,26.2,26.6,235400
HUT,20100609,26.3,27,26.1,26.5,140300
HUT,20100608,25.8,26.8,25.8,26.2,203200
HUT,20100607,26.5,26.7,25.1,25.9,244700
HUT,20100604,26.1,27,26.1,26.5,218000
HUT,20100603,26.3,27.3,26,26.3,195600
HUT,20100602,25.9,26.2,25,25.9,184900
HUT,20100601,26.4,26.4,25.3,25.9,195200
HUT,20100531,25.8,27.3,25.8,26.4,114800
HUT,20100528,26.9,26.9,26.5,26.9,527400
HUT,20100527,25,25.9,25,25.5,288300
HUT,20100526,24,25.3,24,25,256400
HUT,20100525,24.5,24.5,23.6,24,211200
HUT,20100524,23.7,24.3,22.5,23.9,155500
HUT,20100521,24,24,23.7,23.7,293900
HUT,20100520,24.5,26.5,24.5,25.1,329800
HUT,20100519,26.1,26.3,25.9,26,169400
HUT,20100518,28,28.3,27,27.5,188300
HUT,20100517,28,29,27.6,28.1,95900
HUT,20100514,28.3,29,28.3,28.8,177500
HUT,20100513,28.5,29.5,28,28.8,156600
HUT,20100512,30.2,30.3,28.6,29.3,223200
HUT,20100511,30.5,30.8,29.3,30.1,529700
HUT,20100510,29.2,29.7,29,29.3,340400
HUT,20100507,30.5,31,29,29.7,328600
HUT,20100506,30.5,31.3,30.1,30.7,277600
HUT,20100505,31,31,29.9,30.3,269500
HUT,20100504,31.8,32.5,30.7,31.3,308300
HUT,20100429,31,31.8,30.6,31.2,286200
HUT,20100428,31.3,32,30.4,31,310600
HUT,20100427,30.1,31.5,30.1,31,261900
HUT,20100426,31.3,31.8,30.5,30.9,212900
HUT,20100422,34,34.5,31.3,32.2,374500
HUT,20100421,32.1,33.6,32,33.1,735800
HUT,20100420,32.5,32.5,31.1,31.7,561800
HUT,20100419,33.2,33.4,31.5,32.4,684400
HUT,20100416,32.8,34.2,32.5,33.2,740300
HUT,20100415,32.5,33,31.6,32.3,590900
HUT,20100414,31.8,33,31.5,32.5,458100
HUT,20100413,31.1,31.8,30.5,31.4,926700
HUT,20100412,28.8,31.1,28.8,30,878400
HUT,20100409,30.5,30.5,29,29.4,597100
HUT,20100408,31,31.3,29.5,30,485600
HUT,20100407,29.3,29.9,28.3,29.9,1509400
HUT,20100406,28.4,28.4,27.6,28.3,736600
HUT,20100405,26,27.3,26,26.9,662100
HUT,20100402,26.2,26.4,25.4,25.8,235100
HUT,20100401,26.1,26.7,25.5,26,602600
HUT,20100331,27.2,27.3,25.9,26.7,530100
HUT,20100330,27,27,25.8,26.5,458200
HUT,20100329,25.3,26.1,25.1,26.1,467900
HUT,20100326,26,26,24,24.8,407700
HUT,20100325,26.3,26.3,24.9,25.3,417100
HUT,20100324,26,27.4,26,26.3,626900
HUT,20100323,26.5,27.3,26.1,26.3,565700
HUT,20100322,26.9,27.8,26.4,27.6,866800
HUT,20100319,25,26.8,25,26.3,487400
HUT,20100318,26.1,26.1,24.8,25.4,514600
HUT,20100317,24.5,26.3,24.5,26.2,607100
HUT,20100316,24,25.1,23.2,25,957200
HUT,20100315,23.8,23.8,23.4,23.8,773700
HUT,20100312,22,22.8,21.8,22.6,384500
HUT,20100311,21,21.9,21,21.6,214100
HUT,20100310,21.2,21.5,20.8,21,311500
HUT,20100309,23.1,23.1,21,22,170500
HUT,20100308,21.8,22,21.8,22,193500
HUT,20100305,20.9,21,20.4,20.9,74000
HUT,20100304,21.4,21.4,20.8,21,79100
HUT,20100303,21.1,21.2,20.3,20.8,72400
HUT,20100302,20.1,20.7,19.7,20.3,102100
HUT,20100301,19.6,19.9,19.4,19.7,98000
HUT,20100226,19.3,19.7,19.3,19.4,88800
HUT,20100225,19.6,19.8,19.4,19.5,15800
HUT,20100224,19.9,19.9,19.2,19.5,21500
HUT,20100223,19.3,20.2,19.2,19.4,44800
HUT,20100222,20.3,20.4,20,20.2,14300
HUT,20100212,20.2,20.4,20.2,20.3,15100
HUT,20100211,19.4,20.1,19.4,19.8,13300
HUT,20100210,19.7,19.8,19.4,19.6,10500
HUT,20100209,19.4,19.4,19,19.2,38900
HUT,20100208,19.2,19.5,19.2,19.4,38100
HUT,20100205,20.2,20.4,19.3,19.9,34400
HUT,20100204,19.9,20.5,19.9,20.3,37800
HUT,20100203,19.8,20.2,19.8,20,24100
HUT,20100202,20.2,20.5,19.5,20.2,26400
HUT,20100201,19.9,20.4,19.9,20.2,37000
HUT,20100129,19.9,20.2,19.4,19.9,59800
HUT,20100128,20.5,20.9,20.2,20.4,155000
HUT,20100127,22.3,22.3,20.7,21.3,142300
HUT,20100126,21.2,21.2,21.2,21.2,125200
HUT,20100125,19.5,20.5,19,20.1,57800
HUT,20100122,19.3,20.1,19.3,19.5,223100
HUT,20100121,20.4,20.5,20.2,20.3,52700
HUT,20100120,22.9,22.9,21.1,21.3,89200
HUT,20100119,22.4,22.9,21.6,22.3,111800
HUT,20100118,22.7,22.7,21.6,22.6,548900
HUT,20100115,21.6,21.6,21.6,21.6,91100
HUT,20100114,20.5,20.5,20.5,20.5,24300
HUT,20100113,18.9,19.9,18.9,19.5,149600
HUT,20100112,19.2,19.4,18.7,19,29800
HUT,20100111,19.3,19.9,19.2,19.7,55300
HUT,20100108,19.9,20.3,18.9,20.1,222200
HUT,20100107,19,19.7,19,19.3,90500
HUT,20100106,20.7,21.1,19.7,20,127600
HUT,20100105,20.9,21,19.9,20.8,159500
HUT,20100104,19.8,20,19.8,19.9,134900
HUT,20091231,18.3,19.1,18.3,19,135200
HUT,20091230,17.7,18.5,17.5,18.2,88600
HUT,20091229,17.4,18,17.3,17.7,31300
HUT,20091228,18.4,18.7,17.8,18.1,55300
HUT,20091225,17.8,17.8,17.8,17.8,40200
HUT,20091224,17.3,17.4,16.2,17,108700
HUT,20091223,16.4,17.4,16.3,16.6,54700
HUT,20091222,17.3,17.3,16.5,17,78700
HUT,20091221,16.9,17.3,16.9,17.3,31200
HUT,20091218,16.2,16.5,16.2,16.5,58000
HUT,20091217,15.7,16,15.7,15.8,53500
HUT,20091216,17.2,17.2,16.3,16.5,32700
HUT,20091215,17.5,17.5,16.9,17.1,18000
HUT,20091214,15.7,17.2,15.7,17.1,61400
HUT,20091211,17.2,17.2,16.3,16.4,119300
HUT,20091210,17.3,17.6,16.7,17.1,35700
HUT,20091209,18.3,18.3,17.2,17.2,49900
HUT,20091208,18.4,18.4,17.8,18.1,47000
HUT,20091207,18.4,18.4,17.9,18.2,25500
HUT,20091204,18.1,18.4,17.9,18,29800
HUT,20091203,17.8,18.6,17.8,17.9,59000
HUT,20091202,19.4,19.4,18.1,18.7,93800
HUT,20091201,18.9,19.1,18.5,19,80100
HUT,20091130,18.2,18.2,17.7,18.2,50100
HUT,20091127,16.8,18.5,16.8,17.4,148000
HUT,20091126,17.6,17.7,17.6,17.6,70000
HUT,20091125,19.5,19.5,18.5,18.6,70100
HUT,20091124,20.4,20.4,19.4,19.5,147500
HUT,20091123,21,21,20.3,20.4,60900
HUT,20091120,21.9,22.3,21.1,21.4,132300
HUT,20091119,22.5,22.6,21.9,22.3,200700
HUT,20091118,22.9,22.9,21.8,22.3,231300
HUT,20091117,21.9,21.9,20.3,21.8,267200
HUT,20091116,20.7,20.8,20.7,20.8,52600
HUT,20091113,18.4,20.3,18.4,19.8,180500
HUT,20091112,19.4,19.4,19.2,19.3,155700
HUT,20091111,19.2,19.5,18.9,19.3,92800
HUT,20091110,20.1,20.1,19,19.2,67400
HUT,20091109,19.9,19.9,18.4,19.2,120700
HUT,20091106,19.2,19.7,18.7,18.9,92200
HUT,20091105,19.1,19.1,18.7,18.9,132100
HUT,20091104,18.4,18.4,17.7,18.4,187800
HUT,20091103,17.9,18.2,17.6,17.7,105300
HUT,20091102,18.7,18.9,18.3,18.4,70000
HUT,20091030,19.5,19.5,18.8,19.1,104500
HUT,20091029,19.2,19.3,18.5,18.7,118400
HUT,20091028,19.4,19.7,19.2,19.4,94900
HUT,20091027,20.2,20.2,19.2,19.4,97500
HUT,20091026,19.4,20.4,19.4,20,180000
HUT,20091023,19.2,19.8,19.1,19.7,506300
HUT,20091022,19.4,19.4,18.8,19,243000
HUT,20091021,19.8,19.8,19.1,19.4,161100
HUT,20091020,19.2,19.9,19.2,19.6,264600
HUT,20091019,19.2,19.9,19.2,19.2,208600
HUT,20091016,20.4,20.4,19.2,20.1,492100
HUT,20091015,19.5,19.5,19.5,19.5,40200
HUT,20091014,18.8,18.8,18.2,18.7,328100
HUT,20091013,18.1,18.1,18.1,18.1,218500
HUT,20091012,17.4,17.4,16.9,17.4,205600
HUT,20091009,16.8,16.8,16.2,16.8,277600
HUT,20091008,16.2,16.2,15.9,16.2,331000
HUT,20091007,15.2,15.7,15.2,15.6,168800
HUT,20091006,15.2,15.2,15.1,15.1,37100
HUT,20091005,14.7,15.2,14.7,15.1,33400
HUT,20091002,14.7,15.3,14.5,14.7,106400
HUT,20091001,15.2,15.5,15,15,72600
HUT,20090930,15.7,15.7,15.3,15.5,87900
HUT,20090929,16.1,16.1,15.7,15.8,54200
HUT,20090928,16.4,16.4,15.9,16.1,106700
HUT,20090925,14.9,15.9,14.9,15.9,206200
HUT,20090924,15.3,15.9,15.3,15.4,74200
HUT,20090923,15.9,16.2,15.6,15.9,123100
HUT,20090922,15.9,16.1,15.8,15.9,217100
HUT,20090921,15.9,15.9,15.8,15.9,81600
HUT,20090918,14.9,16,14.8,15.6,160900
HUT,20090917,15.8,15.8,15.3,15.4,225000
HUT,20090916,15.9,16.6,15.5,15.9,115200
HUT,20090915,16.1,16.1,15.7,16.1,224500
HUT,20090914,15.6,15.6,15.1,15.5,121100
HUT,20090911,15.1,15.1,14.9,15.1,366600
HUT,20090910,14.6,14.6,14.6,14.6,126100
HUT,20090909,13.8,14.1,13.8,14.1,156300
HUT,20090908,13.6,13.8,13.4,13.7,114900
HUT,20090907,13.6,13.8,13.1,13.4,110700
HUT,20090904,13.8,13.8,13,13.6,89300
HUT,20090903,13.4,13.5,13.2,13.4,136600
HUT,20090901,13.1,13.1,12.9,13.1,85900
HUT,20090831,12.8,12.8,12.4,12.7,66400
HUT,20090828,12.6,12.7,12.3,12.5,40400
HUT,20090827,12.3,12.6,12.2,12.3,56800
HUT,20090826,13,13,12.4,12.5,22100
HUT,20090825,12.7,12.7,12.6,12.7,103000
HUT,20090824,12.4,12.4,12.3,12.4,50400
HUT,20090821,11.9,12.1,11.9,12.1,97600
HUT,20090820,11.8,11.9,11.7,11.8,28300
HUT,20090819,11.7,11.8,11.6,11.7,13200
HUT,20090818,11.6,11.6,11.6,11.6,1900
HUT,20090817,11.7,11.7,11.6,11.6,3500
HUT,20090814,11.7,11.7,11.7,11.7,5800
HUT,20090813,11.9,11.9,11.7,11.7,3200
HUT,20090812,12.1,12.1,11.6,11.8,14100
HUT,20090811,11.8,11.9,11.6,11.8,12800
HUT,20090810,11.8,11.8,11.8,11.8,1000
HUT,20090807,11.9,11.9,11.5,11.8,3100
HUT,20090806,11.7,11.8,11.7,11.8,23800
HUT,20090805,11.5,11.6,11.4,11.6,16000
HUT,20090804,11.6,11.6,11.5,11.5,6000
HUT,20090803,11.8,11.8,11.5,11.6,8100
HUT,20090731,11.7,11.8,11.7,11.7,4800
HUT,20090730,11.7,11.7,11.6,11.7,1200
HUT,20090729,11.6,11.7,11.6,11.6,11500
HUT,20090728,11.9,11.9,11.8,11.9,28100
HUT,20090727,12.5,12.5,11.9,12.1,25100
HUT,20090724,12.2,12.2,12.2,12.2,24500
HUT,20090723,11.5,12,11.4,11.9,31000
HUT,20090722,11.9,11.9,11.7,11.7,12400
HUT,20090721,11.9,11.9,11.7,11.8,2500
HUT,20090720,12.1,12.1,11.9,12,23500
HUT,20090717,11.9,11.9,11.8,11.8,1600
HUT,20090716,11.7,11.9,11.7,11.8,13000
HUT,20090715,11.6,11.9,11.4,11.6,14600
HUT,20090714,11.8,11.8,11.5,11.6,8400
HUT,20090713,11.8,11.8,11.8,11.8,10400
HUT,20090710,12.2,12.3,11.8,12.1,23100
HUT,20090709,12.4,12.4,11.9,12.2,11800
HUT,20090708,12.1,12.4,12.1,12.2,11000
HUT,20090707,12.7,12.7,12.1,12.4,8700
HUT,20090706,12.4,12.4,12.4,12.4,15400
HUT,20090703,11.5,12.2,11.5,12.1,19300
HUT,20090702,11.9,11.9,11.8,11.9,5600
HUT,20090701,11.6,11.6,11.5,11.6,48400
HUT,20090630,11.8,12.2,11.8,11.9,15000
HUT,20090629,12.2,12.2,12.1,12.1,2200
HUT,20090626,12.7,12.7,12.4,12.4,36000
HUT,20090625,13,13,12.6,12.8,3000
HUT,20090624,12.6,13.2,12.6,13,44000
HUT,20090623,13,13,13,13,800
HUT,20090622,13.5,13.5,13.5,13.5,6900
HUT,20090619,14.4,14.4,13.5,13.9,44400
HUT,20090618,13.9,14,13.9,14,107700
HUT,20090617,13.5,14.3,13.5,13.6,112300
HUT,20090616,14.6,14.6,13.7,13.9,176200
HUT,20090615,14.1,14.1,14.1,14.1,67000
HUT,20090612,13.7,13.7,13.7,13.7,26900
HUT,20090611,13.3,13.3,13.3,13.3,25400
HUT,20090610,12.9,12.9,12.8,12.9,238000
HUT,20090609,12.5,12.5,12.5,12.5,81500
HUT,20090608,12.2,12.2,12.2,12.2,3800
HUT,20090605,11.9,11.9,11.9,11.9,9800
HUT,20090604,11.6,11.6,11.6,11.6,23800
HUT,20090603,11.3,11.3,11.3,11.3,58500
HUT,20090602,11,11,11,11,16300
HUT,20090601,10.8,10.8,10.8,10.8,9700
HUT,20090529,10.3,10.6,10.3,10.6,60000
HUT,20090528,10.4,10.4,10.2,10.4,65600
HUT,20090527,10.6,10.6,10.4,10.4,41400
HUT,20090526,10.8,10.8,10.6,10.6,63200
HUT,20090525,10.5,10.7,10.5,10.6,39800
HUT,20090522,10.5,10.5,10.4,10.4,74700
HUT,20090521,10.3,10.3,10.3,10.3,57300
HUT,20090520,10,10.1,10,10.1,51400
HUT,20090519,9.8,10,9.8,10,36500
HUT,20090518,9.8,9.9,9.8,9.8,4500
HUT,20090515,9.8,9.9,9.8,9.8,19800
HUT,20090514,9.7,9.7,9.7,9.7,7000
HUT,20090513,9.7,9.9,9.7,9.8,8600
HUT,20090512,9.8,9.9,9.8,9.8,41300
HUT,20090511,10,10,9.8,10,6600
HUT,20090508,10,10,9.9,10,6800
HUT,20090507,10,10,10,10,7100
HUT,20090506,10,10.1,9.9,10,5000
HUT,20090505,10.1,10.1,10.1,10.1,86400
HUT,20090504,9.8,9.9,9.8,9.9,26500
HUT,20090429,9.7,9.8,9.7,9.8,6200
HUT,20090428,9.7,9.8,9.7,9.7,5700
HUT,20090427,9.7,9.7,9.7,9.7,9000
HUT,20090424,9.8,9.8,9.6,9.7,9400
HUT,20090423,9.8,9.8,9.7,9.8,6200
HUT,20090422,9.7,9.7,9.7,9.7,3300
HUT,20090421,9.5,9.6,9.5,9.5,17800
HUT,20090420,9.6,9.7,9.6,9.7,23800
HUT,20090417,9.9,9.9,9.8,9.8,13200
HUT,20090416,10,10,9.9,10,19900
HUT,20090415,10.2,10.2,10.1,10.1,2500
HUT,20090414,10.1,10.3,10.1,10.2,38500
HUT,20090413,10.1,10.1,10.1,10.1,73300
HUT,20090410,9.9,10,9.9,9.9,54300
HUT,20090409,9.7,9.8,9.7,9.8,8500
HUT,20090408,9.9,9.9,9.8,9.8,18100
HUT,20090407,9.9,10,9.9,9.9,12600
HUT,20090403,9.8,9.9,9.8,9.8,31600
HUT,20090402,9.7,9.8,9.7,9.8,12400
HUT,20090401,9.8,9.8,9.7,9.8,9900
HUT,20090331,9.7,9.8,9.7,9.7,15300
HUT,20090330,9.7,9.8,9.7,9.7,9200
HUT,20090327,9.7,9.7,9.7,9.7,16400
HUT,20090326,9.7,9.7,9.7,9.7,3600
HUT,20090325,9.8,9.8,9.7,9.7,10500
HUT,20090324,9.7,9.7,9.6,9.7,3700
HUT,20090323,9.7,9.7,9.6,9.6,2000
HUT,20090320,9.6,9.6,9.6,9.6,1800
HUT,20090319,9.6,9.8,9.6,9.7,18200
HUT,20090318,10,10,9.8,9.8,41200
HUT,20090317,10,10,9.8,9.9,28100
HUT,20090316,9.8,9.8,9.8,9.8,8600
HUT,20090313,9.6,9.6,9.6,9.6,27400
HUT,20090312,9.4,9.5,9.4,9.4,27500
HUT,20090311,9.3,9.3,9.3,9.3,5400
HUT,20090310,9.3,9.3,9.3,9.3,500
HUT,20090309,9.2,9.3,9.2,9.2,8100
HUT,20090306,9.2,9.2,9.2,9.2,5800
HUT,20090305,9.4,9.4,9.2,9.2,11200
HUT,20090304,9.3,9.3,9.3,9.3,100
HUT,20090303,9.2,9.2,9.2,9.2,500
HUT,20090302,9.3,9.3,9.2,9.3,1700
HUT,20090227,9.4,9.4,9.4,9.4,2200
HUT,20090226,9.3,9.3,9.3,9.3,100
HUT,20090225,9.4,9.4,9.3,9.3,2100
HUT,20090224,9.3,9.3,9.3,9.3,4500
HUT,20090223,9.4,9.4,9.3,9.4,5500
HUT,20090220,9.4,9.4,9.3,9.4,12300
HUT,20090219,9.4,9.4,9.4,9.4,100
HUT,20090218,9.4,9.4,9.4,9.4,6000
HUT,20090217,9.4,9.4,9.4,9.4,6400
HUT,20090216,9.4,9.4,9.4,9.4,3100
HUT,20090213,9.4,9.4,9.4,9.4,16900
HUT,20090212,9.4,9.4,9.4,9.4,11300
HUT,20090211,9.4,9.4,9.4,9.4,15300
HUT,20090210,9.4,9.4,9.4,9.4,20600
HUT,20090209,9.4,9.4,9.4,9.4,4300
HUT,20090206,9.4,9.4,9.3,9.4,4100
HUT,20090205,9.4,9.4,9.3,9.3,24300
HUT,20090204,9.3,9.3,9.3,9.3,2100
HUT,20090203,9.3,9.3,9.3,9.3,2500
HUT,20090123,9.4,9.4,9.3,9.3,2800
HUT,20090121,9.3,9.3,9.3,9.3,4500
HUT,20090120,9.3,9.4,9.3,9.4,2300
HUT,20090119,9.3,9.3,9.3,9.3,2500
HUT,20090116,9.4,9.4,9.3,9.4,3800
HUT,20090115,9.4,9.4,9.3,9.4,3000
HUT,20090114,9.4,9.4,9.3,9.4,6000
HUT,20090113,9.4,9.4,9.4,9.4,4300
HUT,20090112,9.4,9.4,9.4,9.4,6000
HUT,20090109,9.4,9.4,9.4,9.4,1800
HUT,20090108,9.4,9.4,9.4,9.4,1500
HUT,20090107,9.5,9.5,9.5,9.5,1600
HUT,20090106,9.5,9.5,9.4,9.4,5600
HUT,20090105,9.5,9.6,9.5,9.5,3500
HUT,20090102,9.5,9.6,9.5,9.5,9800
HUT,20081231,9.5,9.5,9.5,9.5,9000
HUT,20081230,9.5,9.6,9.5,9.5,10600
HUT,20081229,9.5,9.6,9.5,9.6,12900
HUT,20081226,9.5,9.5,9.5,9.5,9900
HUT,20081225,9.6,9.6,9.5,9.5,7500
HUT,20081224,9.4,9.5,9.4,9.5,10700
HUT,20081223,9.4,9.4,9.4,9.4,20500
HUT,20081222,9.3,9.4,9.3,9.4,18500
HUT,20081219,9.1,9.3,9.1,9.3,9200
HUT,20081218,9,9.2,9,9.1,4500
HUT,20081217,9,9,9,9,8600
HUT,20081216,9.1,9.1,8.9,9,10200
HUT,20081215,9,9,8.9,9,7700
HUT,20081212,8.9,9,8.9,8.9,5000
HUT,20081211,8.9,8.9,8.8,8.8,7800
HUT,20081210,8.9,9,8.8,8.9,3700
HUT,20081209,9.1,9.1,8.9,8.9,4100
HUT,20081208,9,9,8.9,9,2600
HUT,20081205,9.1,9.1,9.1,9.1,1500
HUT,20081204,9.2,9.2,9.2,9.2,100
HUT,20081203,9,9,9,9,1000
HUT,20081202,9.2,9.2,9.2,9.2,200
HUT,20081201,9.3,9.3,9.3,9.3,600
HUT,20081128,9.2,9.2,9.2,9.2,2100
HUT,20081127,9.1,9.1,9.1,9.1,4000
HUT,20081126,9.3,9.3,9.1,9.3,800
HUT,20081125,9.3,9.4,9.2,9.3,3600
HUT,20081124,9.2,9.2,9.1,9.2,1900
HUT,20081124,9.2,9.2,9.1,9.2,1900
HUT,20081121,9.1,9.1,9.1,9.1,2000
HUT,20081120,9.2,9.2,9.1,9.1,2000
HUT,20081119,9.3,9.3,9.1,9.1,4000
HUT,20081118,9.4,9.4,9.2,9.2,2500
HUT,20081117,9.6,9.6,9.2,9.3,500
HUT,20081114,9.5,9.5,9.4,9.4,4200
HUT,20081113,9.4,9.4,9.2,9.4,2500
HUT,20081112,9.4,9.4,9.2,9.3,5300
HUT,20081111,9.5,9.5,9.2,9.4,2300
HUT,20081110,9.5,9.6,9.3,9.4,6400
HUT,20081107,9.6,9.6,9.5,9.5,15000
HUT,20081106,9.6,9.8,9.5,9.6,5500
HUT,20081105,9.7,9.7,9.5,9.7,10700
HUT,20081104,9.5,9.5,9.5,9.5,35600
HUT,20081103,9.5,9.5,9.3,9.4,5100
HUT,20081031,9.6,9.6,9.4,9.5,4700
HUT,20081030,9.4,9.4,9.4,9.4,15300
HUT,20081029,9.3,9.3,9.3,9.3,1200
HUT,20081028,9.4,9.4,9.1,9.1,16800
HUT,20081027,9.2,9.3,9.2,9.2,4200
HUT,20081024,9.4,9.4,9.3,9.4,3500
HUT,20081023,9.4,9.4,9.4,9.4,10300
HUT,20081022,9.6,9.6,9.5,9.6,1800
HUT,20081021,9.8,9.8,9.5,9.7,3300
HUT,20081020,9.6,9.7,9.5,9.6,900
HUT,20081017,9.5,9.6,9.5,9.5,16200
HUT,20081016,9.7,9.7,9.7,9.7,3200
HUT,20081015,10,10,9.7,9.9,7000
HUT,20081014,9.8,9.8,9.6,9.8,5500
HUT,20081013,9.7,9.7,9.6,9.7,600
HUT,20081010,9.5,9.5,9.5,9.5,22100
HUT,20081009,9.7,9.7,9.6,9.7,18800
HUT,20081008,9.4,9.6,9.4,9.5,22900
HUT,20081007,9.6,9.6,9.6,9.6,8700
HUT,20081006,9.8,9.8,9.7,9.8,30300
HUT,20081003,10.1,10.1,9.8,9.9,18900
HUT,20081002,10.1,10.1,9.9,10,3900
HUT,20081001,9.8,10.2,9.8,10,12500
HUT,20080930,10,10,10,10,500
HUT,20080929,10.3,10.3,10.1,10.2,9200
HUT,20080926,10.4,10.4,10.2,10.3,37900
HUT,20080925,9.9,10.2,9.9,10.1,34200
HUT,20080924,10,10,9.9,10,13700
HUT,20080923,10.4,10.4,10,10.2,19000
HUT,20080922,10.2,10.2,10.2,10.2,11800
HUT,20080919,9.8,10.2,9.8,10,81800
HUT,20080918,10,10,10,10,1200
HUT,20080917,10.2,10.2,10.2,10.2,6600
HUT,20080916,10.4,10.4,10.4,10.4,8400
HUT,20080915,10.7,10.7,10.7,10.7,27000
HUT,20080912,11,11,11,11,2400
HUT,20080911,11.5,11.5,10.9,11.3,37000
HUT,20080910,11.2,11.2,11.2,11.2,34600
HUT,20080909,11,11,11,11,2200
HUT,20080908,10.7,10.7,10.7,10.7,39900
HUT,20080905,10.5,10.5,10.5,10.5,31800
HUT,20080904,10.2,10.2,10.2,10.2,3500
HUT,20080903,10,10,10,10,15100
HUT,20080829,9.8,10,9.8,9.8,45600
HUT,20080828,10,10.1,10,10,47800
HUT,20080827,10.4,10.4,10.1,10.2,33400
HUT,20080826,10.1,10.1,10.1,10.1,38500
HUT,20080825,9.8,10,9.8,9.9,48200
HUT,20080822,10,10,9.6,9.8,6700
HUT,20080821,9.5,9.9,9.5,9.8,23400
HUT,20080820,9.7,9.7,9.7,9.7,5700
HUT,20080819,9.9,9.9,9.9,9.9,40800
HUT,20080818,10.1,10.2,10,10.1,8100
HUT,20080815,10,10,10,10,29300
HUT,20080814,9.7,9.9,9.7,9.9,28900
HUT,20080813,9.8,9.8,9.7,9.8,4100
HUT,20080812,9.8,9.8,9.8,9.8,23200
HUT,20080811,9.6,9.7,9.6,9.7,23500
HUT,20080808,9.7,9.7,9.6,9.6,6400
HUT,20080807,9.8,9.8,9.6,9.7,11100
HUT,20080806,9.6,9.7,9.6,9.7,18800
HUT,20080805,9.7,9.7,9.5,9.6,25200
HUT,20080804,9.6,9.6,9.6,9.6,14600
HUT,20080801,9.4,9.6,9.4,9.5,56200
HUT,20080731,9.5,9.5,9.5,9.5,4500
HUT,20080730,9.6,9.7,9.6,9.6,15800
HUT,20080729,9.7,9.8,9.7,9.7,38600
HUT,20080728,9.8,9.8,9.8,9.8,300
HUT,20080725,9.9,9.9,9.9,9.9,7200
HUT,20080724,10,10,10,10,100
HUT,20080723,10.1,10.1,10.1,10.1,100
HUT,20080722,10.2,10.2,10.2,10.2,100
HUT,20080721,10.4,10.4,10.4,10.4,1000
HUT,20080718,10.5,10.5,10.5,10.5,8500
HUT,20080717,10.6,10.7,10.5,10.6,24800
HUT,20080716,10.7,10.8,10.5,10.6,28100
HUT,20080715,10.7,10.7,10.5,10.7,45500
HUT,20080714,10.6,10.6,10.6,10.6,71900
HUT,20080711,10.7,10.7,10.7,10.7,600
HUT,20080710,10.9,10.9,10.9,10.9,1400
HUT,20080709,11,11,11,11,100
HUT,20080708,11.2,11.2,11.2,11.2,5000
HUT,20080707,11.2,11.2,11.2,11.2,1000
HUT,20080704,11.4,11.4,11.4,11.4,700
HUT,20080702,11.5,11.5,11.5,11.5,2100
HUT,20080626,11.7,11.7,11.7,11.7,8000
HUT,20080624,11.9,11.9,11.9,11.9,5300
HUT,20080617,12.1,12.1,12.1,12.1,900
HUT,20080616,12.3,12.3,12.3,12.3,800
HUT,20080613,12.4,12.4,12.4,12.4,1000
HUT,20080516,12.7,12.7,12.7,12.7,500
HUT,20080424,12.9,12.9,12.9,12.9,900
HUT,20080421,13.1,13.1,13.1,13.1,800
HUT,20080418,13.2,13.4,13.2,13.2,12200
HUT,20080417,13.4,13.6,13.4,13.4,70900
HUT,20080416,13.6,13.6,13.6,13.6,1600
HUT,20080411,16.4,16.9,11.7,13.8,117200
