<Ticker>,<DTYYYYMMDD>,<Open>,<High>,<Low>,<Close>,<Volume>
KLS,20100729,17.4,17.7,17.2,17.5,1677000
KLS,20100728,18,18,17.2,17.4,1599200
KLS,20100727,17.8,18,17.4,17.7,2525300
KLS,20100726,17.9,18,17.4,17.5,1616500
KLS,20100723,18.5,18.5,17.7,17.8,1684900
KLS,20100722,17.5,18.1,17.2,17.7,2307800
KLS,20100721,18,18.2,17.4,17.6,5329000
KLS,20100720,18.7,18.7,18.1,18.3,2732900
KLS,20100719,18.7,18.7,18.2,18.4,3523800
KLS,20100716,19.1,19.2,18.7,18.9,2479400
KLS,20100715,19.9,19.9,18.9,19.2,3280700
KLS,20100714,19.5,19.5,19.1,19.5,9308900
KLS,20100713,17.9,18.7,17.7,18.3,4197400
KLS,20100712,17.4,17.8,17.3,17.5,1647240
KLS,20100709,18,18,17.5,17.7,1633500
KLS,20100708,18,18.3,17.6,17.9,1786800
KLS,20100707,17.3,18.2,17,17.7,2803400
KLS,20100706,18,18,17.1,17.3,3013500
KLS,20100705,18.2,18.2,17.8,18,2644850
KLS,20100702,18.2,18.4,17.9,18.1,2878700
KLS,20100701,18.5,18.6,18.1,18.3,2454300
KLS,20100630,19.2,19.2,18.3,18.6,2008300
KLS,20100629,19.3,19.4,19.1,19.2,1944300
KLS,20100628,19.4,19.5,19,19.2,1942200
KLS,20100625,19.8,19.8,19.2,19.4,2975600
KLS,20100624,20,20.3,19.8,19.9,2185400
KLS,20100623,20,20.2,19.7,19.9,2768800
KLS,20100622,20.4,20.4,19.9,20.1,3705700
KLS,20100621,20.5,20.7,20.3,20.4,2361600
KLS,20100618,20.7,20.8,20.3,20.5,2835100
KLS,20100617,21,21.5,20.6,20.9,2904600
KLS,20100616,20.5,21.6,20,20.8,7350800
KLS,20100615,20.3,20.4,20.1,20.2,1283500
KLS,20100614,20.4,20.7,20.1,20.3,1134100
KLS,20100611,20.4,20.8,20.2,20.4,1255500
KLS,20100610,20.4,20.4,20,20.2,930600
KLS,20100609,20.7,21,20.3,20.4,962200
KLS,20100608,20.1,20.7,20.1,20.4,1395800
KLS,20100607,20.7,20.7,20.2,20.4,1865800
KLS,20100604,21.5,21.6,20.9,21.2,1292900
KLS,20100603,22,22.2,21.3,21.6,1263900
KLS,20100602,21.2,21.5,21,21.3,1179100
KLS,20100601,20.6,21.7,20.6,21.4,1121000
KLS,20100531,22,22.3,21.4,21.7,963600
KLS,20100528,21.5,22.8,21.5,22.5,3166700
KLS,20100527,21.8,21.8,21,21.4,1721200
KLS,20100526,22.2,22.3,21.4,21.8,2484200
KLS,20100525,22,22.6,20.8,22.1,2230400
KLS,20100524,20.3,21.6,20.3,21.5,3323900
KLS,20100521,21.8,21.8,19.7,20.2,3289300
KLS,20100520,20.3,22,19.4,21.1,4248200
KLS,20100519,21.5,21.5,20.2,20.6,2141800
KLS,20100518,21.8,21.8,21.2,21.5,1378300
KLS,20100517,22.5,22.5,21.5,21.9,1648300
KLS,20100514,22.8,22.8,22.3,22.5,1258100
KLS,20100513,22.5,23,22.3,22.6,1495400
KLS,20100512,23.6,23.7,22.2,22.6,2135700
KLS,20100511,23.5,24,23.1,23.4,1476900
KLS,20100510,23.2,23.6,22.8,23.1,2259100
KLS,20100507,23.9,23.9,23,23.4,2495500
KLS,20100506,23.8,24.2,23.6,23.9,2031800
KLS,20100505,24.5,24.5,23.6,23.8,1831800
KLS,20100504,24,24.5,23.9,24.2,2674000
KLS,20100429,24,24.2,23.7,23.9,2564700
KLS,20100428,24,24.1,23.8,24,1808100
KLS,20100427,24.7,24.7,24,24.2,1474800
KLS,20100426,25,25.9,24.3,24.7,2217600
KLS,20100422,24,25.3,24,25,6422800
KLS,20100421,23.3,24.5,23.3,23.7,3517900
KLS,20100420,23.4,23.9,23.3,23.5,2379100
KLS,20100419,23.8,24.2,23.4,23.6,2433600
KLS,20100416,24.5,24.8,24,24.3,2127000
KLS,20100415,23.9,24.6,23.8,24.1,3230800
KLS,20100414,24.3,24.3,23.7,23.9,1175300
KLS,20100413,24.6,24.8,24,24.3,2269700
KLS,20100412,23.6,24.8,23.6,24.4,4335300
KLS,20100409,23.6,23.9,23.5,23.6,1700700
KLS,20100408,23.7,24,23.5,23.7,2000000
KLS,20100407,23.8,24,23.5,23.7,1864200
KLS,20100406,24.2,24.5,23.5,23.8,1672400
KLS,20100405,23.9,24.2,23.8,24,1872300
KLS,20100402,24,24,23.3,23.6,1441300
KLS,20100401,23,23.9,22.7,23.3,2196200
KLS,20100331,23.1,23.5,22.8,23.1,2399300
KLS,20100330,23.9,23.9,22.9,23.2,2635700
KLS,20100329,24,24.4,23.7,23.9,2232700
KLS,20100326,24.4,24.8,23.8,24.1,3655700
KLS,20100325,25.8,25.8,23.9,24.4,5445200
KLS,20100324,25.6,25.9,25.3,25.5,3190600
KLS,20100323,26,26,25,25.3,3875900
KLS,20100322,26.7,26.7,25.7,25.9,2859400
KLS,20100319,26.5,26.7,25.8,26.1,3487100
KLS,20100318,25.6,26.7,25.5,26.1,3824200
KLS,20100317,25.7,26,25,25.6,3507900
KLS,20100316,26.6,26.6,25.1,25.8,4175700
KLS,20100315,26.7,27.1,26.3,26.7,2877600
KLS,20100312,26.4,26.9,26,26.5,3382700
KLS,20100311,26.9,27.2,26,26.4,4601700
KLS,20100310,26.8,26.8,26,26.7,10074400
KLS,20100309,25.1,25.1,25.1,25.1,499400
KLS,20100308,23.5,23.5,23.5,23.5,142400
KLS,20100305,22,22.3,21.7,22,6124200
KLS,20100304,22,22.2,21.8,22,4822600
KLS,20100303,21.8,22,21.6,21.9,5794600
KLS,20100302,22.5,22.6,21.7,21.9,3703600
KLS,20100301,21.8,22.3,21.7,22,4252200
KLS,20100226,21.5,21.8,21.3,21.6,2379300
KLS,20100225,21.1,21.8,21.1,21.5,3882800
KLS,20100224,20.8,21.4,20.7,21.1,2587500
KLS,20100223,21.7,21.7,21,21.2,2085500
KLS,20100222,21.8,22.1,21.6,21.7,1971300
KLS,20100212,21.3,21.7,21.3,21.5,1755700
KLS,20100211,21,21.6,20.8,21.1,2500900
KLS,20100210,20.8,21.2,20.8,20.9,1758400
KLS,20100209,21,21.2,20.6,20.8,2311500
KLS,20100208,21.2,21.3,21,21.2,1628200
KLS,20100205,21.5,21.7,21,21.3,3787200
KLS,20100204,21.1,21.8,20.9,21.4,3840300
KLS,20100203,20.9,21.1,20.7,20.9,1350900
KLS,20100202,21.3,21.5,20.8,21.1,1803400
KLS,20100201,21,21.3,20.8,21.1,1979200
KLS,20100129,20.3,20.9,20.1,20.6,2396700
KLS,20100128,20.7,21,20.2,20.5,2048700
KLS,20100127,21.5,21.8,20.6,21.1,2901600
KLS,20100126,20.3,21.3,20.3,21.1,2046600
KLS,20100125,20.2,20.4,19.9,20.2,2019600
KLS,20100122,19.8,20.7,19.6,20.1,3328500
KLS,20100121,20.7,21.1,20.2,20.4,4485100
KLS,20100120,21.6,21.9,20.8,21.3,2895500
KLS,20100119,21.1,21.8,20.8,21.5,4017800
KLS,20100118,23.1,23.3,21,21.3,3764200
KLS,20100115,23.2,23.2,21.8,22.2,3504100
KLS,20100114,22.1,22.1,21.8,22.1,2988400
KLS,20100113,20.8,22.2,20.1,21,5723300
KLS,20100112,21.7,22.1,20.7,21.2,4057700
KLS,20100111,22.5,22.5,21.3,21.9,2906700
KLS,20100108,21.9,23.3,21.6,22.4,4131400
KLS,20100107,21.9,22.9,21.6,22.3,4307100
KLS,20100106,22.3,23.1,21.8,22.4,5758400
KLS,20100105,22.2,22.2,22.1,22.2,2625800
KLS,20100104,21.1,21.1,20.6,21.1,544600
KLS,20091231,19.9,20.1,19.4,20.1,4055000
KLS,20091230,18.4,19.6,18.3,19.1,4109200
KLS,20091229,18.8,19.2,18.3,18.6,4157900
KLS,20091228,19.6,19.6,18.4,19.1,4656200
KLS,20091225,18.6,18.8,18.3,18.8,2360300
KLS,20091224,17.4,18.1,17.4,17.9,2367200
KLS,20091223,16.8,17.7,16.4,17.3,5897400
KLS,20091222,17,17,16.7,16.9,6755000
KLS,20091221,16.2,16.2,16.2,16.2,512400
KLS,20091218,15,15.6,15,15.5,1152000
KLS,20091217,15.3,15.5,14.6,14.9,4212500
KLS,20091216,15.8,15.8,15.3,15.3,2328400
KLS,20091215,16.3,16.4,15.7,16,1634700
KLS,20091214,15.2,16.5,15.2,16.1,2376700
KLS,20091211,16.3,16.4,15.8,15.8,1216000
KLS,20091210,17.1,17.4,16.2,16.6,2698800
KLS,20091209,17.6,17.6,17,17.1,2813000
KLS,20091208,18.2,18.3,17.6,17.9,1800600
KLS,20091207,18.1,18.4,18,18.2,2115300
KLS,20091204,18.2,18.2,17.7,18,1582800
KLS,20091203,18,18.3,17.5,18,2322000
KLS,20091202,19.3,19.3,17.7,18.3,2450200
KLS,20091201,18.2,18.7,18.1,18.6,3264400
KLS,20091130,17.6,18.3,17.4,17.8,3897300
KLS,20091127,17.2,18.6,17.2,17.5,4696400
KLS,20091126,18.1,18.3,18.1,18.1,1069600
KLS,20091125,19.6,19.9,19,19.1,1659400
KLS,20091124,20.2,20.5,19.7,20,2033900
KLS,20091123,20.7,20.8,20,20.3,1710200
KLS,20091120,21.1,21.3,20.6,20.8,1501100
KLS,20091119,20.8,21.2,20.5,20.9,2531000
KLS,20091118,20.5,20.8,19.9,20.4,2324500
KLS,20091117,20.4,20.5,20.1,20.3,2113700
KLS,20091116,20.5,20.6,20.1,20.4,1525400
KLS,20091113,20.6,20.7,20.1,20.4,2437500
KLS,20091112,20.6,21,20.5,20.8,1717600
KLS,20091111,20,20.9,19.8,20.4,2815700
KLS,20091110,20.8,21.1,19.5,20,2273700
KLS,20091109,21.1,21.1,20.4,20.6,1190200
KLS,20091106,22.2,22.2,21.1,21.6,2613800
KLS,20091105,20.8,21.5,20.6,21.1,2410200
KLS,20091104,20.2,21,19.8,20.5,2755200
KLS,20091103,21,21.3,20.1,20.2,3228500
KLS,20091102,21.8,21.8,21.2,21.2,1970800
KLS,20091030,22.5,22.9,22,22.4,3315700
KLS,20091029,22.8,22.8,21.8,22,3098900
KLS,20091028,23.2,23.5,22.3,23.1,2981300
KLS,20091027,24.1,25,22.6,23.2,4009100
KLS,20091026,23.8,24.6,23.4,23.7,3775200
KLS,20091023,25.3,25.4,24.2,24.7,3196100
KLS,20091022,25.1,25.8,24.8,25.3,4265600
KLS,20091021,25.3,25.4,24.9,25.1,4148800
KLS,20091020,25.5,26,25.2,25.4,4724500
KLS,20091019,26.7,26.8,25.2,25.4,3311700
KLS,20091016,26.5,26.5,24.9,25.5,5556500
KLS,20091015,25.1,25.1,25.1,25.1,1212800
KLS,20091014,23.8,23.8,23.8,23.8,394800
KLS,20091013,23.1,23.2,22.4,22.6,5105700
KLS,20091012,23.3,23.3,22.6,22.8,2813300
KLS,20091009,22,22.6,22,22.3,2670300
KLS,20091008,22.1,22.1,21.8,21.9,2698300
KLS,20091007,21.9,22.4,21.6,21.9,3471200
KLS,20091006,22,22,21.5,21.7,2207700
KLS,20091005,22,22.2,21.3,21.8,3035400
KLS,20091002,21.9,22.6,21.5,21.6,6004400
KLS,20091001,23.3,24.1,21.9,22.7,4227100
KLS,20090930,23.5,23.7,22.4,22.8,3812100
KLS,20090929,24.1,24.2,23.2,23.7,3807000
KLS,20090928,22.8,23,22,23,3928500
KLS,20090925,21.6,22.2,21.5,21.9,3315300
KLS,20090924,21.1,22.4,21,21.6,5333900
KLS,20090923,21.8,21.8,20.8,21.6,3992300
KLS,20090922,20.2,21.1,20.1,20.7,3793000
KLS,20090921,20.2,20.4,19.9,20.1,3372100
KLS,20090918,20,20.3,19.7,19.8,3384100
KLS,20090917,20.4,20.7,19.6,20,3378800
KLS,20090916,20.6,20.9,20.3,20.6,2900800
KLS,20090915,19.6,20.4,19.5,20,5175300
KLS,20090914,19.3,19.6,19.3,19.5,2260700
KLS,20090911,20.3,20.3,19.3,19.5,2850000
KLS,20090910,19.5,19.5,19.1,19.3,2261800
KLS,20090909,19.3,19.6,19.1,19.3,3593700
KLS,20090908,18.7,19.3,18.6,19.1,3229300
KLS,20090907,18.5,18.9,18,18.5,3210000
KLS,20090904,19.3,19.3,18.2,18.9,3618600
KLS,20090903,19.8,19.8,18.9,19.2,2613200
KLS,20090901,19.3,19.6,19.1,19.3,2356100
KLS,20090831,19.1,19.6,19.1,19.4,3525800
KLS,20090828,18.7,18.9,18.6,18.8,2361900
KLS,20090827,18.6,18.8,18.5,18.7,2204000
KLS,20090826,19,19,18.5,18.8,2470200
KLS,20090825,19.3,19.3,18.8,19,2107500
KLS,20090824,19.6,19.6,18.8,19.1,2598700
KLS,20090821,18.2,18.9,18.1,18.7,6544700
KLS,20090820,18.1,18.2,17.9,18,1937400
KLS,20090819,17.8,18,17.7,17.9,2028300
KLS,20090818,17.6,17.9,17.4,17.8,1593500
KLS,20090817,18.1,18.2,17.8,17.9,1601200
KLS,20090814,18.2,18.3,17.9,18.1,2098100
KLS,20090813,18.5,18.8,18,18.3,3016100
KLS,20090812,17.6,18.2,17.5,17.9,1924400
KLS,20090811,17.8,17.9,17.6,17.7,1574000
KLS,20090810,18.1,18.2,17.6,17.9,1918400
KLS,20090807,17.6,17.8,17.4,17.5,1730900
KLS,20090806,18,18.2,17.6,17.9,2749000
KLS,20090805,18.2,18.2,17.6,18,2764500
KLS,20090804,18.5,18.5,17.8,18,2952400
KLS,20090803,17.8,18,17.4,17.7,2592100
KLS,20090731,17.7,17.8,17.2,17.7,3288600
KLS,20090730,17.4,17.6,16.7,17,2680900
KLS,20090729,17.4,18.2,16.9,17.6,3383200
KLS,20090728,17.3,17.3,17,17.3,9680800
KLS,20090727,16.5,16.5,16.5,16.5,1065500
KLS,20090724,15.8,15.8,15.8,15.8,579900
KLS,20090723,14.6,15.3,14.4,15,2169300
KLS,20090722,14.7,14.8,14.5,14.6,1191400
KLS,20090721,14.6,14.8,14.4,14.5,1502200
KLS,20090720,15,15,14.4,14.5,1979100
KLS,20090717,15.6,15.6,14.8,15.1,1023300
KLS,20090716,15.6,15.6,15.3,15.5,2324700
KLS,20090715,14.9,15.1,14.8,14.9,1480800
KLS,20090714,15.2,15.2,14.4,14.7,1507300
KLS,20090713,15.2,15.2,14.6,14.7,1424100
KLS,20090710,15.6,15.6,15,15.3,1077700
KLS,20090709,15.4,15.6,15.4,15.5,1370300
KLS,20090708,15.4,15.7,15.1,15.5,1769500
KLS,20090707,15.8,15.9,15.2,15.5,2296700
KLS,20090706,14.8,15.3,14.7,15.2,1068900
KLS,20090703,14.6,14.9,14.1,14.7,1597900
KLS,20090702,14.3,15,14.2,14.6,2318300
KLS,20090701,14.5,15.1,14.5,14.5,1404800
KLS,20090630,16.5,16.5,15,15.2,1690500
KLS,20090629,15.9,16,15.6,15.8,820200
KLS,20090626,16.6,16.6,15.5,15.9,1560100
KLS,20090625,16.1,16.2,15.4,15.9,2977800
KLS,20090624,14.3,15.7,14.3,15.4,1971500
KLS,20090623,15,15,15,15,854100
KLS,20090622,15.9,16.5,15.7,15.8,1814900
KLS,20090619,17.2,17.4,16.1,16.5,1497900
KLS,20090618,16.3,17,16.3,16.8,2310400
KLS,20090617,16,16.9,16,16.2,4492600
KLS,20090616,16.9,16.9,16.9,16.9,741600
KLS,20090615,18.7,18.7,17.7,17.8,2848400
KLS,20090612,19.3,19.3,17.5,18.7,3073800
KLS,20090611,17.4,18.8,17.2,18.4,4237700
KLS,20090610,18.5,18.8,17.8,17.9,5513200
KLS,20090609,19,19.2,18.2,18.8,5268100
KLS,20090608,18.2,18.2,18.2,18.2,473500
KLS,20090605,17.4,17.4,17.2,17.4,1554700
KLS,20090604,15.9,16.8,15.8,16.6,4664400
KLS,20090603,17.1,17.1,15.9,16,3893500
KLS,20090602,16.4,16.4,16.1,16.3,3639700
KLS,20090601,15.6,15.8,15.3,15.6,3142000
KLS,20090529,15.1,15.6,14.5,15.1,3242200
KLS,20090528,15,15.4,15,15,3370800
KLS,20090527,16.5,16.5,15.4,15.7,3430300
KLS,20090526,15.9,15.9,15.4,15.8,6000000
KLS,20090525,14.8,15.2,14.5,15.2,886000
KLS,20090522,14.4,14.9,14.4,14.5,4885800
KLS,20090521,15.2,15.7,14.7,15.1,4887800
KLS,20090520,15.4,15.4,15,15.3,6721100
KLS,20090519,14.8,14.8,14.8,14.8,498500
KLS,20090518,14.1,14.2,13.8,14.1,5307600
KLS,20090515,13.6,13.6,13.3,13.6,2121500
KLS,20090514,12.9,13.5,12.9,13,3774000
KLS,20090513,13.9,13.9,13,13.5,3723600
KLS,20090512,12.9,14,12.9,13.4,6075100
KLS,20090511,13.9,13.9,13,13.5,4158400
KLS,20090508,12.9,13.5,12.4,13.3,7380900
KLS,20090507,12.9,12.9,12.9,12.9,679900
KLS,20090506,12.5,12.5,12,12.4,11487400
KLS,20090505,12,12,12,12,484200
KLS,20090504,11.5,11.5,11.5,11.5,187900
KLS,20090429,11.1,11.1,11,11.1,2215800
KLS,20090428,10.2,10.8,10.1,10.7,2243900
KLS,20090427,10.4,10.8,10.4,10.4,5657600
KLS,20090424,10.8,10.8,10.8,10.8,558400
KLS,20090423,11.2,11.2,11.2,11.2,913700
KLS,20090422,11.7,11.9,11.7,11.7,5355700
KLS,20090421,12.2,12.2,12.2,12.2,151500
KLS,20090420,12.7,12.7,12.7,12.7,173100
KLS,20090417,14.1,14.1,12.9,13.3,5433200
KLS,20090416,13.5,13.5,13.3,13.5,2246700
KLS,20090415,13.1,13.1,12.4,12.9,6464100
KLS,20090414,12.6,12.6,12.4,12.6,3633200
KLS,20090413,12.1,12.1,12.1,12.1,430700
KLS,20090410,11.6,11.6,11.6,11.6,1038000
KLS,20090409,11.1,11.3,10.9,11.2,4200000
KLS,20090408,10.8,11.2,10.6,10.9,6177100
KLS,20090407,10.6,10.8,10.6,10.8,2952600
KLS,20090403,10.4,10.4,10.3,10.4,2627800
KLS,20090402,10,10.1,9.9,10,4503800
KLS,20090401,9.7,9.8,9.6,9.8,2620800
KLS,20090331,9.3,9.6,9.3,9.5,1748000
KLS,20090330,9.6,9.8,9.5,9.6,1745600
KLS,20090327,10,10,9.6,9.8,2722900
KLS,20090326,9.8,10,9.8,9.9,2648300
KLS,20090325,9.6,9.9,9.3,9.8,2084800
KLS,20090324,9.6,9.6,9.6,9.6,3010400
KLS,20090323,9.6,9.6,9.3,9.3,1293100
KLS,20090320,9.5,9.8,9.3,9.6,1697900
KLS,20090319,9.6,9.6,9.3,9.5,3726760
KLS,20090318,9.3,9.3,9.3,9.3,365700
KLS,20090317,8.8,9,8.8,9,1296200
KLS,20090316,8.7,8.9,8.7,8.8,872600
KLS,20090313,8.7,8.9,8.7,8.8,1055100
KLS,20090312,8.9,8.9,8.5,8.6,1436300
KLS,20090311,8.5,8.6,8.5,8.6,1181500
KLS,20090310,8.3,8.5,8.2,8.4,1454400
KLS,20090309,8.3,8.3,8.2,8.3,389100
KLS,20090306,8.2,8.3,8.1,8.2,284300
KLS,20090305,8.2,8.3,8.2,8.3,469000
KLS,20090304,8.1,8.2,8.1,8.2,293000
KLS,20090303,8.1,8.2,8,8.1,351700
KLS,20090302,8.2,8.3,8,8.2,281700
KLS,20090227,8.1,8.3,8,8.2,284200
KLS,20090226,8.3,8.5,8,8.2,578700
KLS,20090225,8.3,8.3,8.1,8.3,715000
KLS,20090224,8.1,8.2,8,8,648400
KLS,20090223,8.4,8.4,8.2,8.2,509700
KLS,20090220,8.5,8.5,8.4,8.4,249300
KLS,20090219,8.4,8.5,8.4,8.5,364100
KLS,20090218,8.5,8.5,8.3,8.4,701300
KLS,20090217,8.7,8.7,8.5,8.6,502900
KLS,20090216,8.8,8.8,8.7,8.8,411600
KLS,20090213,8.8,8.8,8.7,8.8,205000
KLS,20090212,8.8,8.9,8.8,8.8,217000
KLS,20090211,8.8,8.9,8.8,8.8,262300
KLS,20090210,9,9,8.9,8.9,199600
KLS,20090209,9,9.1,8.9,9,394900
KLS,20090206,8.8,9,8.8,8.9,370100
KLS,20090205,8.9,9,8.8,8.8,815900
KLS,20090204,8.9,9.1,8.9,9,427600
KLS,20090203,9,9,8.9,8.9,427600
KLS,20090202,9.3,9.3,9,9.1,210500
KLS,20090123,9.2,9.3,9.2,9.2,260900
KLS,20090122,9,9.2,9,9.1,149800
KLS,20090121,9,9,9,9,322900
KLS,20090120,9.1,9.1,9,9.1,356700
KLS,20090119,9.3,9.3,9.1,9.2,207100
KLS,20090116,9.2,9.3,9.2,9.3,185900
KLS,20090115,9.3,9.3,9.2,9.2,295200
KLS,20090114,9.3,9.4,9.2,9.3,426700
KLS,20090113,9.3,9.5,9.2,9.3,330400
KLS,20090112,9.4,9.4,9.3,9.3,390000
KLS,20090109,9.6,9.6,9.4,9.5,277200
KLS,20090108,9.7,9.7,9.3,9.4,518300
KLS,20090107,9.3,9.4,9.2,9.4,156100
KLS,20090106,9,9.3,9,9.1,2003200
KLS,20090105,9.4,9.5,9.3,9.3,398700
KLS,20090102,9.8,9.8,9.6,9.6,480100
KLS,20081231,9.9,9.9,9.7,9.8,403700
KLS,20081230,9.8,9.9,9.7,9.8,627800
KLS,20081229,9.8,9.9,9.7,9.8,387600
KLS,20081226,9.8,9.9,9.8,9.8,428900
KLS,20081225,9.9,9.9,9.8,9.9,329500
KLS,20081224,9.8,9.9,9.7,9.8,527900
KLS,20081223,10.2,10.2,9.8,9.9,851300
KLS,20081222,10.1,10.3,10,10.1,897700
KLS,20081219,10,10.1,9.9,10,928100
KLS,20081218,10,10.2,10,10.1,866800
KLS,20081217,10.1,10.2,9.8,10,1301800
KLS,20081216,10.6,10.6,9.9,10,1340800
KLS,20081215,10.3,10.3,10.1,10.3,877800
KLS,20081212,9.6,10,9.6,9.9,1081500
KLS,20081211,9.6,9.9,9.5,9.7,1288400
KLS,20081210,10,10,9.6,9.7,1273900
KLS,20081209,9.8,10.2,9.7,10,972100
KLS,20081208,10.2,10.2,9.8,9.8,674800
KLS,20081205,10.5,10.5,10.1,10.2,1395900
KLS,20081204,10.6,10.6,10.4,10.5,735300
KLS,20081203,10.6,10.6,10.3,10.5,554400
KLS,20081202,10.2,10.4,10.2,10.3,508400
KLS,20081201,10.6,10.8,10.3,10.6,1179600
KLS,20081128,10.2,10.4,10.1,10.4,1576100
KLS,20081127,10.5,10.5,10,10.1,1139700
KLS,20081126,10.8,10.8,10.3,10.4,1225900
KLS,20081125,11,11,10.6,10.8,756400
KLS,20081124,10.7,10.8,10.4,10.6,732000
KLS,20081124,10.7,10.8,10.4,10.6,732000
KLS,20081121,10.2,10.7,10.2,10.4,838000
KLS,20081120,10.5,10.6,10.5,10.5,1136200
KLS,20081119,10.9,11.1,10.7,10.9,719400
KLS,20081118,10.9,11,10.8,10.9,732900
KLS,20081117,11.3,11.3,10.8,11.1,424800
KLS,20081114,11.2,11.2,10.9,11.2,1454900
KLS,20081113,10.5,11.1,10.4,10.8,1052700
KLS,20081112,10.8,11.1,10.8,10.8,1907700
KLS,20081111,11.6,11.7,11.2,11.2,779300
KLS,20081110,11.6,11.6,11.3,11.6,1813400
KLS,20081107,10.9,11.7,10.9,11.2,2698800
KLS,20081106,11.1,11.3,10.7,11.3,3402700
KLS,20081105,10.9,10.9,10.9,10.9,66800
KLS,20081104,10.6,10.6,10.5,10.6,539200
KLS,20081103,10.3,10.3,9.9,10.2,1827500
KLS,20081031,9.9,9.9,9.9,9.9,368000
KLS,20081030,9.7,9.7,9.4,9.6,589600
KLS,20081029,9.4,9.4,9.3,9.4,1312600
KLS,20081028,8.9,9.4,8.9,9.1,966600
KLS,20081027,9.3,9.5,9.2,9.2,946400
KLS,20081024,9.5,9.6,9.3,9.5,782200
KLS,20081023,9.8,10,9.6,9.6,817100
KLS,20081022,10.1,10.1,9.8,9.9,489900
KLS,20081021,10.3,10.3,9.9,10.1,848500
KLS,20081020,10.6,10.6,9.9,10,912500
KLS,20081017,10.3,10.6,10.1,10.3,643500
KLS,20081016,10.3,10.4,10.3,10.3,973500
KLS,20081015,10.8,10.9,10.2,10.7,2253000
KLS,20081014,10.5,10.5,10.5,10.5,1071900
KLS,20081013,10,10.6,10,10.2,911300
KLS,20081010,10.4,10.4,10.4,10.4,315800
KLS,20081009,10.7,11.2,10.7,10.8,3023000
KLS,20081008,11.1,11.1,11.1,11.1,389600
KLS,20081007,11.5,11.5,11.5,11.5,72600
KLS,20081006,12.2,12.5,12,12,775100
KLS,20081003,12.4,12.7,12.2,12.5,783600
KLS,20081002,12.5,13,12.5,12.7,1321900
KLS,20081001,12.8,13.2,12.3,12.5,1586400
KLS,20080930,12.8,12.8,12.8,12.8,23500
KLS,20080929,14,14,13,13.4,934400
KLS,20080926,13.6,13.6,13.2,13.5,1187800
KLS,20080925,12.5,13.3,12.4,13,970100
KLS,20080924,13,13.2,12.5,12.8,672500
KLS,20080923,13.3,13.8,12.8,13,2103700
KLS,20080922,13.3,13.3,13.3,13.3,214700
KLS,20080919,12.1,13.2,12.1,12.8,2016800
KLS,20080918,12.6,12.6,12.6,12.6,86200
KLS,20080917,13.2,13.2,13.2,13.2,545000
KLS,20080916,13.8,14.5,13.7,13.8,511800
KLS,20080915,14.1,15.3,14.1,14.4,3499600
KLS,20080912,14.8,14.8,14.8,14.8,76900
KLS,20080911,15.5,15.8,15.5,15.5,303300
KLS,20080910,17.4,17.5,16,16.3,598700
KLS,20080909,16.6,17.4,15.9,16.8,1684500
KLS,20080908,17.5,17.5,15.9,16.6,4924300
KLS,20080905,16.7,16.7,16.7,16.7,507100
KLS,20080904,15.9,15.9,15.9,15.9,394800
KLS,20080903,15.2,15.2,15.2,15.2,244400
KLS,20080829,14.6,14.6,14.6,14.6,766200
KLS,20080828,14,14,13.5,13.9,3486600
KLS,20080827,13.4,13.4,13.4,13.4,279100
KLS,20080826,12.8,12.8,12.8,12.8,169400
KLS,20080825,12.3,12.3,12.3,12.3,234400
KLS,20080822,11.8,11.8,11.8,11.8,83600
KLS,20080821,11.4,11.4,11.4,11.4,287600
KLS,20080820,11,11,10.6,11,1381400
KLS,20080819,10.7,10.7,10.3,10.6,2796100
KLS,20080818,10.3,10.3,10.3,10.3,291100
KLS,20080815,10,10,10,10,65600
KLS,20080814,9.8,9.8,9.8,9.8,190300
KLS,20080813,9.6,9.6,9.4,9.6,991100
KLS,20080812,9.5,9.5,9.3,9.5,1056300
KLS,20080811,9.3,9.3,9.3,9.3,25300
KLS,20080808,9,9.2,8.9,9.2,452400
KLS,20080807,9.1,9.1,8.9,9,430100
KLS,20080806,8.7,9,8.7,8.9,785300
KLS,20080805,8.9,8.9,8.9,8.9,47800
KLS,20080804,9,9,9,9,103300
KLS,20080801,9.2,9.3,9.2,9.2,292000
KLS,20080731,9.4,9.5,9.3,9.3,490500
KLS,20080730,9.6,9.6,9.3,9.4,575400
KLS,20080729,9.5,9.5,9.3,9.5,547500
KLS,20080728,9.3,9.6,9.3,9.3,1204700
KLS,20080725,9.5,9.5,9.5,9.5,72200
KLS,20080724,9.6,9.8,9.6,9.6,1376200
KLS,20080723,9.8,9.8,9.8,9.8,28400
KLS,20080722,10,10,10,10,6500
KLS,20080721,10.2,10.3,10.2,10.2,239900
KLS,20080718,10.4,10.4,10.1,10.4,2175400
KLS,20080717,10.2,10.2,10.2,10.2,57700
KLS,20080716,10.1,10.1,9.7,10,2482900
KLS,20080715,9.9,9.9,9.9,9.9,170400
KLS,20080714,9.7,9.7,9.7,9.7,66700
KLS,20080711,9.5,9.5,9.5,9.5,106600
KLS,20080710,9.4,9.4,9.4,9.4,69000
KLS,20080709,9.2,9.2,9.2,9.2,254200
KLS,20080708,8.9,9.2,8.9,9.1,1222100
KLS,20080707,9.2,9.2,8.9,9.1,1700200
KLS,20080704,9,9,9,9,306700
KLS,20080703,8.9,8.9,8.9,8.9,373900
KLS,20080702,8.8,8.8,8.6,8.8,850400
KLS,20080701,8.5,8.7,8.5,8.6,633300
KLS,20080630,8.5,8.6,8.5,8.5,403500
KLS,20080627,8.6,8.6,8.5,8.5,493800
KLS,20080626,8.7,8.7,8.4,8.6,564400
KLS,20080625,8.5,8.5,8.4,8.5,386700
KLS,20080624,8.5,8.5,8.3,8.4,446400
KLS,20080623,8.3,8.5,8.3,8.4,556800
KLS,20080620,8.4,8.4,8.4,8.4,40200
KLS,20080619,8.6,8.6,8.6,8.6,22800
KLS,20080618,8.8,8.8,8.5,8.7,727900
KLS,20080617,8.6,8.6,8.6,8.6,65800
KLS,20080616,8.5,8.5,8.5,8.5,114000
KLS,20080613,8.4,8.5,8.3,8.5,491800
KLS,20080612,8.4,8.5,8.4,8.4,794500
KLS,20080611,8.5,8.7,8.5,8.5,695000
KLS,20080610,8.6,8.6,8.6,8.6,15600
KLS,20080609,8.8,8.8,8.8,8.8,1800
KLS,20080606,8.9,8.9,8.9,8.9,1500
KLS,20080605,9,9,9,9,5500
KLS,20080604,9.1,9.1,9.1,9.1,2300
KLS,20080603,9.2,9.2,9.2,9.2,800
KLS,20080602,9.3,9.3,9.3,9.3,10700
KLS,20080530,9.4,9.4,9.4,9.4,38700
KLS,20080529,9.5,9.5,9.5,9.5,46900
KLS,20080528,9.6,9.6,9.6,9.6,5400
KLS,20080527,9.8,9.8,9.8,9.8,4400
KLS,20080526,9.9,9.9,9.9,9.9,600
KLS,20080522,10.2,10.2,10.2,10.2,6400
KLS,20080521,10.4,10.4,10.4,10.4,100
KLS,20080520,10.5,10.5,10.5,10.5,61800
KLS,20080519,10.7,10.7,10.7,10.7,1400
KLS,20080516,10.8,10.8,10.8,10.8,6600
KLS,20080515,11,11,11,11,800
KLS,20080514,11.2,11.2,11.2,11.2,2500
KLS,20080513,11.4,11.4,11.4,11.4,3100
KLS,20080512,11.6,11.6,11.6,11.6,16400
KLS,20080509,11.8,11.8,11.8,11.8,15200
KLS,20080508,11.9,11.9,11.9,11.9,6100
KLS,20080507,12.1,12.1,12.1,12.1,40400
KLS,20080506,12.3,12.3,12.3,12.3,8700
KLS,20080505,12.6,12.6,12.6,12.6,13100
KLS,20080429,12.8,13,12.8,12.8,204200
KLS,20080428,13,13.2,13,13,620600
KLS,20080425,13.2,13.3,13.2,13.2,284400
KLS,20080424,13.4,13.6,13.4,13.4,396600
KLS,20080423,13.6,13.6,13.6,13.6,20600
KLS,20080422,13.9,13.9,13.9,13.9,29100
KLS,20080421,14.4,14.4,14.2,14.2,68500
KLS,20080418,14.8,14.8,14.3,14.4,306500
KLS,20080417,14.3,14.8,14.3,14.5,987500
KLS,20080416,14.6,14.6,14.6,14.6,30900
KLS,20080411,14.9,14.9,14.9,14.9,125500
KLS,20080410,15.2,15.2,15.2,15.2,52300
KLS,20080409,15.8,15.8,15.4,15.5,241100
KLS,20080408,16,16,15.4,15.7,1435600
KLS,20080407,15.7,15.7,15.7,15.7,177300
KLS,20080404,15.4,15.4,15.4,15.4,30700
KLS,20080403,15.2,15.2,15.2,15.2,21600
KLS,20080402,15,15,15,15,26500
KLS,20080401,14.8,14.8,14.8,14.8,28600
KLS,20080331,14.6,14.6,14.6,14.6,48900
KLS,20080328,14.5,14.5,14.5,14.5,76500
KLS,20080327,14.3,14.3,14.2,14.3,197500
KLS,20080326,13,14.5,13,14.1,1112700
KLS,20080325,13.9,14.2,13.9,13.9,114800
KLS,20080324,15.8,15.8,14.8,14.9,213200
KLS,20080321,16.5,16.6,15.5,15.8,506300
KLS,20080320,16.9,17.1,16.3,16.6,398200
KLS,20080319,16.3,17.2,16.2,16.8,608000
KLS,20080318,17,17,16.3,16.3,1148100
KLS,20080317,18.3,18.7,17.3,17.6,591800
KLS,20080314,18.7,18.9,18.3,18.6,382500
KLS,20080313,19,19.3,18.3,18.9,344200
KLS,20080312,18.5,19.3,17.8,18.9,669900
KLS,20080311,19.6,19.6,18.3,18.6,563300
KLS,20080310,20.1,20.1,19,19.7,1508700
KLS,20080307,18.7,18.7,18.7,18.7,193400
KLS,20080306,17.4,17.5,17.4,17.5,456400
KLS,20080305,15.9,17.4,15.9,16.3,470100
KLS,20080304,18,18,17,17.1,826500
KLS,20080303,19.2,19.3,18,18.4,401500
KLS,20080229,19.3,19.3,18.7,18.9,375000
KLS,20080228,19.9,19.9,19,19.3,275100
KLS,20080227,19.2,20.4,18.8,19.5,429000
KLS,20080226,20.6,21,18.7,19.9,514000
KLS,20080225,18.5,19.7,18.5,19.7,807500
KLS,20080222,18,19.3,17.2,18.4,583500
KLS,20080221,19.1,20,17.8,18.1,526800
KLS,20080220,20.6,20.6,18.6,19.3,638700
KLS,20080219,19.4,19.8,18.7,19.3,564500
KLS,20080218,20.7,20.8,19.5,19.6,504200
KLS,20080215,21.7,21.7,20.6,21,478200
KLS,20080214,22,22,21.3,21.7,512200
KLS,20080213,22.1,22.4,21.5,21.8,396700
KLS,20080212,22.2,22.9,21.3,22,529600
KLS,20080201,20.8,21.7,20.8,21.5,859900
KLS,20080131,21,21.3,19.3,20.3,373400
KLS,20080130,19.4,20.1,19.4,20,517800
KLS,20080129,18.9,19.2,18.5,18.8,282400
KLS,20080128,22.2,22.4,17.6,18.6,466000
