<Ticker>,<DTYYYYMMDD>,<Open>,<High>,<Low>,<Close>,<Volume>
LBM,20100729,16.1,16.5,16.1,16.4,84300
LBM,20100728,16.4,16.5,16,16.1,149950
LBM,20100727,17,17,16.3,16.4,149250
LBM,20100726,16.8,17.3,16.8,16.8,142630
LBM,20100723,17,17,16.7,16.7,114370
LBM,20100722,17.5,17.6,17,17,259840
LBM,20100721,17.3,17.8,17,17.8,939050
LBM,20100720,16.8,17,16.7,17,247810
LBM,20100719,16.6,16.8,16.5,16.6,122210
LBM,20100716,16.5,17,16.4,16.5,216640
LBM,20100715,16.4,16.6,16.4,16.5,107510
LBM,20100714,17.1,17.1,16.5,16.5,89600
LBM,20100713,16.6,16.9,16.6,16.9,98740
LBM,20100712,16.3,16.5,16.1,16.2,89640
LBM,20100709,16.4,16.5,16.2,16.3,123090
LBM,20100708,16.4,16.5,16,16.1,133580
LBM,20100707,16.3,16.5,16,16.2,149160
LBM,20100706,16.6,16.6,16,16,140760
LBM,20100705,16.9,16.9,16.4,16.6,64430
LBM,20100702,16.7,16.7,16.3,16.5,141680
LBM,20100701,16.5,16.5,16.2,16.4,102670
LBM,20100630,16.1,16.6,16.1,16.3,196550
LBM,20100629,16.8,17,16.7,16.7,152840
LBM,20100628,17,17,16.7,16.7,92640
LBM,20100625,16.8,17.2,16.8,16.8,213310
LBM,20100624,17.6,17.6,17,17.2,129540
LBM,20100623,17,17.6,16.7,17.5,375850
LBM,20100622,17.4,17.4,16.8,16.8,149470
LBM,20100621,17.4,17.6,17.3,17.4,299920
LBM,20100618,17,17.1,16.6,17.1,352590
LBM,20100617,17.5,17.5,17.1,17.1,106840
LBM,20100616,17.9,18,17.5,17.5,216690
LBM,20100615,17.3,17.9,17,17.7,443180
LBM,20100614,16.4,17.2,16.4,17.2,753270
LBM,20100611,16.1,16.5,16.1,16.4,108800
LBM,20100610,16,16.2,15.6,16.1,54310
LBM,20100609,16.3,16.3,15.8,16,68780
LBM,20100608,15.8,16.2,15.8,16.2,94600
LBM,20100607,16.1,16.4,16.1,16.1,152660
LBM,20100604,17.1,17.2,16.8,16.9,109260
LBM,20100603,16.7,17.1,16.3,17.1,365900
LBM,20100602,16.1,16.5,16.1,16.3,109970
LBM,20100601,16,16.5,16,16.5,108760
LBM,20100531,16.3,16.9,16.3,16.4,182690
LBM,20100528,16.9,17.1,16.6,17.1,246380
LBM,20100527,16.1,16.3,15.9,16.3,129070
LBM,20100526,15.6,16,15.6,16,150090
LBM,20100525,15.2,15.6,15,15.6,271360
LBM,20100524,15.5,15.6,14.9,14.9,374260
LBM,20100521,15.6,15.7,15.6,15.6,164450
LBM,20100520,15.6,16.4,15.6,16.4,374030
LBM,20100519,16.9,16.9,16.4,16.4,166060
LBM,20100518,17.7,17.7,16.9,17.2,217660
LBM,20100517,18.1,18.2,17.6,17.7,162480
LBM,20100514,18,18.5,17.5,18.4,253060
LBM,20100513,17.8,18,17.1,17.7,230740
LBM,20100512,18,18,17.4,17.4,423180
LBM,20100511,19.1,19.3,18.3,18.3,285650
LBM,20100510,20.1,20.1,19.1,19.1,448660
LBM,20100507,19.6,21.3,19.4,20.1,665110
LBM,20100506,19.5,20.4,19.4,20.4,600170
LBM,20100505,19.1,20,19.1,19.5,370920
LBM,20100504,19.9,19.9,19.5,19.9,608380
LBM,20100429,18.6,19,18.2,19,560880
LBM,20100428,18.5,18.9,18.3,18.3,196520
LBM,20100427,18.9,19.4,18.4,18.5,247250
LBM,20100426,18.7,18.9,18.4,18.9,444150
LBM,20100422,18.4,18.5,18,18,351120
LBM,20100421,18.9,18.9,18.1,18.3,170370
LBM,20100420,18.8,18.8,18.1,18.1,430330
LBM,20100419,18.7,19,18.4,18.6,376780
LBM,20100416,19.9,19.9,19.3,19.3,530290
LBM,20100415,19.3,19.3,19.1,19.3,288570
LBM,20100414,18.1,18.4,17.6,18.4,322400
LBM,20100413,18,18.9,17.6,17.6,370520
LBM,20100412,19.3,19.3,18.4,18.4,428960
LBM,20100409,19.4,20.2,19.3,19.3,338210
LBM,20100408,19.6,20.5,19.3,20.3,543780
LBM,20100407,19.5,20.9,19.4,20,709420
LBM,20100406,21,21,19.5,20,1091670
LBM,20100405,19.8,20,19.4,20,599530
LBM,20100402,19.1,19.1,18.5,19.1,1791600
LBM,20100401,18.2,18.2,18.2,18.2,294950
LBM,20100331,17.4,17.4,17.4,17.4,539550
LBM,20100330,16.5,16.6,16.1,16.6,452120
LBM,20100329,15.8,16,15.8,15.9,251960
LBM,20100326,15.3,15.3,15,15.3,118750
LBM,20100325,14.9,15.5,14.8,15.3,198360
LBM,20100324,15.3,15.3,15,15.3,96710
LBM,20100323,15.3,15.5,15,15,130760
LBM,20100322,15.3,15.3,15.1,15.1,47640
LBM,20100319,15.3,15.5,15,15.2,53760
LBM,20100318,15.3,15.4,14.9,15.4,98510
LBM,20100317,15.7,15.7,14.9,15,109810
LBM,20100316,15.8,16.1,15.5,15.5,133830
LBM,20100315,15.8,16.3,15.8,16.3,407200
LBM,20100312,15.5,15.5,15.3,15.5,69600
LBM,20100311,15.1,15.5,15.1,15.4,173460
LBM,20100310,15.3,15.7,15.3,15.3,120690
LBM,20100309,15.5,15.7,15.2,15.6,87980
LBM,20100308,15.5,15.9,15.3,15.6,95830
LBM,20100305,14.6,15.3,14.4,15.3,306100
LBM,20100304,14.5,14.8,14.4,14.6,92180
LBM,20100303,14.5,14.5,14.3,14.4,38510
LBM,20100302,14.3,14.5,14.1,14.3,32300
LBM,20100301,14.3,14.5,14.1,14.5,80820
LBM,20100226,13.9,14.2,13.8,14.1,38510
LBM,20100225,13.8,14.3,13.8,13.8,9300
LBM,20100224,13.5,14,13.5,13.8,31400
LBM,20100223,14.3,14.3,13.7,13.7,34520
LBM,20100222,14.6,14.6,14.3,14.3,19610
LBM,20100212,14.3,14.5,14.2,14.3,32440
LBM,20100211,13.5,14.3,13.5,14.3,10250
LBM,20100210,14,14,13.5,14,24440
LBM,20100209,13.7,13.8,13.5,13.5,49350
LBM,20100208,13.6,14,13.5,13.5,33180
LBM,20100205,14.3,14.3,13.7,13.9,32990
LBM,20100204,13.9,14.4,13.8,14.3,66280
LBM,20100203,13.8,14.1,13.8,13.9,38130
LBM,20100202,14.3,14.4,13.9,13.9,40960
LBM,20100201,13.9,14.4,13.9,14.3,29550
LBM,20100129,13.9,14.3,13.8,14.3,60090
LBM,20100128,13.9,14.7,13.9,14.2,17310
LBM,20100127,15.1,15.1,14.4,14.4,74000
LBM,20100126,14.8,15.1,14.7,15.1,154330
LBM,20100125,14,14.6,14,14.4,68120
LBM,20100122,13.3,14,13.3,14,74580
LBM,20100121,13.5,14,13.3,13.3,80390
LBM,20100120,14.5,14.8,13.9,13.9,65100
LBM,20100119,14.5,14.8,14.4,14.4,99470
LBM,20100118,15,15,14.5,14.5,110670
LBM,20100115,15.7,15.7,15,15.3,37720
LBM,20100114,15.7,16.1,15.7,15.7,76950
LBM,20100113,14.7,15.7,14.4,15.7,195580
LBM,20100112,15.6,16.2,15.1,15.1,101170
LBM,20100111,16.4,16.4,15.6,15.9,85140
LBM,20100108,17.9,18,16.4,16.4,164100
LBM,20100107,16.6,17.3,16.1,17.3,462830
LBM,20100106,16.1,16.8,15.8,16.5,169710
LBM,20100105,16.9,16.9,16.1,16.5,198660
LBM,20100104,16.1,16.1,16.1,16.1,30450
LBM,20091231,15.6,15.9,15.3,15.3,187350
LBM,20091230,14.3,15.3,14.3,15.2,170220
LBM,20091229,15.4,15.4,14.6,14.6,93160
LBM,20091228,15.4,15.9,14.8,15.3,118570
LBM,20091225,15.4,15.4,15.3,15.4,134960
LBM,20091224,14,14.7,13.4,14.7,255550
LBM,20091223,13.8,14.3,13.6,14,84700
LBM,20091222,13.7,13.8,13.3,13.8,164690
LBM,20091221,13.2,13.2,13.1,13.2,88620
LBM,20091218,12.6,12.6,12.5,12.6,78500
LBM,20091217,12.2,12.4,12,12,169870
LBM,20091216,13.3,13.3,12.6,12.6,93670
LBM,20091215,13.3,13.8,13.1,13.3,28630
LBM,20091214,12.9,13.5,12.9,13.5,100450
LBM,20091211,13.6,13.6,12.9,12.9,137080
LBM,20091210,14.3,14.5,13.6,13.6,100090
LBM,20091209,14.4,14.5,14.3,14.3,207860
LBM,20091208,15.5,15.6,14.9,15,52180
LBM,20091207,15.4,15.6,15.3,15.5,35180
LBM,20091204,15.5,15.7,14.9,15.4,79070
LBM,20091203,15.3,15.8,15.1,15.1,108380
LBM,20091202,16.1,16.6,15.9,15.9,130470
LBM,20091201,17.1,17.2,16.5,16.7,69990
LBM,20091130,15.7,16.6,15.6,16.6,119550
LBM,20091127,14.5,15.9,14.5,15.8,256300
LBM,20091126,15.2,15.3,15.2,15.2,137330
LBM,20091125,16.3,16.3,16,16,225290
LBM,20091124,17,17.3,16.6,16.8,140090
LBM,20091123,17.6,18,17,17.1,176820
LBM,20091120,18.6,18.7,17.9,17.9,67510
LBM,20091119,18,18.7,17.8,18.7,305610
LBM,20091118,17.6,17.8,17.4,17.8,178740
LBM,20091117,19.8,19.8,18.3,18.3,307530
LBM,20091116,18.9,18.9,18.5,18.9,132000
LBM,20091113,17,18,16.9,18,483050
LBM,20091112,17,17.2,16.9,17.2,163050
LBM,20091111,15.5,16.4,15.5,16.4,224650
LBM,20091110,15.8,16.3,15.6,15.6,211890
LBM,20091109,16.5,16.6,16.4,16.4,123590
LBM,20091106,18.3,18.3,17.2,17.2,143390
LBM,20091105,17.3,17.8,16.3,17.8,196520
LBM,20091104,16.2,17.3,16.2,17,375040
LBM,20091103,17.1,17.3,17,17,123400
LBM,20091102,17.9,18,17.9,17.9,69100
LBM,20091030,19.8,20.3,18.5,18.8,518890
LBM,20091029,19.5,19.5,19.5,19.5,97200
LBM,20091028,20.9,21.9,20.3,20.5,403220
LBM,20091027,20.9,21,20.9,20.9,298860
LBM,20091026,22,23.1,22,22,712590
LBM,20091023,24.3,24.3,23.1,23.1,748240
LBM,20091022,24.3,24.3,23.3,24.3,2017230
LBM,20091021,23.2,23.2,23.2,23.2,153220
LBM,20091020,22.1,22.1,22.1,22.1,98040
LBM,20091019,21.1,21.1,20.3,21.1,1307550
LBM,20091016,20.1,20.1,20.1,20.1,191090
LBM,20091015,19.2,19.2,19.2,19.2,178690
LBM,20091014,17.4,18.3,17.4,18.3,334890
LBM,20091013,17.3,17.5,16.9,17.4,332650
LBM,20091012,16.9,17.4,16.7,17.4,508680
LBM,20091009,16.7,16.7,16.3,16.6,122930
LBM,20091008,16.1,16.6,16.1,16.3,178250
LBM,20091007,16,16.8,16,16.1,154110
LBM,20091006,16,16.2,15.8,16,104920
LBM,20091005,16.4,16.5,15.7,15.8,116110
LBM,20091002,15.9,16.2,15.6,16.1,277830
LBM,20091001,16.7,17.4,16.4,16.4,294710
LBM,20090930,17.3,17.6,16.7,16.7,213220
LBM,20090929,17,17.9,16.4,17.1,317440
LBM,20090928,18.2,18.2,17.1,17.1,275140
LBM,20090925,18,18.2,17.5,17.9,288380
LBM,20090924,17.3,18.3,17,18.2,568590
LBM,20090923,18.7,18.7,16.9,17.4,676390
LBM,20090922,17.8,17.8,17.3,17.8,507570
LBM,20090921,16.7,17,16.5,17,646440
LBM,20090918,16.3,16.5,16.2,16.2,165700
LBM,20090917,16.5,16.7,16.2,16.4,289830
LBM,20090916,16,16.8,15.8,16.5,440250
LBM,20090915,16.1,16.2,15.8,16,218820
LBM,20090914,16.3,16.6,16.1,16.1,134520
LBM,20090911,17,17,16.3,16.3,285660
LBM,20090910,15.8,16.6,15.8,16.6,453440
LBM,20090909,16.3,16.3,15.8,15.8,178890
LBM,20090908,15.5,16.1,15.5,16.1,207050
LBM,20090907,15.8,15.9,15.3,15.5,180620
LBM,20090904,16.3,16.6,15.9,16.1,279880
LBM,20090903,16.2,16.6,16.1,16.3,197190
LBM,20090901,16.3,16.7,16.2,16.4,161300
LBM,20090831,16.6,17.1,16.5,16.8,392720
LBM,20090828,16.1,16.5,16.1,16.3,284410
LBM,20090827,15.7,16.6,15.7,16.6,433290
LBM,20090826,15.7,16.1,15.6,15.8,200140
LBM,20090825,15.5,15.9,15.4,15.9,132790
LBM,20090824,16,16.2,15.6,15.9,163250
LBM,20090821,16.6,16.7,16,16,518630
LBM,20090820,16,16,15.3,15.9,204160
LBM,20090819,15.8,15.9,15.5,15.9,148620
LBM,20090818,14.7,15.7,14.6,15.5,228690
LBM,20090817,15.6,15.7,15.1,15.1,92870
LBM,20090814,15.4,15.9,15.3,15.8,202170
LBM,20090813,17.3,17.3,15.9,15.9,343580
LBM,20090812,16.6,16.6,16.1,16.6,800300
LBM,20090811,15.3,15.8,15.2,15.8,354740
LBM,20090810,14.8,15.1,14.6,15.1,125210
LBM,20090807,14.4,14.8,14.3,14.4,63590
LBM,20090806,14.1,14.5,14.1,14.5,295890
LBM,20090805,13.8,14.1,13.8,13.8,86140
LBM,20090804,13.9,14.1,13.8,13.9,82430
LBM,20090803,13.8,14.1,13.7,13.8,89780
LBM,20090731,13.8,14.1,13.8,13.9,71460
LBM,20090730,13.2,14,13.1,13.8,71500
LBM,20090729,13.9,13.9,13.5,13.6,78620
LBM,20090728,14.3,14.7,14.1,14.1,97500
LBM,20090727,15,15.2,14.3,14.8,168480
LBM,20090724,14.8,14.8,14.8,14.8,72370
LBM,20090723,13.2,14.1,13.2,14.1,71910
LBM,20090722,13.6,13.7,13.3,13.4,26890
LBM,20090721,13.2,13.4,12.8,13.4,87770
LBM,20090720,12.8,13.1,12.7,12.8,49210
LBM,20090717,13.3,13.3,13.1,13.1,72730
LBM,20090716,13.8,13.8,13.3,13.3,46410
LBM,20090715,13.1,13.7,13.1,13.3,72040
LBM,20090714,13.2,13.2,12.8,13.1,58800
LBM,20090713,13.5,13.5,13.2,13.2,75270
LBM,20090710,14.2,14.2,13.7,13.9,31380
LBM,20090709,13.9,14.3,13.9,14.2,53930
LBM,20090708,14.1,14.4,13.8,14.2,64980
LBM,20090707,14.4,14.8,14.2,14.2,75420
LBM,20090706,14.3,14.8,14.3,14.8,101330
LBM,20090703,14.4,14.4,13.3,14.1,57460
LBM,20090702,13.6,13.7,12.8,13.7,125760
LBM,20090701,13.2,13.8,13.1,13.1,118640
LBM,20090630,14.3,14.7,13.8,13.8,122340
LBM,20090629,14.8,15.1,14.3,14.5,69510
LBM,20090626,15.3,15.6,14.8,14.8,192960
LBM,20090625,16,16.2,15.6,15.6,216090
LBM,20090624,15.3,16.4,15.3,16.4,109280
LBM,20090623,15.6,15.6,15.6,15.6,10150
LBM,20090622,16.4,17.2,16.4,16.4,40400
LBM,20090619,17.7,17.7,16.9,17.3,198920
LBM,20090618,17.3,17.5,16.5,16.9,232290
LBM,20090617,17.1,17.1,17.1,17.1,12910
LBM,20090616,18,18,18,18,11830
LBM,20090615,18.9,18.9,18.9,18.9,60170
LBM,20090612,21.7,21.7,19.9,19.9,285830
LBM,20090611,20.3,20.9,20.3,20.9,230410
LBM,20090610,19.9,20.3,19.9,19.9,212090
LBM,20090609,21.3,21.8,20.9,20.9,368920
LBM,20090608,22,22,21.9,22,182840
LBM,20090605,21,21,21,21,75670
LBM,20090604,20,20,20,20,47230
LBM,20090603,19.1,19.1,19.1,19.1,62550
LBM,20090602,18.2,18.2,18.2,18.2,53300
LBM,20090601,16.3,17.3,15.7,17.3,314550
LBM,20090529,16.5,16.7,16.5,16.5,176550
LBM,20090528,17.4,17.6,17.4,17.4,108200
LBM,20090527,18,18.3,17.7,18.3,379950
LBM,20090526,17.4,17.4,17.3,17.4,137530
LBM,20090525,16.6,16.6,16.5,16.6,222290
LBM,20090522,15.8,15.8,15.1,15.8,638380
LBM,20090521,15.1,15.1,15.1,15.1,102920
LBM,20090520,14.4,14.4,14.4,14.4,25990
LBM,20090519,13.7,13.7,13.6,13.7,210530
LBM,20090518,13.5,13.5,13.1,13.1,102270
LBM,20090515,13.5,13.5,13.1,13.5,139150
LBM,20090514,12.9,13.3,12.6,13.2,51360
LBM,20090513,13.1,13.3,12.8,13.2,184510
LBM,20090512,12.4,12.9,12.3,12.9,113590
LBM,20090511,12.6,12.6,12.2,12.3,75000
LBM,20090508,12.2,12.7,12.2,12.3,74780
LBM,20090507,12.4,12.6,12.1,12.6,160600
LBM,20090506,12.3,12.3,12,12,85200
LBM,20090505,13.4,13.4,12.6,12.6,102930
LBM,20090504,12.8,12.8,12.8,12.8,67920
LBM,20090429,11.7,12.2,11.7,12.2,33810
LBM,20090428,11.5,11.8,11.4,11.8,50460
LBM,20090427,12.3,12.3,11.6,11.7,56660
LBM,20090424,12.1,12.5,12,12.1,31390
LBM,20090423,12.8,12.8,12.3,12.5,19580
LBM,20090422,12.8,12.8,12.5,12.8,68870
LBM,20090421,11.6,12.6,11.6,12.2,73040
LBM,20090420,12.3,12.4,12.2,12.2,117150
LBM,20090417,14,14,12.6,12.8,209320
LBM,20090416,13.3,13.3,13,13.3,124510
LBM,20090415,12.8,13.3,12.7,12.7,158820
LBM,20090414,14,14,13.3,13.3,194020
LBM,20090413,14,14,13.9,14,121860
LBM,20090410,13.3,13.3,13.1,13.3,137300
LBM,20090409,12.9,13.2,12.7,12.7,198660
LBM,20090408,13.4,14.1,13.4,13.4,148460
LBM,20090407,13.8,14.6,13.4,14.1,240950
LBM,20090403,14,14,13.8,14,251330
LBM,20090402,13.7,13.7,13.1,13.3,216590
LBM,20090401,14,14.3,13.4,13.7,133130
LBM,20090331,13.7,13.7,13.6,13.7,231650
LBM,20090330,12.8,13.1,12.8,13.1,182790
LBM,20090327,12.5,12.5,12.2,12.5,303380
LBM,20090326,11.9,12,11.7,11.9,111040
LBM,20090325,11.4,11.8,11.4,11.6,104920
LBM,20090324,11.9,11.9,11.6,11.8,68780
LBM,20090323,11.7,11.8,11.1,11.3,30240
LBM,20090320,11.7,12.1,11.7,11.7,40120
LBM,20090319,12.1,12.7,12.1,12.1,66780
LBM,20090318,12.7,12.7,12.5,12.7,132010
LBM,20090317,11.8,12.2,11.7,12.1,73740
LBM,20090316,11.4,11.6,11.3,11.6,17920
LBM,20090313,11.7,11.7,11.4,11.4,15730
LBM,20090312,11.6,12.1,11.3,11.3,69270
LBM,20090311,11.9,11.9,11.9,11.9,41460
LBM,20090310,10.8,11.3,10.8,11.3,32100
LBM,20090309,10.7,10.9,10.7,10.8,18890
LBM,20090306,10.5,10.8,10.5,10.7,21300
LBM,20090305,10.6,10.7,10.3,10.7,40090
LBM,20090304,9.9,10.3,9.9,10.3,12270
LBM,20090303,10.2,10.2,9.9,10,36950
LBM,20090302,10.1,10.8,10.1,10.3,12220
LBM,20090227,10.1,10.5,10.1,10.5,29990
LBM,20090226,10.1,10.1,9.5,10.1,43000
LBM,20090225,9.9,9.9,9.5,9.9,83910
LBM,20090224,9.4,9.4,9.4,9.4,16780
LBM,20090223,10.6,10.6,9.9,9.9,17090
LBM,20090220,10.6,10.6,10.2,10.4,28190
LBM,20090219,10.3,11.1,10.2,10.6,34170
LBM,20090218,10.9,11,10.7,10.7,31890
LBM,20090217,11.4,11.5,11.1,11.3,19070
LBM,20090216,12.1,12.1,11.3,11.6,6290
LBM,20090213,12.2,12.2,11.7,11.7,12970
LBM,20090212,12.3,12.3,11.8,11.9,13230
LBM,20090211,12.3,12.3,12,12,9200
LBM,20090210,12.3,12.6,12.3,12.6,15900
LBM,20090209,12.5,12.6,12.3,12.6,22470
LBM,20090206,11.8,12,11.6,12,25020
LBM,20090205,11.4,11.6,11.3,11.4,37510
LBM,20090204,11.7,12,11.5,11.6,61800
LBM,20090203,11.9,11.9,11.8,11.8,40940
LBM,20090202,12.3,12.3,12.2,12.2,28310
LBM,20090123,12.2,12.5,12.2,12.5,15110
LBM,20090122,12.7,12.7,12.2,12.2,45940
LBM,20090121,12.5,12.5,12.4,12.4,12690
LBM,20090120,12.6,12.6,12.4,12.5,15200
LBM,20090119,12.7,12.7,12.5,12.7,15830
LBM,20090116,12.8,12.8,12.6,12.7,25190
LBM,20090115,12.9,13,12.7,12.7,18040
LBM,20090114,13.1,13.1,12.7,13,32070
LBM,20090113,12.8,13,12.8,12.8,55880
LBM,20090112,13.3,13.4,13.1,13.1,42690
LBM,20090109,13.7,13.7,13.5,13.5,59780
LBM,20090108,13.8,13.8,13.4,13.7,300160
LBM,20090107,13.4,13.4,13.4,13.4,11550
LBM,20090106,13,13,13,13,17590
LBM,20090105,12.3,12.6,12.1,12.6,53670
LBM,20090102,12.3,12.3,12.2,12.3,7610
LBM,20081231,12.3,12.3,12.2,12.3,24920
LBM,20081230,12,12.3,12,12.3,28840
LBM,20081229,12,12.2,12,12,14470
LBM,20081226,12,12.3,12,12.2,14480
LBM,20081225,12.2,12.2,12.1,12.2,5450
LBM,20081224,12.2,12.2,12.1,12.2,15840
LBM,20081223,12.2,12.3,12.2,12.3,9910
LBM,20081222,12.6,12.6,12.4,12.4,40960
LBM,20081219,12,12.3,12,12.2,21230
LBM,20081218,12.2,12.3,12.1,12.2,24880
LBM,20081217,12.3,12.4,12.1,12.4,15530
LBM,20081216,12.4,12.5,12.3,12.3,28810
LBM,20081215,12.7,12.8,12.4,12.7,52520
LBM,20081212,12.2,12.4,12.1,12.4,62140
LBM,20081211,11.8,12.1,11.6,12.1,37560
LBM,20081210,12.2,12.2,11.9,11.9,25020
LBM,20081209,12.3,12.5,12.2,12.3,26260
LBM,20081208,12.4,12.4,12.3,12.3,17850
LBM,20081205,12.8,12.8,12.7,12.7,40190
LBM,20081204,13,13.1,13,13.1,26500
LBM,20081203,12.9,13,12.8,13,19880
LBM,20081202,13,13.1,12.8,13,32310
LBM,20081201,13.1,13.2,12.8,13.1,39740
LBM,20081128,13.1,13.1,12.9,13.1,79220
LBM,20081127,12.7,13,12.7,12.7,24760
LBM,20081126,13.1,13.2,13.1,13.1,28770
LBM,20081125,13.5,13.8,13.5,13.5,29350
LBM,20081124,13.7,13.9,13.6,13.7,71400
LBM,20081124,13.7,13.9,13.6,13.7,71400
LBM,20081121,13.6,14,13.6,13.6,46710
LBM,20081120,14,14.1,14,14,65750
LBM,20081119,14.5,14.8,14.1,14.5,40970
LBM,20081118,14.5,14.8,14.5,14.5,35950
LBM,20081117,14.9,15.3,14.9,14.9,58020
LBM,20081114,15.2,15.2,15.2,15.2,108740
LBM,20081113,14.8,15,14.1,14.8,112190
LBM,20081112,14.6,14.6,14.6,14.6,5990
LBM,20081111,15.1,15.1,15.1,15.1,35820
LBM,20081110,15.6,15.9,15.6,15.6,104920
LBM,20081107,16.1,16.1,16.1,16.1,6300
LBM,20081106,16.7,17.3,16.7,16.7,92920
LBM,20081105,17.3,17.6,17.2,17.3,125230
LBM,20081104,17.2,17.2,16.3,17.2,77810
LBM,20081103,16.8,16.8,15.9,16.8,41320
LBM,20081031,16.4,16.4,15.9,16.4,59230
LBM,20081030,15.9,15.9,15.3,15.9,41320
LBM,20081029,16.8,16.8,15.8,15.8,335110
LBM,20081028,16.4,16.4,16.4,16.4,10760
LBM,20081027,16.9,16.9,16.9,16.9,1200
LBM,20081024,17.6,17.6,17.6,17.6,12540
LBM,20081023,18.2,18.4,18.2,18.2,57670
LBM,20081022,18.9,18.9,18.1,18.9,125560
LBM,20081021,18.2,18.2,17.9,18.2,62220
LBM,20081020,17.6,17.6,17.5,17.6,184250
LBM,20081017,17.1,17.1,16.3,17.1,48210
LBM,20081016,16.8,16.8,16.2,16.8,57770
LBM,20081015,16.7,16.7,15.8,16.7,137850
LBM,20081014,16.2,16.2,16.2,16.2,1010
LBM,20081013,16.3,16.4,15.7,15.7,93690
LBM,20081010,16.3,16.3,16.3,16.3,7350
LBM,20081009,16.9,17.9,16.9,16.9,113570
LBM,20081008,17.5,17.5,17.5,17.5,21260
LBM,20081007,18.2,18.2,18.2,18.2,11210
LBM,20081006,19,19,18.9,18.9,91130
LBM,20081003,19.4,20.1,19.4,19.6,55060
LBM,20081002,20,20,19.2,19.9,121820
LBM,20081001,20,20,18.8,19.2,102650
LBM,20080930,19.5,19.5,19.5,19.5,6710
LBM,20080929,20,21,20,20.3,222600
LBM,20080926,20.3,20.3,19.7,20.3,147430
LBM,20080925,18.9,19.5,18.9,19.5,86050
LBM,20080924,19.4,19.4,18.9,18.9,50740
LBM,20080923,18.5,19.7,18.5,18.9,260590
LBM,20080922,19,19,19,19,4600
LBM,20080919,18.3,18.3,18.3,18.3,92220
LBM,20080918,17.7,17.7,17.7,17.7,1160
LBM,20080917,18.4,18.4,18.4,18.4,14430
LBM,20080916,19.1,19.1,19.1,19.1,56310
LBM,20080915,19.7,19.8,18.4,19.8,169410
LBM,20080912,19.1,19.1,19.1,19.1,9960
LBM,20080911,19.8,19.8,19.8,19.8,43890
LBM,20080910,21.5,22,20.6,20.6,122170
LBM,20080909,21.6,23.1,21.5,21.5,119710
LBM,20080908,22.6,22.6,22,22.3,109700
LBM,20080905,21.9,23.1,21.9,22.9,134040
LBM,20080904,22.8,23.6,22.8,22.8,241970
LBM,20080903,24.7,25.7,24.1,24.6,427550
LBM,20080829,24.7,24.7,24.7,24.7,11520
LBM,20080828,25.7,25.7,25.7,25.7,124860
LBM,20080827,26.8,26.8,26.8,26.8,99560
LBM,20080826,25.8,25.8,25.8,25.8,100030
LBM,20080825,24.8,24.8,24.8,24.8,38990
LBM,20080822,23.8,23.8,23.8,23.8,96050
LBM,20080821,23,23,23,23,63690
LBM,20080820,22.1,22.1,21.3,22.1,249150
LBM,20080819,21.2,21.2,21,21.2,253990
LBM,20080818,20.5,20.5,20.5,20.5,22570
LBM,20080815,19.7,19.7,19.7,19.7,4300
LBM,20080814,19.3,19.3,19.3,19.3,2570
LBM,20080813,18.9,18.9,18.7,18.9,117150
LBM,20080812,18.5,18.5,18.5,18.5,31050
LBM,20080811,18.1,18.1,18.1,18.1,8800
LBM,20080808,17.8,17.8,17.7,17.8,165350
LBM,20080807,17.4,17.1,17.1,17.1,79550
LBM,20080806,17.1,17.1,17.1,17.1,79550
LBM,20080805,16.7,17.2,16.7,16.7,264340
LBM,20080804,17.1,17.1,16.4,17.1,133460
LBM,20080801,16.7,16.7,16.7,16.7,13700
LBM,20080731,16.4,16.4,16.4,16.4,68330
LBM,20080730,16.1,16.1,15.5,16.1,142990
LBM,20080729,15.8,15.8,15.8,15.8,1300
LBM,20080728,15.4,15.4,15.4,15.4,1700
LBM,20080725,15.1,15.1,14.8,15.1,100630
LBM,20080724,15.3,15.3,14.7,14.8,156570
LBM,20080723,15.1,15.1,15,15,60950
LBM,20080722,15.3,15.3,15.3,15.3,2010
LBM,20080721,15.9,16.1,15.6,15.6,136960
LBM,20080718,15.9,15.9,15.9,15.9,82570
LBM,20080717,15.6,15.6,15.6,15.6,5310
LBM,20080716,15.2,15.3,14.7,15.3,139180
LBM,20080715,15,15,15,15,32410
LBM,20080714,14.7,14.7,14.7,14.7,7590
LBM,20080711,14.5,14.5,14.5,14.5,1890
LBM,20080710,14.2,14.2,14.2,14.2,5200
LBM,20080709,13.9,13.9,13.9,13.9,1360
LBM,20080708,13.2,13.7,13.2,13.7,166640
LBM,20080707,13.9,13.9,13.4,13.4,94410
LBM,20080704,13.7,13.7,13.7,13.7,5270
LBM,20080703,13.4,13.4,13.4,13.4,56330
LBM,20080702,13.2,13.2,13,13.2,62040
LBM,20080701,13,13,13,13,21510
LBM,20080630,12.6,12.8,12.5,12.8,79610
LBM,20080627,12.1,12.5,12.1,12.5,72180
LBM,20080626,12.3,12.3,11.9,12.3,98520
LBM,20080625,12.1,12.1,12.1,12.1,16020
LBM,20080624,11.9,11.9,11.9,11.9,39780
LBM,20080623,11.7,11.7,11.7,11.7,52380
LBM,20080620,11.3,11.5,11.2,11.5,52170
LBM,20080619,11.5,11.5,11.2,11.4,63010
LBM,20080618,11.7,11.7,11.5,11.5,104860
LBM,20080617,11.6,11.6,11.6,11.6,330
LBM,20080616,11.5,11.5,11.5,11.5,4290
LBM,20080613,11.4,11.4,11.4,11.4,1910
LBM,20080612,11.2,11.2,11.2,11.2,2510
LBM,20080611,11.1,11.1,11.1,11.1,6460
LBM,20080610,11,11,11,11,26520
LBM,20080609,10.9,11.1,10.9,10.9,42060
LBM,20080606,11,11,11,11,29260
LBM,20080605,11.1,11.1,11.1,11.1,14010
LBM,20080604,11.2,11.2,11.2,11.2,1020
LBM,20080603,11.4,11.4,11.4,11.4,10
LBM,20080602,11.5,11.5,11.5,11.5,100
LBM,20080530,11.6,11.6,11.6,11.6,8620
LBM,20080526,11.7,11.7,11.7,11.7,6500
LBM,20080522,11.9,11.9,11.9,11.9,6100
LBM,20080521,12,12,12,12,2480
LBM,20080520,12.1,12.1,12.1,12.1,8000
LBM,20080519,12.2,12.2,12.2,12.2,2830
LBM,20080516,12.4,12.5,12.4,12.4,51350
LBM,20080515,12.5,12.5,12.5,12.5,3360
LBM,20080514,12.7,12.7,12.7,12.7,2170
LBM,20080513,12.9,12.9,12.9,12.9,7570
LBM,20080512,13,13,13,13,10510
LBM,20080509,13.2,13.2,13.2,13.2,13100
LBM,20080508,13.3,13.3,13.3,13.3,7740
LBM,20080507,13.5,13.5,13.5,13.5,10940
LBM,20080506,13.6,13.6,13.6,13.6,15140
LBM,20080505,13.8,13.8,13.8,13.8,15320
LBM,20080429,14.3,14.3,13.9,13.9,56460
LBM,20080428,14.1,14.1,14.1,14.1,4910
LBM,20080425,13.9,13.9,13.9,13.9,26100
LBM,20080424,13.8,13.8,13.8,13.8,38380
LBM,20080423,13.6,13.6,13.6,13.6,47090
LBM,20080422,13.5,13.5,13.5,13.5,14390
LBM,20080421,13.3,13.3,13.3,13.3,47850
LBM,20080418,13.2,13.2,12.9,13.2,48630
LBM,20080417,12.7,13,12.7,13,63830
LBM,20080416,12.9,13,12.9,12.9,26430
LBM,20080411,13,13,13,13,17350
LBM,20080410,13.2,13.3,13.2,13.2,114530
LBM,20080409,13.3,13.3,13.2,13.3,82190
LBM,20080408,13.2,13.2,12.9,13.2,97160
LBM,20080407,13,13,13,13,1760
LBM,20080404,12.9,12.9,12.9,12.9,820
LBM,20080403,12.8,12.8,12.8,12.8,1030
LBM,20080402,12.8,12.8,12.8,12.8,220
LBM,20080401,12.7,12.7,12.7,12.7,4700
LBM,20080331,12.6,12.6,12.6,12.6,1410
LBM,20080328,12.6,12.6,12.6,12.6,1490
LBM,20080327,12.5,12.5,12.5,12.5,14480
LBM,20080326,12.5,12.8,12.4,12.5,53870
LBM,20080325,12.6,12.6,12.6,12.6,12250
LBM,20080324,13,13,13,13,23110
LBM,20080321,14,14,13.4,13.4,41240
LBM,20080320,14.1,14.8,13.9,13.9,24910
LBM,20080319,14.9,15.3,14.4,14.4,28070
LBM,20080318,14.9,14.9,14.9,14.9,3020
LBM,20080317,15.4,15.6,15.4,15.4,14000
LBM,20080314,15.9,16.4,15.9,16,13330
LBM,20080313,16.6,16.6,16.3,16.4,19320
LBM,20080312,16.3,16.8,16.3,16.3,74960
LBM,20080311,16.8,17.7,16.8,16.8,23830
LBM,20080310,18,18,17.7,17.7,55800
LBM,20080307,17.4,17.4,17.4,17.4,5490
LBM,20080306,16.8,16.8,16.8,16.8,11260
LBM,20080305,16.3,16.3,16.3,16.3,29450
LBM,20080304,16.9,16.9,16.9,16.9,10930
LBM,20080303,17.9,17.9,17.5,17.5,21910
LBM,20080229,18.5,18.6,18.2,18.2,20330
LBM,20080228,19,19,18.5,18.5,13480
LBM,20080227,18.5,19,18.5,18.5,36090
LBM,20080226,19.5,19.5,18.3,18.3,49440
LBM,20080225,19,19,19,19,25490
LBM,20080222,18.3,18.3,18.3,18.3,29630
LBM,20080221,19.1,19.1,19.1,19.1,21010
LBM,20080220,20.1,20.5,19.8,19.8,31580
LBM,20080219,20,20.5,20,20.5,35520
LBM,20080218,20.4,20.7,20.4,20.5,50950
LBM,20080215,21.6,21.6,20.8,21.2,19520
LBM,20080214,21.5,21.5,21,21.5,51680
LBM,20080213,21,21.3,20.7,20.7,42460
LBM,20080212,22.3,22.5,21.6,21.6,26850
LBM,20080201,21.9,21.9,21.6,21.9,32360
LBM,20080131,21,21,20,21,82530
LBM,20080130,20.3,20.3,20.3,20.3,5580
LBM,20080129,19,19.5,18.9,19.5,30260
LBM,20080128,18.7,19,18.7,18.9,9700
LBM,20080125,19.1,19.5,19,19.2,18700
LBM,20080124,19.4,20,19,19,25690
LBM,20080123,19.5,19.7,19.4,19.4,44850
LBM,20080122,20,20.2,19.8,20.2,21080
LBM,20080121,20.5,20.8,20.5,20.5,18960
LBM,20080118,20.7,20.8,20.5,20.8,22090
LBM,20080117,20.9,20.9,20,20.5,50840
LBM,20080116,20.2,20.2,20,20.2,15440
LBM,20080115,19.4,19.5,19.4,19.4,13390
LBM,20080114,21,21.3,20.2,20.2,1470
LBM,20080111,21,22.3,21,21,7450
LBM,20080110,21.9,22.1,21.8,21.8,58360
LBM,20080109,23.4,23.4,22.6,22.6,3540
LBM,20080108,23.1,23.6,23.1,23.4,34170
LBM,20080107,23.3,23.9,23.1,23.1,710
LBM,20080104,24.3,24.3,23.9,24,19250
LBM,20080103,24.7,24.7,24.4,24.5,15180
LBM,20080102,24.9,25.3,24.8,24.8,22680
LBM,20071228,25,25.2,24.9,24.9,10140
LBM,20071227,25.2,25.5,25.2,25.2,16390
LBM,20071226,24.7,25.4,24.7,25.2,12750
LBM,20071225,24.9,25.1,24.9,25,10920
LBM,20071224,25.6,25.6,25.2,25.3,189790
LBM,20071221,25.4,25.7,25.2,25.6,14660
LBM,20071220,26.2,26.2,24.9,25.2,34750
LBM,20071219,24.1,25.2,23.9,25.2,118780
LBM,20071218,24.4,24.7,24.4,24.7,32820
LBM,20071217,25.2,25.7,25,25,69130
LBM,20071214,26,26.2,26,26,38920
LBM,20071213,27,27.3,26.7,26.7,50650
LBM,20071212,26.7,28.2,26.2,27.8,29570
LBM,20071211,27.3,27.6,27.3,27.3,25910
LBM,20071210,28,28.8,27.8,28,46960
LBM,20071207,27.3,28.4,27.3,28.4,55120
LBM,20071206,27,27.9,27,27.3,39110
LBM,20071205,27.3,27.5,27.2,27.3,40910
LBM,20071204,27.8,28,27.5,27.5,74940
LBM,20071203,27.8,28,27.8,28,81290
LBM,20071130,28.8,28.9,28.7,28.8,23790
LBM,20071129,29.3,29.3,28.8,29,19640
LBM,20071128,29.8,29.8,29.3,29.6,16570
LBM,20071127,29.3,29.8,29.3,29.3,9170
LBM,20071126,29.1,29.3,29.1,29.3,14990
LBM,20071123,29.8,29.8,29.3,29.3,9400
LBM,20071122,29.1,29.6,29.1,29.3,8800
LBM,20071121,28.1,29.3,28.1,29.3,13630
LBM,20071120,29.8,29.8,29.3,29.3,10330
LBM,20071119,30.4,30.6,29.3,30.4,11950
LBM,20071116,29.6,30.4,29.6,30.1,9200
LBM,20071115,30.4,30.4,30.4,30.4,13350
LBM,20071114,29.1,30.4,29.1,30.4,15880
LBM,20071113,29.8,29.8,29.3,29.3,20530
LBM,20071112,31.4,31.4,30.4,30.4,8310
LBM,20071109,30.8,31.9,30.8,31.1,22730
LBM,20071108,32.1,32.1,31.9,32.1,48530
LBM,20071107,30.1,30.8,30.1,30.8,19400
LBM,20071106,30.1,30.4,29.8,29.8,38550
LBM,20071105,31.1,32.4,31.1,31.1,14340
LBM,20071102,32.4,32.4,31.9,31.9,19400
LBM,20071101,32.9,33.4,32.4,32.4,10880
LBM,20071031,32.4,32.9,32.4,32.4,20410
LBM,20071030,32.9,33.4,32.6,32.6,26080
LBM,20071029,33.4,33.7,33.2,33.4,23130
LBM,20071026,33.4,33.9,33.4,33.7,14210
LBM,20071025,35.2,35.5,33.9,33.9,26660
LBM,20071024,34.2,34.5,33.9,34.5,33950
LBM,20071023,33.4,33.4,32.9,33.2,56100
LBM,20071022,34.7,34.7,33.9,33.9,26850
LBM,20071019,34.5,34.7,33.7,34.5,28400
LBM,20071018,35.5,35.5,34.7,34.7,55160
LBM,20071017,37.1,37.1,36.3,36.3,63290
LBM,20071016,36.3,36.3,35.8,36,67260
LBM,20071015,35.5,36,35.5,35.8,57430
LBM,20071012,35,35.5,35,35.2,76280
LBM,20071011,34.7,35,33.9,34.5,34750
LBM,20071010,35.5,35.8,35,35.2,42800
LBM,20071009,36.5,36.5,35,35.2,112600
LBM,20071008,35.2,35.2,34.5,35.2,77760
LBM,20071005,32.4,33.9,32.4,33.9,52520
LBM,20071004,33.2,33.4,32.9,33.2,46820
LBM,20071003,32.9,33.4,32.9,33.2,39480
LBM,20071002,33.7,33.9,32.9,33.4,50060
LBM,20071001,34.5,34.5,33.4,33.4,78600
LBM,20070928,33.4,33.4,33.2,33.2,51810
LBM,20070927,33.4,33.7,33.4,33.4,21300
LBM,20070926,33.9,34.2,32.9,33.7,56200
LBM,20070925,33.4,34.7,32.9,33.2,96540
LBM,20070924,33.4,33.4,33.2,33.4,39190
LBM,20070921,32.9,33.4,32.9,33.4,39260
LBM,20070920,34.5,34.5,33.4,33.7,42790
LBM,20070919,33.9,34.2,33.4,34.2,90020
LBM,20070918,32.9,32.9,32.6,32.9,67670
LBM,20070917,32.9,33.4,32.9,33.2,54350
LBM,20070914,31.4,33.9,31.4,33.4,142580
LBM,20070913,32.6,32.6,32.6,32.6,10600
LBM,20070912,33.9,33.9,33.9,33.9,80620
LBM,20070911,35.2,35.2,35,35.2,58330
LBM,20070910,33.9,33.9,33.4,33.9,80310
LBM,20070907,32.6,32.6,32.6,32.6,64110
LBM,20070906,31.4,31.4,29,31.4,280860
LBM,20070905,30.3,30.3,30.3,30.3,48080
LBM,20070904,29.1,29.1,29.1,29.1,13560
LBM,20070831,27.9,27.9,27.9,27.9,6410
LBM,20070830,26.8,26.8,26.8,26.8,2530
LBM,20070829,25.8,25.8,25.8,25.8,10530
LBM,20070828,17.9,18.2,17.8,18.2,128162
LBM,20070827,17.8,18.2,17.8,17.8,197165
LBM,20070824,18.2,18.9,18.2,18.2,147011
LBM,20070823,18.6,18.6,18.3,18.6,196425
LBM,20070822,18.1,18.1,18.1,18.1,43597
LBM,20070821,17.6,17.6,17.6,17.6,99388
LBM,20070820,16.6,17.2,16.6,17.2,76595
LBM,20070817,17.6,17.6,16.9,16.9,107111
LBM,20070816,17.2,17.2,17.1,17.2,113175
LBM,20070815,16.7,16.7,16.6,16.7,53063
LBM,20070814,16.3,16.4,16.1,16.4,84351
LBM,20070813,16.1,16.1,15.7,16,62725
LBM,20070810,16.4,16.4,15.7,16.1,153830
LBM,20070809,16.1,16.1,16.1,16.1,1808
LBM,20070808,15.7,15.7,15.7,15.7,19605
LBM,20070807,15.3,15.3,15.3,15.3,39604
LBM,20070806,15,15,15,15,123429
LBM,20070803,14.7,14.7,14.7,14.7,17238
LBM,20070802,15,15,15,15,32439
LBM,20070801,14.9,15.4,14.9,15.4,56086
LBM,20070731,15.3,15.3,15.3,15.3,7773
LBM,20070730,15.7,15.7,15.7,15.7,838
LBM,20070727,16.1,16.1,16.1,16.1,16302
LBM,20070726,16.5,16.5,16.4,16.4,16565
LBM,20070725,16.8,16.9,16.8,16.8,16565
LBM,20070724,16.8,16.8,16.8,16.8,26605
LBM,20070723,17.1,17.1,16.8,16.8,21708
LBM,20070720,17.2,17.2,17.2,17.2,24387
LBM,20070719,17.6,17.6,17.4,17.4,20098
LBM,20070718,17.7,17.7,17.6,17.6,46358
LBM,20070717,17.2,17.8,17.2,17.8,38454
LBM,20070716,17.6,17.6,17.4,17.4,17748
LBM,20070713,17.6,17.6,17.6,17.6,27854
LBM,20070712,17.8,17.8,17.6,17.6,10435
LBM,20070711,18,18,17.8,17.8,24075
LBM,20070710,17.9,18,17.9,18,15365
LBM,20070709,18.2,18.2,17.8,17.8,15546
LBM,20070706,17.7,17.8,17.7,17.8,17140
LBM,20070705,18.2,18.2,17.7,17.7,85715
LBM,20070704,17.4,17.8,17.4,17.8,70104
LBM,20070703,17.4,17.4,17.4,17.4,10566
LBM,20070702,18.1,18.1,17.9,17.9,28659
LBM,20070629,18.3,18.3,18.3,18.3,34000
LBM,20070628,18.3,18.3,18.3,18.3,44353
LBM,20070627,19,19,18.7,18.7,101951
LBM,20070626,18.1,19,18.1,19,190558
LBM,20070625,18.6,18.6,18.6,18.6,58880
LBM,20070622,19,19.1,19,19.1,395874
LBM,20070621,19,19,19,19,175752
LBM,20070620,18.6,18.6,18.6,18.6,94047
LBM,20070619,18.1,18.1,18.1,18.1,423892
LBM,20070618,18.1,18.1,17.6,17.6,64582
LBM,20070615,18.1,18.1,18.1,18.1,19161
LBM,20070614,18.6,18.6,18.6,18.6,320479
LBM,20070613,19.1,19.1,19.1,19.1,60441
LBM,20070612,18.7,18.7,18.7,18.7,27953
LBM,20070611,18.2,18.2,18.2,18.2,27542
LBM,20070608,17.7,17.7,17.7,17.7,9055
LBM,20070607,17.3,17.3,17.3,17.3,6376
LBM,20070606,16.5,16.9,16.5,16.9,49513
LBM,20070605,16.5,16.5,16.5,16.5,21675
LBM,20070604,16.1,16.1,16.1,16.1,6245
LBM,20070601,15.8,15.8,15.8,15.8,8249
LBM,20070531,15.4,15.4,15.4,15.4,4289
LBM,20070530,15,15,15,15,4881
LBM,20070529,14.7,14.7,14.7,14.7,5061
LBM,20070528,14.4,14.4,14.4,14.4,8348
LBM,20070525,14.1,14.1,14.1,14.1,88739
LBM,20070524,13.8,13.8,13.8,13.8,17041
LBM,20070523,13.5,13.5,13.5,13.5,1709
LBM,20070522,13.3,13.3,13.3,13.3,10846
LBM,20070521,13,13.1,13,13.1,5998
LBM,20070518,12.8,12.8,12.8,12.8,23039
LBM,20070517,12.6,12.6,12.6,12.6,11865
LBM,20070516,12.8,12.8,12.8,12.8,8710
LBM,20070515,13,13,13,13,35479
LBM,20070514,12.8,12.8,12.8,12.8,10961
LBM,20070511,12.3,12.5,12.3,12.5,16302
LBM,20070510,12.5,12.6,12.3,12.3,14921
LBM,20070509,12.5,12.6,12.5,12.6,10189
LBM,20070508,12.3,12.5,12.3,12.5,10649
LBM,20070507,12.4,12.4,12.3,12.3,6245
LBM,20070504,12.4,12.4,12.3,12.4,3435
LBM,20070503,12.4,12.4,12.3,12.3,4634
LBM,20070502,12.4,12.4,12.4,12.4,2876
LBM,20070425,12.2,12.4,12.2,12.4,19095
LBM,20070424,12.2,12.2,12.2,12.2,9630
LBM,20070423,12.4,12.4,12.4,12.4,7411
LBM,20070420,12.4,12.4,12.4,12.4,10008
LBM,20070419,12.4,12.4,12.4,12.4,15644
LBM,20070418,12.1,12.3,12.1,12.2,6327
LBM,20070417,12.2,12.2,12.1,12.1,15726
LBM,20070416,12.5,12.5,12.3,12.3,7592
LBM,20070413,12.5,12.5,12.5,12.5,1463
LBM,20070412,12.5,12.5,12.5,12.5,2071
LBM,20070411,12.5,12.5,12.3,12.5,13574
LBM,20070410,12.4,12.4,12.3,12.3,10928
LBM,20070409,12.6,12.6,12.6,12.6,12752
LBM,20070406,12.6,12.8,12.6,12.8,9203
LBM,20070405,12.8,12.8,12.8,12.8,15365
LBM,20070404,12.6,13.1,12.6,13.1,12473
LBM,20070403,12.8,12.8,12.8,12.8,14215
LBM,20070402,13.2,13.2,13,13,16778
LBM,20070330,13.1,13.2,13.1,13.2,51731
LBM,20070329,12.8,13,12.8,13,6130
LBM,20070328,12.8,12.8,12.8,12.8,5587
LBM,20070327,13.1,13.1,13,13,1742
LBM,20070326,13.5,13.5,13.2,13.2,29760
LBM,20070323,13.5,13.5,13.5,13.5,23154
LBM,20070322,13.9,13.9,13.8,13.8,29185
LBM,20070321,14.3,14.3,14.1,14.1,108837
LBM,20070320,14,14,14,14,81212
LBM,20070319,13.6,13.7,13.6,13.7,25619
LBM,20070316,13.4,13.4,13.4,13.4,82363
LBM,20070315,13.7,13.7,13.7,13.7,39522
LBM,20070314,13.9,13.9,13.9,13.9,167174
LBM,20070314,13.9,13.9,13.9,13.9,167174
LBM,20070313,13.4,13.7,13.4,13.7,84236
LBM,20070312,13.4,13.4,13.4,13.4,22250
LBM,20070309,13.2,13.2,13.2,13.2,12522
LBM,20070308,12.8,13,12.8,13,10221
LBM,20070307,12.7,12.7,12.7,12.7,17436
LBM,20070306,12.5,12.5,12.5,12.5,130216
LBM,20070305,12.2,12.3,12.2,12.3,35594
LBM,20070302,12.1,12.1,12.1,12.1,25718
LBM,20070301,12.2,12.2,12.1,12.1,13672
