<Ticker>,<DTYYYYMMDD>,<Open>,<High>,<Low>,<Close>,<Volume>
MHC,20100729,9.1,9.3,9.1,9.1,95990
MHC,20100728,9.2,9.3,8.9,9.1,131100
MHC,20100727,9.2,9.5,9.1,9.2,110400
MHC,20100726,9.2,9.5,9.2,9.2,654320
MHC,20100723,9.7,9.9,9.6,9.6,317570
MHC,20100722,9.9,9.9,9.7,9.7,239970
MHC,20100721,10.2,10.2,9.9,9.9,80330
MHC,20100720,9.8,10.2,9.8,10.2,507930
MHC,20100719,9.7,10,9.6,9.8,138010
MHC,20100716,9.7,10,9.6,9.7,196630
MHC,20100715,9.8,10,9.7,9.7,261470
MHC,20100714,10.3,10.3,9.8,9.8,194190
MHC,20100713,10.1,10.3,10,10.1,150770
MHC,20100712,9.8,10.1,9.5,10.1,94900
MHC,20100709,9.7,10,9.7,9.7,187880
MHC,20100708,10.1,10.2,9.9,10,155520
MHC,20100707,10.6,10.6,9.8,9.8,389050
MHC,20100706,10.8,10.8,10.2,10.2,302420
MHC,20100705,10.1,10.6,10.1,10.6,621500
MHC,20100702,10.3,10.6,10.1,10.1,483610
MHC,20100701,10.7,11,10.6,10.6,795500
MHC,20100630,9.8,10.5,9.8,10.5,638350
MHC,20100629,9.9,10,9.8,10,600650
MHC,20100628,9.2,9.6,9.2,9.6,472090
MHC,20100625,9.2,9.4,9.2,9.2,146900
MHC,20100624,9.3,9.7,9.3,9.5,245500
MHC,20100623,9.2,9.4,9.2,9.3,119630
MHC,20100622,9.5,9.8,9.3,9.3,207910
MHC,20100621,9.4,9.5,9.3,9.5,244470
MHC,20100618,9.3,9.4,9.1,9.1,271300
MHC,20100617,9,9.3,9,9.1,194240
MHC,20100616,9.3,9.3,8.9,9,236480
MHC,20100615,9.3,9.3,9,9.1,163670
MHC,20100614,8.9,9.2,8.9,9.2,319520
MHC,20100611,8.9,9,8.7,8.8,115510
MHC,20100610,8.7,8.9,8.7,8.8,50410
MHC,20100609,8.8,8.8,8.7,8.8,76970
MHC,20100608,8.7,8.8,8.5,8.7,108440
MHC,20100607,8.7,8.8,8.5,8.6,177290
MHC,20100604,9,9.1,8.9,8.9,170160
MHC,20100603,9.4,9.4,9,9,81230
MHC,20100602,9,9.6,9,9.2,76750
MHC,20100601,9,9.4,9,9.2,198020
MHC,20100531,9.5,9.5,9.3,9.3,311530
MHC,20100528,9.9,10,9.2,9.7,312500
MHC,20100527,9.2,9.6,9.2,9.6,295950
MHC,20100526,9.1,9.2,9,9.2,256210
MHC,20100525,8.2,8.8,8.2,8.8,135990
MHC,20100524,8.6,8.6,8.1,8.4,139740
MHC,20100521,8.4,8.7,8.4,8.4,314790
MHC,20100520,8.8,9.2,8.8,8.8,487460
MHC,20100519,9.2,9.3,9.2,9.2,216070
MHC,20100518,9.6,9.9,9.6,9.6,187840
MHC,20100517,10.1,10.5,9.8,10,174540
MHC,20100514,10.4,10.5,10,10.2,188580
MHC,20100513,10.4,11,10.3,10.3,181680
MHC,20100512,10.7,11.2,10.7,10.7,530630
MHC,20100511,11.1,11.2,10.7,11.2,424510
MHC,20100510,10.7,11.1,10.6,10.7,646290
MHC,20100507,11.5,11.7,11,11.1,648530
MHC,20100506,11,11.5,10.9,11.5,722830
MHC,20100505,11.3,11.4,10.8,11,535910
MHC,20100504,11.3,11.3,11.1,11.3,829720
MHC,20100429,10.8,10.8,10.8,10.8,378870
MHC,20100428,10.3,10.3,10.3,10.3,237400
MHC,20100427,10.8,10.8,10.8,10.8,179330
MHC,20100426,11.3,11.3,11.3,11.3,75830
MHC,20100422,12.6,12.6,11.8,11.8,813560
MHC,20100421,12.4,12.4,12.4,12.4,283070
MHC,20100420,11.2,11.9,11.2,11.9,347000
MHC,20100419,11.9,11.9,11.4,11.4,701760
MHC,20100416,12.2,12.7,11.9,11.9,1044190
MHC,20100415,12.1,12.2,12,12.2,329220
MHC,20100414,11.6,11.7,11.2,11.7,734770
MHC,20100413,11.2,11.2,10.7,11.2,1085110
MHC,20100412,10.7,10.7,10.5,10.7,834810
MHC,20100409,10.2,10.2,10.2,10.2,118680
MHC,20100408,9.8,9.8,9.8,9.8,38270
MHC,20100407,9.4,9.4,9.4,9.4,83730
MHC,20100406,9,9,9,9,92840
MHC,20100405,8.2,8.6,8.2,8.6,145380
MHC,20100402,8.1,8.2,8.1,8.2,93510
MHC,20100401,8,8.2,7.9,8.2,79170
MHC,20100331,8.1,8.2,8,8.1,44490
MHC,20100330,8.2,8.2,8,8.1,43320
MHC,20100329,8.2,8.2,8,8.2,60880
MHC,20100326,8.2,8.2,8,8.1,75810
MHC,20100325,8.2,8.2,8.1,8.2,65430
MHC,20100324,8.4,8.4,8.1,8.3,84570
MHC,20100323,8.2,8.3,8.1,8.3,71970
MHC,20100322,8.4,8.6,8.2,8.2,81810
MHC,20100319,8.6,8.6,8.4,8.5,40880
MHC,20100318,8.6,8.6,8.4,8.6,59640
MHC,20100317,8.8,8.8,8.5,8.6,31350
MHC,20100316,8.7,8.9,8.6,8.6,80890
MHC,20100315,8.8,8.9,8.7,8.9,100440
MHC,20100312,8.8,8.8,8.6,8.7,97890
MHC,20100311,8.8,8.8,8.5,8.6,115120
MHC,20100310,8.9,8.9,8.6,8.8,88280
MHC,20100309,8.9,9,8.6,8.9,66580
MHC,20100308,8.8,9.1,8.8,8.9,83240
MHC,20100305,8.3,8.7,8.1,8.7,298880
MHC,20100304,8.3,8.5,8.2,8.3,86920
MHC,20100303,8.3,8.3,8,8.3,72100
MHC,20100302,8.4,8.4,8.2,8.2,144410
MHC,20100301,8.4,8.5,8.3,8.4,45940
MHC,20100226,8.2,8.4,8.2,8.4,65900
MHC,20100225,8.4,8.4,8.2,8.2,70550
MHC,20100224,8,8.3,8,8.2,112350
MHC,20100223,8.2,8.3,8.2,8.2,200880
MHC,20100222,8.7,8.7,8.3,8.6,121230
MHC,20100212,8.5,8.8,8.4,8.7,41820
MHC,20100211,8.6,8.8,8.6,8.6,16790
MHC,20100210,8.6,8.9,8.6,8.6,174340
MHC,20100209,9,9.1,9,9,65750
MHC,20100208,8.9,9.2,8.9,9.2,152880
MHC,20100205,9.2,9.3,9,9,43500
MHC,20100204,9.2,9.4,9.1,9.3,27250
MHC,20100203,9.2,9.5,9.2,9.2,27180
MHC,20100202,9.7,9.7,9.4,9.4,123305
MHC,20100201,9.4,9.4,9.1,9.4,117330
MHC,20100129,8.7,9,8.7,9,68930
MHC,20100128,8.7,8.8,8.6,8.7,21290
MHC,20100127,9.1,9.1,8.7,8.7,38280
MHC,20100126,9,9.2,8.9,9.1,80370
MHC,20100125,8.7,8.9,8.6,8.8,40510
MHC,20100122,8.6,9,8.6,8.8,53070
MHC,20100121,8.9,9,8.6,8.6,57340
MHC,20100120,9.3,9.3,9,9,41630
MHC,20100119,9.1,9.4,9,9,96930
MHC,20100118,9.2,9.4,9,9.1,77140
MHC,20100115,9.4,9.5,9.2,9.4,83730
MHC,20100114,9.6,9.7,9.4,9.4,38450
MHC,20100113,9.4,9.6,9.2,9.5,83110
MHC,20100112,10,10.1,9.6,9.6,56570
MHC,20100111,10.1,10.1,9.8,10.1,150360
MHC,20100108,10.5,10.6,10.1,10.1,125840
MHC,20100107,10.1,10.5,9.9,10.5,301090
MHC,20100106,10.2,10.9,10.2,10.2,102200
MHC,20100105,10.7,10.7,10.4,10.5,122040
MHC,20100104,10,10.2,9.9,10.2,80890
MHC,20091231,9.8,9.9,9.7,9.8,110880
MHC,20091230,9.5,9.6,9.4,9.5,37800
MHC,20091229,9.6,9.7,9.3,9.3,55710
MHC,20091228,10,10,9.6,9.6,60890
MHC,20091225,9.6,9.8,9.6,9.8,150750
MHC,20091224,9.4,9.4,9.1,9.4,50740
MHC,20091223,9.4,9.5,9.3,9.4,53540
MHC,20091222,9.6,9.7,9.2,9.5,73380
MHC,20091221,9.2,9.4,9,9.4,78500
MHC,20091218,8.8,9,8.7,9,58940
MHC,20091217,8.5,8.7,8.4,8.6,40480
MHC,20091216,9,9,8.8,8.8,62550
MHC,20091215,9.2,9.3,8.9,9.2,91710
MHC,20091214,8.8,9.2,8.8,9.2,72370
MHC,20091211,9,9,8.8,8.8,158190
MHC,20091210,9.4,9.7,9.2,9.2,195870
MHC,20091209,9.5,9.7,9.5,9.5,119270
MHC,20091208,10.1,10.1,9.7,9.9,56500
MHC,20091207,9.9,10.3,9.8,10,70650
MHC,20091204,10.3,10.3,10,10.2,64880
MHC,20091203,9.9,10.2,9.8,10.2,74500
MHC,20091202,10.5,10.5,10.1,10.1,102850
MHC,20091201,10.3,10.8,10.3,10.6,106400
MHC,20091130,10.1,10.5,10.1,10.3,120170
MHC,20091127,9.7,10.7,9.7,10.2,269360
MHC,20091126,10.2,10.2,10.2,10.2,85420
MHC,20091125,11,11.2,10.7,10.7,194330
MHC,20091124,11.2,11.6,11.2,11.2,95140
MHC,20091123,11.8,11.8,11.4,11.4,154520
MHC,20091120,11.9,12,11.8,11.9,99240
MHC,20091119,11.9,12.1,11.6,11.9,227970
MHC,20091118,11.5,11.8,11.5,11.6,82630
MHC,20091117,12.2,12.2,11.8,11.8,52060
MHC,20091116,12.1,12.6,12,12.1,120370
MHC,20091113,11.9,12.2,11.8,12.1,90480
MHC,20091112,11.8,12,11.5,12,210580
MHC,20091111,11,11.5,10.6,11.5,184990
MHC,20091110,11.6,11.7,11,11,239070
MHC,20091109,11.7,11.9,11.5,11.5,173820
MHC,20091106,12.4,12.6,12.1,12.1,215290
MHC,20091105,12,12.3,11.8,12.1,291710
MHC,20091104,11.8,12.6,11.8,11.8,280550
MHC,20091103,12.4,12.5,12.4,12.4,96680
MHC,20091102,13,13,13,13,61910
MHC,20091030,13.5,14,13.4,13.6,678770
MHC,20091029,14.1,14.1,14.1,14.1,134410
MHC,20091028,15.4,15.9,14.8,14.8,362570
MHC,20091027,15.4,15.4,15.4,15.4,254570
MHC,20091026,16.4,16.6,16.2,16.2,278460
MHC,20091023,17.7,17.7,17,17,1041690
MHC,20091022,16.9,16.9,16.4,16.9,823930
MHC,20091021,15.8,16.1,15.5,16.1,519480
MHC,20091020,15.7,16.1,15.4,16,717460
MHC,20091019,14.6,15.4,14.6,15.4,430840
MHC,20091016,14.5,15.1,14.1,14.7,386690
MHC,20091015,15,15,14.4,14.7,360220
MHC,20091014,13.6,14.3,13.6,14.3,351580
MHC,20091013,13.7,13.8,13.5,13.7,327620
MHC,20091012,13.6,13.9,13.4,13.8,420910
MHC,20091009,13.5,13.6,13.2,13.5,258070
MHC,20091008,13.6,13.6,13.2,13.3,161070
MHC,20091007,13.5,13.6,13.4,13.6,416250
MHC,20091006,13.1,13.4,12.9,13,266140
MHC,20091005,13.2,13.7,13,13.1,223180
MHC,20091002,13.3,13.6,13.1,13.1,397830
MHC,20091001,14.3,14.3,13.7,13.7,437480
MHC,20090930,14.6,14.6,14.3,14.4,479190
MHC,20090929,14.6,14.6,14.4,14.6,832280
MHC,20090928,14,14.2,13.9,13.9,328030
MHC,20090925,13.7,14.3,13.7,14.3,470330
MHC,20090924,13.8,14.1,13.7,13.7,207640
MHC,20090923,14.5,14.6,13.9,13.9,449320
MHC,20090922,14.2,14.3,13.8,14.3,516050
MHC,20090921,13.6,14.1,13.6,13.7,552220
MHC,20090918,14.1,14.3,14,14.1,240600
MHC,20090917,13.7,14.2,13.7,14.1,327410
MHC,20090916,14.2,14.2,13.7,13.8,441790
MHC,20090915,14.4,14.6,13.7,14.2,403800
MHC,20090914,14.8,14.9,14.3,14.4,426420
MHC,20090911,14.8,14.8,14.7,14.8,733580
MHC,20090910,13.5,14.1,13.5,14.1,708300
MHC,20090909,13.9,14,13.5,13.5,444520
MHC,20090908,14.3,14.3,13.7,14.1,364440
MHC,20090907,13.9,14,13,13.8,359370
MHC,20090904,14,14,13.6,13.6,1169700
MHC,20090903,13,13.9,13,13.4,460060
MHC,20090901,13,13.6,13,13.4,275060
MHC,20090831,13.4,13.4,13.4,13.4,536490
MHC,20090828,13,13,12.7,12.8,371680
MHC,20090827,12.7,13,12.4,12.9,190870
MHC,20090826,12.3,13,12.3,12.7,204330
MHC,20090825,13,13,12.5,12.7,203010
MHC,20090824,13.1,13.1,13,13.1,573490
MHC,20090821,12.5,12.5,12.2,12.5,655990
MHC,20090820,11.8,12,11.8,12,416670
MHC,20090819,11.8,12.1,11.7,11.8,408460
MHC,20090818,11.3,11.8,11.2,11.6,108830
MHC,20090817,11.4,11.6,11.3,11.3,129980
MHC,20090814,11.5,11.8,11.5,11.5,206880
MHC,20090813,11.9,12.2,11.4,11.7,663220
MHC,20090812,12.2,12.4,11.7,11.9,198910
MHC,20090811,12.2,12.3,11.9,12.2,266900
MHC,20090810,11.7,11.9,11.6,11.9,300580
MHC,20090807,11.7,11.8,11.3,11.4,240030
MHC,20090806,11.2,11.7,11.2,11.7,615490
MHC,20090805,11.3,11.4,10.8,11.2,210120
MHC,20090804,11.5,11.6,11.2,11.3,357590
MHC,20090803,11.8,12.1,11.5,11.7,353380
MHC,20090731,11.8,11.8,11.8,11.8,84220
MHC,20090730,11.3,11.3,10.8,11.3,534800
MHC,20090729,10.8,10.8,10.8,10.8,821250
MHC,20090728,10.5,10.7,10.3,10.3,167560
MHC,20090727,10.5,11.1,10.5,10.9,212740
MHC,20090724,10.9,11,10.9,11,197310
MHC,20090723,9.7,10.4,9.7,10.4,57400
MHC,20090722,10.3,10.4,10,10.1,61300
MHC,20090721,10.5,10.8,10.5,10.5,111430
MHC,20090720,10.5,10.5,10.2,10.5,398580
MHC,20090717,10.1,10.1,10.1,10.1,134320
MHC,20090716,9.8,9.8,9.6,9.7,58340
MHC,20090715,9.7,9.9,9.5,9.5,48910
MHC,20090714,9.6,9.9,9.5,9.5,95320
MHC,20090713,10.3,10.3,9.9,9.9,49110
MHC,20090710,10.5,10.6,10,10.3,78720
MHC,20090709,10.3,10.7,10.3,10.3,111860
MHC,20090708,10.3,10.5,10.2,10.3,55990
MHC,20090707,10.2,10.9,10.2,10.6,69170
MHC,20090706,10.6,10.6,10.5,10.6,56220
MHC,20090703,9.3,10.2,9.3,10.2,99990
MHC,20090702,9.9,10.1,9.7,9.7,254300
MHC,20090701,10.2,10.2,10.2,10.2,43380
MHC,20090630,11,11,10.7,10.7,108300
MHC,20090629,11.5,11.6,11.2,11.2,153700
MHC,20090626,11.6,11.9,11.3,11.7,191190
MHC,20090625,11.8,12.5,11.7,11.8,173550
MHC,20090624,12.3,12.3,12.3,12.3,79060
MHC,20090623,11.7,12.3,11.7,11.8,211260
MHC,20090622,12.9,12.9,11.7,12.3,299950
MHC,20090619,13,13.1,12.2,12.3,171330
MHC,20090618,13,13.3,12.6,12.8,600220
MHC,20090617,13.2,13.2,13.2,13.2,35600
MHC,20090616,13.9,13.9,13.9,13.9,25000
MHC,20090615,15.2,15.2,14.6,14.6,338800
MHC,20090612,15.3,15.3,14.7,15.3,459420
MHC,20090611,14.6,14.6,14.6,14.6,168130
MHC,20090610,13.7,13.9,12.8,13.9,565950
MHC,20090609,14.1,14.1,13.4,13.4,672080
MHC,20090608,14.1,14.1,14.1,14.1,321450
MHC,20090605,13.5,13.5,13.5,13.5,34200
MHC,20090604,12.9,12.9,12.9,12.9,30660
MHC,20090603,11.8,12.3,11.8,12.3,301294
MHC,20090602,11.7,11.7,11.3,11.7,389480
MHC,20090601,10.9,11.2,10.8,11.2,262800
MHC,20090529,10.8,10.8,10.4,10.7,165310
MHC,20090528,10.9,10.9,10.5,10.7,203700
MHC,20090527,10.7,10.9,10.2,10.9,283200
MHC,20090526,10.9,11,10.3,10.6,481560
MHC,20090525,10.3,10.5,10.3,10.5,497520
MHC,20090522,10.6,10.7,10.1,10.1,100880
MHC,20090521,10.6,10.6,10.6,10.6,160520
MHC,20090520,9.7,10.2,9.6,10.2,304390
MHC,20090519,9,9.8,9,9.7,284680
MHC,20090518,9.4,9.7,9.4,9.4,206670
MHC,20090515,9.8,9.8,9.6,9.8,340050
MHC,20090514,9.3,9.4,9.1,9.4,408610
MHC,20090513,9,9,8.7,9,325010
MHC,20090512,8.1,8.6,8,8.6,109700
MHC,20090511,8.3,8.4,8.2,8.3,147670
MHC,20090508,8.3,8.7,8.3,8.5,87560
MHC,20090507,8.6,8.7,8.4,8.7,140960
MHC,20090506,8.8,9,8.3,8.3,194720
MHC,20090505,8.8,8.8,8.8,8.8,155560
MHC,20090504,8.4,8.4,8.4,8.4,66800
MHC,20090429,7.8,8.1,7.7,8.1,142310
MHC,20090428,8,8.2,8,8.1,114030
MHC,20090427,8.7,8.7,8.3,8.3,76550
MHC,20090424,8.7,8.8,8.7,8.8,215910
MHC,20090423,9.4,9.6,9,9.1,288520
MHC,20090422,9.4,9.4,9.2,9.4,213500
MHC,20090421,8.3,9,8.3,9,290690
MHC,20090420,8.8,9,8.3,8.6,322420
MHC,20090417,8.8,8.8,8.3,8.8,482150
MHC,20090416,8.4,8.4,8.4,8.4,40220
MHC,20090415,8.1,8.1,7.9,8.1,402180
MHC,20090414,7.7,7.7,7.5,7.7,135780
MHC,20090413,7.4,7.4,7.4,7.4,3200
MHC,20090410,7,7,7,7,80600
MHC,20090409,7,7,6.6,6.8,58800
MHC,20090408,7.3,7.7,7,7,95880
MHC,20090407,7.1,7.3,7,7.3,146650
MHC,20090403,7,7,7,7,34060
MHC,20090402,6.7,6.7,6.7,6.7,9350
MHC,20090401,6.4,6.4,6.4,6.4,18090
MHC,20090331,5.9,6.2,5.9,6.2,39680
MHC,20090330,5.9,6,5.9,5.9,24370
MHC,20090327,6.1,6.1,6,6.1,31820
MHC,20090326,6.2,6.2,6,6.2,31160
MHC,20090325,6.1,6.3,6.1,6.2,51100
MHC,20090324,6.2,6.2,5.7,6.1,18880
MHC,20090323,6.1,6.1,5.9,5.9,8820
MHC,20090320,6.1,6.2,5.9,6.2,4700
MHC,20090319,6.5,6.5,6.2,6.2,18480
MHC,20090318,6.4,6.4,6.2,6.4,46700
MHC,20090317,6,6.3,6,6.2,14900
MHC,20090316,6,6.1,6,6,9240
MHC,20090313,6.2,6.3,6.1,6.1,22000
MHC,20090312,6.1,6.3,6.1,6.3,34410
MHC,20090311,6.3,6.3,6.2,6.3,28960
MHC,20090310,6.1,6.1,5.6,6.1,14600
MHC,20090309,5.6,5.8,5.6,5.8,11620
MHC,20090306,5.4,5.6,5.3,5.6,19060
MHC,20090305,5.3,5.6,5.3,5.6,12100
MHC,20090304,5.3,5.4,5.3,5.4,15320
MHC,20090303,5.2,5.4,5.2,5.3,21830
MHC,20090302,5.5,5.6,5.5,5.5,16200
MHC,20090227,5.2,5.5,5.2,5.5,10760
MHC,20090226,5.2,5.2,5,5.2,8700
MHC,20090225,5.2,5.2,5.1,5.2,11150
MHC,20090224,5.1,5.2,5,5,21820
MHC,20090223,5.6,5.6,5.3,5.3,22370
MHC,20090220,5.3,5.6,5.3,5.6,6750
MHC,20090219,5.1,5.4,5.1,5.3,16550
MHC,20090218,5.3,5.5,5.3,5.4,5730
MHC,20090217,5.6,6.1,5.6,5.6,7210
MHC,20090216,5.8,6,5.8,5.8,7830
MHC,20090213,6.3,6.3,6.1,6.1,11060
MHC,20090212,6.5,6.5,6.3,6.3,4220
MHC,20090211,6.5,6.5,6.5,6.5,13140
MHC,20090210,6.7,6.8,6.7,6.8,90
MHC,20090209,6.5,6.7,6.4,6.7,4510
MHC,20090206,6.6,6.8,6.6,6.6,6010
MHC,20090205,6.3,6.6,6.2,6.6,9220
MHC,20090204,6.4,6.8,6.3,6.3,20250
MHC,20090203,6.6,7,6.6,6.6,15510
MHC,20090202,6.9,6.9,6.9,6.9,12120
MHC,20090123,6.9,7.2,6.9,7.2,3550
MHC,20090122,6.6,7.1,6.6,7.1,10210
MHC,20090121,6.5,7,6.5,6.9,6420
MHC,20090120,6.4,6.8,6.4,6.8,5460
MHC,20090119,6.5,6.6,6.4,6.5,14000
MHC,20090116,6.8,6.8,6.7,6.7,9350
MHC,20090115,6.9,6.9,6.7,6.7,7520
MHC,20090114,6.9,6.9,6.7,6.8,2540
MHC,20090113,6.7,6.9,6.7,6.7,31570
MHC,20090112,7.1,7.1,7,7,2940
MHC,20090109,7,7.1,7,7.1,6100
MHC,20090108,7.3,7.3,7,7,11830
MHC,20090107,7.6,7.6,7.3,7.3,27650
MHC,20090106,7.3,7.3,7.1,7.3,18390
MHC,20090105,7,7.1,7,7.1,17330
MHC,20090102,6.7,7,6.7,7,19780
MHC,20081231,7.2,7.2,6.8,6.8,45950
MHC,20081230,6.8,7,6.8,7,30870
MHC,20081229,6.8,6.8,6.7,6.8,33740
MHC,20081226,6.3,6.5,6.3,6.5,33090
MHC,20081225,6.2,6.3,6.2,6.3,9850
MHC,20081224,6.2,6.3,6.2,6.3,6930
MHC,20081223,6.4,6.7,6.4,6.4,13220
MHC,20081222,6.4,6.7,6.3,6.7,35770
MHC,20081219,6.4,6.5,6.4,6.5,30620
MHC,20081218,6.7,6.7,6.6,6.6,35400
MHC,20081217,6.5,6.6,6.3,6.6,17110
MHC,20081216,7,7,6.6,6.6,11940
MHC,20081215,7,7,6.8,7,28000
MHC,20081212,6.8,6.8,6.8,6.8,12000
MHC,20081211,6.3,6.9,6.3,6.5,16960
MHC,20081210,6.7,6.9,6.6,6.6,13120
MHC,20081209,7,7.4,7,7,54080
MHC,20081208,7.3,7.7,7.3,7.3,18110
MHC,20081205,7.6,7.8,7.6,7.7,13590
MHC,20081204,8.2,8.3,7.8,7.8,8560
MHC,20081203,7.7,8.1,7.7,8.1,3220
MHC,20081202,7.9,8.3,7.9,7.9,5180
MHC,20081201,8.3,8.3,7.8,8.3,11010
MHC,20081128,8.1,8.1,7.7,8.1,10770
MHC,20081127,7.7,7.9,7.7,7.7,37130
MHC,20081126,8.1,8.2,8.1,8.1,6980
MHC,20081125,8.4,8.4,8.2,8.4,21490
MHC,20081124,8.4,8.4,8.3,8.4,11670
MHC,20081124,8.4,8.4,8.3,8.4,11670
MHC,20081121,8.3,8.4,8.3,8.3,32300
MHC,20081120,8.5,8.5,8.3,8.5,27060
MHC,20081119,8.6,8.8,8.6,8.6,15840
MHC,20081118,8.8,9,8.7,8.8,44100
MHC,20081117,9,9.3,8.7,9,24400
MHC,20081114,9,9.1,8.7,9,75620
MHC,20081113,8.7,9,8.7,8.7,28900
MHC,20081112,8.7,9,8.7,8.7,27590
MHC,20081111,8.8,9.1,8.8,8.8,40400
MHC,20081110,9.2,9.2,8.9,9.2,56810
MHC,20081107,8.8,9.1,8.8,8.8,115670
MHC,20081106,9.2,9.7,9.2,9.2,70220
MHC,20081105,9.7,9.7,9.2,9.7,198370
MHC,20081104,9.2,9.2,8.4,9.2,77930
MHC,20081103,8.8,8.9,8.7,8.8,17380
MHC,20081031,8.8,8.8,8.4,8.8,62760
MHC,20081030,8.4,9,8.3,8.4,107890
MHC,20081029,9.2,9.3,8.8,8.8,366480
MHC,20081028,9.2,9.2,9.2,9.2,6710
MHC,20081027,9.7,9.7,9.7,9.7,29910
MHC,20081024,10.1,10.1,10.1,10.1,38190
MHC,20081023,10.6,10.6,10.6,10.6,3080
MHC,20081022,11.1,11.1,11.1,11.1,45600
MHC,20081021,11.7,12,11.3,11.7,48770
MHC,20081020,11.7,12,11.6,11.7,413030
MHC,20081017,11.5,11.5,11.5,11.5,40920
MHC,20081016,11,11,10.3,11,124060
MHC,20081015,10.4,10.4,10.4,10.4,111910
MHC,20081014,10,10,10,10,2930
MHC,20081013,10.1,10.1,9.6,9.6,37680
MHC,20081010,9.7,10.1,9.7,9.7,72220
MHC,20081009,10.2,11.1,10.1,10.1,87700
MHC,20081008,10.3,10.9,10.3,10.6,39200
MHC,20081007,10.8,10.8,10.8,10.8,13630
MHC,20081006,11.4,11.4,11.3,11.3,37390
MHC,20081003,12,12,11.7,11.8,60990
MHC,20081002,12,12,11.3,12,81210
MHC,20081001,11.8,11.8,11,11.5,61950
MHC,20080930,11.3,11.3,11.3,11.3,15050
MHC,20080929,11.8,12.2,11.8,11.8,59650
MHC,20080926,13,13,12.2,12.2,89110
MHC,20080925,11.8,12.8,11.8,12.8,97230
MHC,20080924,12.3,12.9,12.3,12.3,61790
MHC,20080923,13,13.5,13,13,188740
MHC,20080922,13.6,13.6,13.6,13.6,23360
MHC,20080919,12.2,13,12.2,13,193260
MHC,20080918,12.3,12.3,12.3,12.3,16990
MHC,20080917,13,13,13,13,26810
MHC,20080916,13.6,13.6,13.6,13.6,6680
MHC,20080915,14.3,15.5,14.3,14.3,142360
MHC,20080912,15.7,15.7,15,15,1230
MHC,20080911,16.5,16.5,15.7,15.7,2270
MHC,20080910,16.5,16.5,16.5,16.5,134980
MHC,20080909,17.7,18.5,17.4,17.4,128880
MHC,20080908,17.7,17.7,16.1,17.7,382340
MHC,20080905,16.9,16.9,16.9,16.9,115010
MHC,20080904,16,16.1,15.4,16.1,331050
MHC,20080903,15.4,15.4,15.4,15.4,10180
MHC,20080829,14.3,14.7,13.7,14.7,81170
MHC,20080828,13.9,14.1,13.4,14,144450
MHC,20080827,14.1,14.1,13.1,14.1,251490
MHC,20080826,13.5,13.5,13.5,13.5,29590
MHC,20080825,12.9,12.9,12.9,12.9,65910
MHC,20080822,12.8,12.8,12.3,12.3,106410
MHC,20080821,12,12.8,12,12.8,73910
MHC,20080820,11.9,12.5,11.9,12.2,99040
MHC,20080819,12.6,12.6,11.8,12.4,198040
MHC,20080818,12.2,12.2,11.7,12.2,161590
MHC,20080815,11.7,11.7,11.7,11.7,7510
MHC,20080814,11.4,11.4,11.4,11.4,33870
MHC,20080813,10.7,11.1,10.6,11.1,97040
MHC,20080812,11.1,11.1,10.6,10.9,86860
MHC,20080811,10.9,10.9,10.9,10.9,9900
MHC,20080808,10.3,10.6,10.3,10.6,30560
MHC,20080807,10.8,10.5,10,10.5,86770
MHC,20080806,10,10.5,10,10.5,86770
MHC,20080805,10.3,10.3,10.3,10.3,15880
MHC,20080804,10.5,10.5,10.5,10.5,51580
MHC,20080801,10.8,10.8,10.8,10.8,8160
MHC,20080731,11,11.1,11,11,57440
MHC,20080730,11.7,11.7,11.3,11.3,50320
MHC,20080729,11.6,11.6,11.5,11.6,83380
MHC,20080728,11.3,11.7,11.3,11.3,147630
MHC,20080725,11.7,11.7,11.7,11.7,14930
MHC,20080724,12,12,12,12,27660
MHC,20080723,12.3,12.3,12.3,12.3,310
MHC,20080722,12.7,12.7,12.7,12.7,610
MHC,20080721,13,13,13,13,4000
MHC,20080718,13.4,13.9,13.4,13.4,156990
MHC,20080717,13.7,13.7,13.7,13.7,175400
MHC,20080716,13,13.4,12.7,13.4,240960
MHC,20080715,13,13,13,13,13780
MHC,20080714,12.7,12.7,12.7,12.7,58960
MHC,20080711,12.3,12.3,12.3,12.3,43810
MHC,20080710,11.8,12,11.7,12,168880
MHC,20080709,11.6,11.7,11.3,11.7,108000
MHC,20080708,11,11.4,11,11.4,45070
MHC,20080707,12,12,11.3,11.3,102540
MHC,20080704,11.7,11.7,11.7,11.7,39060
MHC,20080703,11.4,11.4,11.2,11.4,56360
MHC,20080702,11.1,11.1,10.9,11.1,117420
MHC,20080701,10.7,10.9,10.6,10.9,54220
MHC,20080630,10.7,10.9,10.6,10.6,53160
MHC,20080627,10.6,10.9,10.6,10.9,46560
MHC,20080626,11,11.3,10.9,10.9,63150
MHC,20080625,11,11.3,11,11.1,64590
MHC,20080624,10.8,11,10.8,11,70610
MHC,20080623,10.8,11.3,10.8,10.8,76530
MHC,20080620,11,11,11,11,12800
MHC,20080619,11.3,11.3,11.3,11.3,4020
MHC,20080618,11.7,11.7,11.6,11.6,34270
MHC,20080617,11.7,11.7,11.7,11.7,120
MHC,20080616,11.6,11.6,11.6,11.6,12820
MHC,20080613,11.4,11.4,11.4,11.4,52810
MHC,20080612,11.2,11.2,11,11.2,75150
MHC,20080611,10.7,11,10.7,11,113150
MHC,20080610,10.9,10.9,10.9,10.9,30
MHC,20080609,11,11,11,11,200
MHC,20080606,11.2,11.2,11.2,11.2,300
MHC,20080605,11.4,11.4,11.4,11.4,210
MHC,20080604,11.6,11.6,11.6,11.6,380
MHC,20080603,11.7,11.7,11.7,11.7,210
MHC,20080602,11.9,11.9,11.9,11.9,230
MHC,20080530,12.1,12.1,12.1,12.1,7650
MHC,20080526,12.3,12.3,12.3,12.3,510
MHC,20080522,12.6,12.6,12.6,12.6,4250
MHC,20080521,12.8,12.8,12.8,12.8,2500
MHC,20080520,13,13,13,13,3100
MHC,20080519,13.3,13.3,13.3,13.3,3770
MHC,20080516,13.6,14,13.6,13.6,85360
MHC,20080515,13.8,13.8,13.8,13.8,11060
MHC,20080514,14.1,14.1,14.1,14.1,1750
MHC,20080513,14.3,14.3,14.3,14.3,3650
MHC,20080512,14.6,14.6,14.6,14.6,10
MHC,20080509,14.9,14.9,14.9,14.9,4700
MHC,20080508,15.1,15.1,15.1,15.1,1030
MHC,20080507,15.4,15.4,15.4,15.4,3100
MHC,20080506,15.7,15.7,15.7,15.7,19650
MHC,20080505,16.2,16.2,15.9,15.9,27740
MHC,20080429,16,16,15.7,15.9,39130
MHC,20080428,15.3,15.7,15.3,15.7,17240
MHC,20080425,15.6,15.7,15.4,15.5,29820
MHC,20080424,15.7,15.7,15.7,15.7,19300
MHC,20080423,15.9,15.9,15.9,15.9,7310
MHC,20080422,15.9,16.2,15.9,16.2,24940
MHC,20080421,16.2,16.3,16.2,16.2,23600
MHC,20080418,16.1,16.4,16,16.4,28460
MHC,20080417,15.7,16.3,15.7,16.3,40150
MHC,20080416,16,16,16,16,6920
MHC,20080411,16.3,16.3,16.3,16.3,14060
MHC,20080410,16.5,16.5,16.5,16.5,74240
MHC,20080409,17,17,16.5,16.8,71250
MHC,20080408,16.7,16.7,16.3,16.7,127650
MHC,20080407,16.3,16.4,16.3,16.4,30
MHC,20080404,16.2,16.2,16.2,16.2,2300
MHC,20080403,16.1,16.1,16.1,16.1,210
MHC,20080402,16,16,16,16,20
MHC,20080401,15.8,15.9,15.8,15.9,610
MHC,20080331,15.8,15.8,15.8,15.8,10
MHC,20080328,15.7,15.7,15.7,15.7,1800
MHC,20080327,15.6,15.7,15.6,15.7,3640
MHC,20080326,15.2,15.6,15.2,15.6,98700
MHC,20080325,14.9,14.9,14.9,14.9,38300
MHC,20080324,15.7,17.1,15.6,15.6,63020
MHC,20080321,16.7,16.8,16.3,16.3,96870
MHC,20080320,17.7,17.7,17,17,76840
MHC,20080319,17.8,18.2,16.5,17,80700
MHC,20080318,17.4,17.5,17.4,17.4,133560
MHC,20080317,18.3,18.7,18.3,18.3,93880
MHC,20080314,19.3,19.5,19.1,19.2,66750
MHC,20080313,20,20,19.5,19.8,40290
MHC,20080312,19.3,20.8,19.3,19.8,62050
MHC,20080311,20,20.4,19.8,19.8,85480
MHC,20080310,21.7,21.7,20.8,20.9,283790
MHC,20080307,20.8,20.8,20.8,20.8,25130
MHC,20080306,19.8,19.8,19.8,19.8,67030
MHC,20080305,19,19,19,19,43580
MHC,20080304,19.9,19.9,19.9,19.9,14820
MHC,20080303,21.3,21.3,21,21,32320
MHC,20080229,22.6,22.6,22,22,56700
MHC,20080228,23.2,23.3,23,23.1,57570
MHC,20080227,23.4,25,23.4,23.4,116370
MHC,20080226,24.3,26,24.3,24.3,55110
MHC,20080225,25.5,25.6,25.5,25.6,45750
MHC,20080222,23.1,24.3,23.1,24.3,140960
MHC,20080221,24.3,24.3,24.3,24.3,68120
MHC,20080220,26.4,26.5,25.6,25.6,92490
MHC,20080219,26.9,27.4,26.9,26.9,75880
MHC,20080218,27.4,27.4,27.4,27.4,65350
MHC,20080215,29.1,29.3,28.3,28.8,76530
MHC,20080214,28.5,29.7,28.5,28.9,51620
MHC,20080213,30,30,28.5,28.5,32980
MHC,20080212,31.3,31.3,30,30,44680
MHC,20080201,30.6,31.3,30.4,31.3,111270
MHC,20080131,28.5,29.9,27.1,29.9,178260
MHC,20080130,28.5,28.5,28.5,28.5,28100
MHC,20080129,26.1,27.2,26.1,27.2,101880
MHC,20080128,26.7,27,26.4,26.7,106600
MHC,20080125,26.3,26.7,26.2,26.7,61980
MHC,20080124,27.8,28,26.3,26.3,98530
MHC,20080123,28.4,28.4,27.4,27.4,75870
MHC,20080122,28.8,29.3,28.5,28.5,96840
MHC,20080121,29.8,29.8,29,29.6,41570
MHC,20080118,29.3,29.8,29,29.8,38320
MHC,20080117,30.1,30.2,28.4,29,67950
MHC,20080116,29,29.3,29,29.3,110640
MHC,20080115,28.3,28.4,28.3,28.3,51380
MHC,20080114,30.2,30.2,29.4,29.4,16670
MHC,20080111,30.5,31.7,30.5,30.6,7790
MHC,20080110,31.4,31.4,30.6,30.6,11390
MHC,20080109,32.8,32.8,31.9,31.9,21560
MHC,20080108,33,33.7,32.8,33,10100
MHC,20080107,33.7,33.7,32.9,33,65100
MHC,20080104,33.9,34.2,33.9,33.9,34970
MHC,20080103,34.3,34.3,34.3,34.3,13060
MHC,20080102,35,35,34.8,34.8,22180
MHC,20071228,34.5,35,34.5,34.8,27560
MHC,20071227,34.8,34.8,34.5,34.5,43670
MHC,20071226,34.2,34.7,34.2,34.5,29990
MHC,20071225,34.5,34.5,34.2,34.2,28120
MHC,20071224,34.2,34.5,34.2,34.5,34850
MHC,20071221,34.5,34.5,34.2,34.2,43750
MHC,20071220,35,35.4,34.2,34.5,30070
MHC,20071219,34.5,35,34.5,35,79000
MHC,20071218,33,33.9,33,33.9,43120
MHC,20071217,34.2,34.5,33.9,33.9,29500
MHC,20071214,34.8,34.8,34.2,34.2,15860
MHC,20071213,34.8,35,34.2,34.8,56480
MHC,20071212,34.8,35.4,34.8,34.8,83600
MHC,20071211,35.4,35.4,34.8,34.8,26210
MHC,20071210,35.9,35.9,35,35.9,22200
MHC,20071207,36.3,36.3,35.7,35.9,32030
MHC,20071206,35.9,36.3,35.7,35.7,50790
MHC,20071205,36.5,36.5,35.9,36.3,48250
MHC,20071204,36.3,36.5,36.3,36.5,98170
MHC,20071203,36.3,36.5,35.9,36.3,31160
MHC,20071130,35.9,36.3,35.9,35.9,57810
MHC,20071129,35.9,36.5,35.9,36.3,89130
MHC,20071128,36.5,36.5,36.3,36.3,43950
MHC,20071127,37.1,37.1,36.5,36.5,84470
MHC,20071126,35.7,36.8,35.7,36.8,62530
MHC,20071123,35.4,35.7,34.8,35.4,56430
MHC,20071122,35.4,36.3,34.8,34.8,120540
MHC,20071121,34.3,35,34.3,35,74760
MHC,20071120,35.7,35.9,35,35,75230
MHC,20071119,35.7,36.3,35.7,35.9,54620
MHC,20071116,35.9,36.3,35.7,35.9,39380
MHC,20071115,36.5,36.5,35.9,36.3,78670
MHC,20071114,35.4,36.8,35.4,36.8,101710
MHC,20071113,36.5,36.5,35.4,35.4,140340
MHC,20071112,37.1,37.4,36.8,36.8,137770
MHC,20071109,37.7,37.7,36.8,37.1,155950
MHC,20071108,39.1,39.1,38,38,127550
MHC,20071107,38.9,39.4,38.5,38.9,226870
MHC,20071106,37.1,38.5,36.8,38.5,224440
MHC,20071105,38,38,37.1,37.4,192070
MHC,20071102,38.9,38.9,38,38,279370
MHC,20071101,38.5,38.5,38,38.3,166610
MHC,20071031,38.9,39.1,37.7,38,266730
MHC,20071030,39.1,39.4,38.5,39.1,351550
MHC,20071029,40,40,39.1,39.1,404330
MHC,20071026,39.7,40,38.9,39.4,231020
MHC,20071025,38.3,38.5,37.1,38.5,384180
MHC,20071024,35.9,37.1,35.4,37.1,366790
MHC,20071023,34.2,35.9,34.2,35.9,610870
MHC,20071022,34.6,34.6,34.6,34.6,202300
MHC,20071019,33.5,33.7,33.1,33.3,236280
MHC,20071018,34.2,34.2,33.5,33.5,237550
MHC,20071017,35.4,35.4,33.3,34.3,712450
MHC,20071016,34,34,34,34,107230
MHC,20071015,32.7,32.7,32.7,32.7,204640
MHC,20071012,31.3,31.6,31.2,31.4,150130
MHC,20071011,31.3,31.3,31.1,31.2,78310
MHC,20071010,31.1,31.2,30.9,31.1,115190
MHC,20071009,31.3,31.4,30.7,31.2,94300
MHC,20071008,31.4,32.2,31.4,31.4,142760
MHC,20071005,32.3,32.3,32.3,32.3,92810
MHC,20071004,29.6,31,29.6,31,159330
MHC,20071003,30.2,30.2,29.8,29.8,62210
MHC,20071002,30.6,30.6,30.2,30.2,123390
MHC,20071001,30.7,30.7,30.3,30.5,101610
MHC,20070928,29.6,30.3,29.6,30.3,108420
MHC,20070927,29.8,30.2,29.7,29.7,54630
MHC,20070926,29.9,30.2,29.8,29.9,107870
MHC,20070925,30.4,30.6,30.2,30.3,117750
MHC,20070924,30.7,30.7,30.3,30.4,97260
MHC,20070921,30.8,30.8,29.9,30.3,75080
MHC,20070920,31.1,31.1,30,30.8,239080
MHC,20070919,29.8,30.2,29.6,30,162280
MHC,20070918,29.3,29.6,29,29.6,142860
MHC,20070917,29,29.5,29,29,140060
MHC,20070914,29.3,29.8,29.3,29.4,115150
MHC,20070913,28.6,30.4,28.6,30.2,541620
MHC,20070912,29.7,29.7,29.7,29.7,231420
MHC,20070911,28.6,28.6,28.6,28.6,47790
MHC,20070910,27.6,27.6,27.6,27.6,30560
MHC,20070907,25.8,26.6,25.8,26.6,114490
MHC,20070906,25.4,25.7,25.2,25.7,46940
MHC,20070905,25.8,25.8,25.5,25.5,60800
MHC,20070904,25.3,25.3,25.2,25.3,34080
MHC,20070831,25.5,25.5,25,25.1,68950
MHC,20070830,25,25,24.1,25,61370
MHC,20070829,23.9,24.1,23.7,24.1,31430
MHC,20070828,23.7,23.7,23.7,23.7,37360
MHC,20070827,23.6,23.7,23.5,23.6,43330
MHC,20070824,23.6,23.6,23.4,23.6,27480
MHC,20070823,23.3,23.5,23.2,23.3,16690
MHC,20070822,23.7,23.7,23.3,23.3,12290
MHC,20070821,23.7,24.1,23.5,23.5,15420
MHC,20070820,23.5,23.7,23.5,23.7,13480
MHC,20070817,23.7,24.3,23.7,23.9,10550
MHC,20070816,24.1,24.3,23.7,24.3,7890
MHC,20070815,24.1,24.4,24.1,24.4,13580
MHC,20070814,23.7,24.6,23.7,24.6,4800
MHC,20070813,23.7,24.3,23.7,23.7,9710
MHC,20070810,24.6,24.8,24.3,24.3,5650
MHC,20070809,24.3,24.6,24.3,24.6,6760
MHC,20070808,24.3,24.3,24.1,24.3,15150
MHC,20070807,23.7,24.1,23.7,24.1,18480
MHC,20070806,24.3,24.6,24.1,24.1,22110
MHC,20070803,24.3,24.6,24.3,24.6,8780
MHC,20070802,25,25.3,24.5,24.5,24240
MHC,20070801,24.8,25.3,24.3,25.3,19090
MHC,20070731,25,25,24.3,24.3,20550
MHC,20070730,25.1,26.1,25.1,25.1,25940
MHC,20070727,26.1,26.1,26.1,26.1,12770
MHC,20070726,25.8,25.8,25.8,25.8,25170
MHC,20070725,27.7,27.7,26.7,26.7,92410
MHC,20070724,27,27,27,27,47320
MHC,20070723,26.3,26.3,26.1,26.1,30230
MHC,20070720,25.5,25.5,25.5,25.5,38260
MHC,20070719,25.5,25.5,25.5,25.5,12130
MHC,20070718,25.7,25.7,25.7,25.7,25240
MHC,20070717,25.5,25.6,25.5,25.6,18930
MHC,20070716,25.4,25.7,25.4,25.7,16610
MHC,20070713,25.5,26,25.5,26,6440
MHC,20070712,25.8,26,25.8,26,25410
MHC,20070711,26,26.1,26,26.1,26620
MHC,20070710,25.5,25.8,25.5,25.8,19650
MHC,20070709,25.8,25.8,25.5,25.5,19940
MHC,20070706,26.1,26.1,25.4,25.8,3150
MHC,20070705,26.1,26.6,26.1,26.1,30700
MHC,20070704,24.8,25.7,24.8,25.7,14590
MHC,20070703,24.8,24.8,24.8,24.8,38650
MHC,20070702,26.3,26.3,25.7,25.7,14930
MHC,20070629,27,27,26.7,26.7,20240
MHC,20070628,27.2,27.2,27.1,27.1,14510
MHC,20070627,27.2,27.2,27.2,27.2,32080
MHC,20070626,27.6,27.6,27.2,27.2,28430
MHC,20070625,27.9,27.9,27.6,27.6,18820
MHC,20070622,28.1,28.1,27.8,27.8,33420
MHC,20070621,27.8,27.8,27.8,27.8,29960
MHC,20070620,28.1,28.1,27.2,27.2,42400
MHC,20070619,28.4,28.4,28.1,28.1,31230
MHC,20070618,27.9,27.9,27.8,27.8,27850
MHC,20070615,27.8,28.1,27.8,28.1,21360
MHC,20070614,28.8,28.8,28.1,28.1,43440
MHC,20070613,29.6,29.6,28.4,28.4,44940
MHC,20070612,29.8,29.8,28.7,28.8,51440
MHC,20070611,29.8,29.8,29.8,29.8,95790
MHC,20070608,28.8,28.8,28.8,28.8,38090
MHC,20070607,27.2,27.7,27.2,27.7,48770
MHC,20070606,26.5,26.7,26.5,26.7,15960
MHC,20070605,27,27,26.7,26.7,17380
MHC,20070604,27.6,27.6,27.2,27.2,29870
MHC,20070601,27.2,27.6,27.2,27.6,11990
MHC,20070531,27.8,27.8,27.6,27.6,13150
MHC,20070530,27.8,27.8,27.4,27.6,13040
MHC,20070529,27.8,27.8,27.8,27.8,20090
MHC,20070528,27.8,27.8,27.8,27.8,27520
MHC,20070525,26.8,27.8,26.8,27.8,18300
MHC,20070524,27.8,27.8,27.8,27.8,31870
MHC,20070523,29,29,28.4,28.4,30840
MHC,20070522,29.5,29.5,29,29,25560
MHC,20070521,29,29.6,29,29.3,45770
MHC,20070518,28.6,29,28.6,29,32890
MHC,20070517,22.3,22.3,21.8,22.3,124578
MHC,20070516,22.7,22.7,22.3,22.5,106015
MHC,20070515,23.7,23.7,23.1,23.1,137673
MHC,20070514,23,23,23,23,6736
MHC,20070511,22.2,22.2,22.2,22.2,37206
MHC,20070510,21.7,21.7,21.6,21.6,64611
MHC,20070509,21.8,21.8,21.8,21.8,83578
MHC,20070508,21.1,21.1,21.1,21.1,53433
MHC,20070507,20.4,20.4,20.4,20.4,54648
MHC,20070504,19.7,19.7,19.7,19.7,6939
MHC,20070503,19.7,20.1,19.7,19.7,24165
MHC,20070502,20.4,20.4,19.7,19.7,19251
MHC,20070425,19.7,20.1,19.7,19.9,22261
MHC,20070424,18.8,19.7,18.8,19.7,17023
MHC,20070423,19.5,19.5,19.4,19.4,23355
MHC,20070420,20.3,20.3,19.5,19.5,39163
MHC,20070419,20.3,20.3,20.3,20.3,73939
MHC,20070418,18.9,19.6,18.9,19.6,18846
MHC,20070417,18.9,18.9,18.9,18.9,45819
MHC,20070416,19.7,19.7,19.6,19.6,22680
MHC,20070413,20.3,20.4,20.3,20.3,37071
MHC,20070412,21,21,21,21,41404
MHC,20070411,22,22,21.7,21.7,16659
MHC,20070410,22,22,22,22,26770
MHC,20070409,21.7,22,21.7,22,51124
MHC,20070406,22.9,22.9,22.3,22.3,34600
MHC,20070405,23,23,23,23,25893
MHC,20070404,22.9,23.6,22.9,23.6,48600
MHC,20070403,22.9,22.9,22.9,22.9,26163
MHC,20070402,24.3,24.3,23.5,23.5,29511
MHC,20070330,24.6,24.6,24.3,24.3,41040
MHC,20070329,23.7,23.7,23.7,23.7,9018
MHC,20070328,22.2,23,22.2,23,61627
MHC,20070327,23,23,23,23,114142
MHC,20070326,23.7,23.7,23.7,23.7,73791
MHC,20070323,24.9,24.9,24.3,24.6,76464
MHC,20070322,24.9,25,24.9,24.9,62923
MHC,20070321,25.8,25.8,25,25,107379
MHC,20070320,26,26,26,26,185031
MHC,20070319,24.6,25,24.6,25,47331
MHC,20070316,23.5,24.3,23.5,24.3,76153
MHC,20070315,23.5,23.5,23.5,23.5,111415
MHC,20070314,24.9,24.9,24.3,24.3,108702
MHC,20070314,24.9,24.9,24.3,24.3,108702
MHC,20070313,25.8,25.8,25.2,25.2,116343
MHC,20070312,26,26,25.5,25.5,142587
MHC,20070309,26.3,26.3,26,26,212220
MHC,20070308,25.3,25.3,25.3,25.3,248440
MHC,20070307,24.3,24.6,24.3,24.6,87061
MHC,20070306,23.6,24.3,23.6,23.7,108027
MHC,20070305,23.9,23.9,23.6,23.6,58077
MHC,20070302,22.9,23.3,22.9,23.1,90814
MHC,20070301,23.5,23.9,23.5,23.6,74493
