<Ticker>,<DTYYYYMMDD>,<Open>,<High>,<Low>,<Close>,<Volume>
NHC,20100728,36.5,36.5,36.5,36.5,2900
NHC,20100727,36.5,37,36.4,36.5,1100
NHC,20100726,37,37,37,37,2000
NHC,20100723,36.6,36.6,36.6,36.6,100
NHC,20100722,37.1,37.8,36.4,37.2,2600
NHC,20100721,36.5,37.5,36.5,37.3,1200
NHC,20100716,37.5,37.5,37.5,37.5,300
NHC,20100715,37.5,37.5,37.5,37.5,3300
NHC,20100714,37,37.5,37,37.1,3500
NHC,20100713,38,38,37.3,37.6,2500
NHC,20100712,37.5,37.5,37.5,37.5,3000
NHC,20100709,37.5,37.5,37.5,37.5,2000
NHC,20100708,37.5,37.5,37.5,37.5,200
NHC,20100707,37,37,37,37,2400
NHC,20100706,37,37,37,37,2600
NHC,20100705,37,37.5,36.3,37,7400
NHC,20100701,36,36.9,36,36.3,28300
NHC,20100630,36.1,36.1,35.2,35.4,5000
NHC,20100628,37.5,37.9,37.5,37.8,900
NHC,20100624,38,38.1,38,38,4000
NHC,20100623,37.6,37.6,36.8,37.2,3300
NHC,20100622,37.5,37.5,37.5,37.5,2000
NHC,20100621,38.6,38.6,38,38.5,6000
NHC,20100618,36.1,36.1,36,36.1,700
NHC,20100617,37,37,37,37,2000
NHC,20100616,35.2,37,35.2,36.2,2200
NHC,20100615,35.4,36.2,35.4,35.9,5600
NHC,20100614,35.8,35.8,35.8,35.8,2000
NHC,20100611,37,37,36.7,36.8,500
NHC,20100609,38,38,36.4,36.7,2400
NHC,20100608,37,37.5,37,37,1600
NHC,20100607,36.2,36.3,36.2,36.2,1200
NHC,20100603,38.9,38.9,38.9,38.9,400
NHC,20100602,38.6,38.6,38.6,38.6,11800
NHC,20100531,39.5,39.5,39.5,39.5,500
NHC,20100528,37.1,39,37,38,10100
NHC,20100527,37,37,36.5,36.8,2100
NHC,20100526,36.3,36.3,36.3,36.3,500
NHC,20100525,36.5,36.5,36,36.3,3600
NHC,20100524,35.3,37,35.3,36.3,4200
NHC,20100521,36.7,36.7,34.7,35.3,9400
NHC,20100520,35.5,38,35.5,37.3,3600
NHC,20100519,39.1,39.1,36.4,36.9,7600
NHC,20100518,39,39,39,39,900
NHC,20100514,40,40,40,40,2000
NHC,20100513,40,40,39.9,40,3500
NHC,20100512,40,40,38.2,38.3,27500
NHC,20100511,41,41.4,40.5,41,7000
NHC,20100510,41.5,42.4,41.5,41.8,13100
NHC,20100507,43,43,41.5,42.4,2900
NHC,20100506,43.4,43.5,43,43.4,4900
NHC,20100505,43.5,43.7,42.5,43.4,28600
NHC,20100504,43.6,43.7,42.9,43.5,39500
NHC,20100429,42,42,40.5,40.9,1300
NHC,20100428,41.7,41.7,41.7,41.7,500
NHC,20100427,42.5,42.5,41,41.7,300
NHC,20100426,41.5,41.5,41.5,41.5,1000
NHC,20100422,42.5,42.5,42.4,42.5,5000
NHC,20100421,41.9,42.9,41.8,42.1,6100
NHC,20100420,41.5,41.5,41,41.2,10200
NHC,20100419,41.9,41.9,41.9,41.9,100
NHC,20100416,41,42,41,41.4,2700
NHC,20100415,40.6,41,40.6,40.7,400
NHC,20100414,41,41,40.6,41,1700
NHC,20100413,41,42,41,41.4,7600
NHC,20100412,42,43.7,42,43.2,900
NHC,20100409,42.4,43,42.4,42.7,7200
NHC,20100408,40,43.6,40,42.4,17000
NHC,20100407,40.6,41,40.6,40.8,2200
NHC,20100406,39.5,41.6,39.5,40.5,5400
NHC,20100405,38.5,39.4,38.5,39,1500
NHC,20100402,39.3,39.3,37.6,38.2,400
NHC,20100401,36.8,36.8,36.8,36.8,100
NHC,20100331,37,38.2,37,37.8,3900
NHC,20100330,39.1,39.3,38.5,39.1,6500
NHC,20100329,39.2,39.2,39.2,39.2,2400
NHC,20100326,38.5,38.5,38.5,38.5,100
NHC,20100325,41,41,38.3,39.5,900
NHC,20100324,39.1,41.3,39,39.4,600
NHC,20100323,38.8,38.9,38.8,38.8,1500
NHC,20100322,39.5,39.5,38.3,38.8,1300
NHC,20100319,39,40.5,39,39.9,6800
NHC,20100318,40.1,41.7,40.1,40.6,300
NHC,20100317,40.5,41,40.5,40.9,2900
NHC,20100316,41,42,41,41,6300
NHC,20100315,42.5,42.5,42,42.1,28000
NHC,20100312,41.5,41.6,41.5,41.6,5900
NHC,20100311,42.1,42.1,41.5,41.7,13800
NHC,20100310,42,43,42,42.1,1500
NHC,20100309,41.5,42,41.5,41.7,6900
NHC,20100308,41,42.9,40,42,12900
NHC,20100305,42.8,45,42.8,42.9,14100
NHC,20100304,43.7,43.7,42.3,42.8,29300
NHC,20100303,45.5,45.5,42.5,42.7,18200
NHC,20100302,45,45.5,43.5,43.9,11300
NHC,20100301,44,44.6,43.5,44.5,78900
NHC,20100226,41.5,41.7,40,41.5,4300
NHC,20100225,43.1,43.1,41.2,41.5,2300
NHC,20100224,40.5,41.6,40.5,41.2,11300
NHC,20100223,41.5,41.9,40.8,41.8,74000
NHC,20100222,38.5,39,38.5,39,16600
NHC,20100212,36.3,36.3,36.3,36.3,500
NHC,20100211,36.5,36.5,36,36.1,2500
NHC,20100210,35.5,36,35.5,35.8,3500
NHC,20100209,34.9,35.7,34.9,35.1,6000
NHC,20100208,35.4,35.5,35.4,35.5,3800
NHC,20100205,35,36,35,35.5,6300
NHC,20100204,36.5,37,35.5,36.3,6900
NHC,20100203,34.7,35,34.7,34.8,4100
NHC,20100202,35.3,36.5,35.3,36,14100
NHC,20100201,33.5,35.5,33.5,35.3,12400
NHC,20100129,33,33,32.5,33,2200
NHC,20100128,32.7,32.9,32.7,32.8,2500
NHC,20100127,34.7,34.7,32.5,32.9,1100
NHC,20100126,34.1,35,34,34.1,1900
NHC,20100125,33.5,33.5,33.5,33.5,2000
NHC,20100122,32.3,34.4,32.3,33.4,300
NHC,20100121,32.6,33,32,32.3,6500
NHC,20100120,35.5,35.5,34.2,34.6,3500
NHC,20100119,34,34.3,34,34.1,1200
NHC,20100118,34.5,34.5,33.5,33.8,2400
NHC,20100115,37.5,37.5,35.5,36.2,300
NHC,20100114,36.5,36.5,36.5,36.5,300
NHC,20100113,34.5,35.4,34.4,34.8,3900
NHC,20100112,35.3,35.3,32.5,33.6,7800
NHC,20100111,34.5,36,34.2,34.5,12600
NHC,20100108,36.5,38.3,34.8,36.2,6300
NHC,20100107,36.5,37.3,35.5,36.5,4000
NHC,20100106,38,38.5,36.6,37.4,4600
NHC,20100105,39,39.3,39,39,11100
NHC,20100104,34.7,37,34.7,36.6,12300
NHC,20091231,33.3,35.5,33.3,34.4,5200
NHC,20091230,33.2,35.2,33.2,33.3,7700
NHC,20091229,34.5,36,34.1,34.5,7400
NHC,20091228,36.9,36.9,36.8,36.9,1200
NHC,20091225,33.2,35.5,33.2,35,10400
NHC,20091224,32.7,33.3,32.7,33.1,6100
NHC,20091223,33,33.3,32.5,33,1800
NHC,20091221,32.1,33.4,32.1,32.8,7700
NHC,20091218,31.1,31.3,31,31.1,6500
NHC,20091217,29.5,29.5,28.8,29.3,12400
NHC,20091216,33,33,29.9,30.6,1300
NHC,20091215,34,34,31.5,32.2,4300
NHC,20091214,32.5,32.6,32.4,32.5,2200
NHC,20091211,32.6,32.6,30,30.5,21200
NHC,20091210,34.5,34.5,31.5,32.5,1700
NHC,20091209,34,34,32,32.3,8400
NHC,20091208,35.6,35.6,34,34.2,900
NHC,20091207,35.9,35.9,35.6,35.8,600
NHC,20091204,36.4,36.4,34.7,35.5,1200
NHC,20091203,36.3,36.5,36.3,36.5,2000
NHC,20091202,38.4,38.4,35.5,36.2,4500
NHC,20091201,35.8,37.9,35.8,36.2,9100
NHC,20091130,35.5,35.9,35.5,35.7,4300
NHC,20091127,31.4,36.1,31.1,33.4,9200
NHC,20091126,34.3,34.3,33.5,33.6,17300
NHC,20091125,37,37,35.9,36.2,12500
NHC,20091124,40.7,40.7,38.3,38.8,3300
NHC,20091123,40.5,40.5,39.5,39.8,13200
NHC,20091120,41.5,41.5,40.7,41.4,5500
NHC,20091119,41.4,41.5,41,41.4,8800
NHC,20091118,39.6,40.9,39.5,40.2,8200
NHC,20091117,41,41,39.2,40.4,2800
NHC,20091116,41.4,42.3,39.2,40.7,4100
NHC,20091113,38.5,40.4,38.5,39.9,7000
NHC,20091112,40.4,40.4,39.5,40.1,3700
NHC,20091111,38.5,39,38.4,38.6,10200
NHC,20091110,40,40,37,38.2,10000
NHC,20091109,41.5,41.5,39.5,39.9,10300
NHC,20091106,45.6,45.6,40,42.7,17600
NHC,20091105,42.4,42.4,42.3,42.4,20900
NHC,20091104,38.5,40.3,38.5,39.4,14800
NHC,20091103,42.5,42.5,39.1,39.3,23100
NHC,20091102,42.4,42.4,42.2,42.3,30200
NHC,20091030,45.5,45.6,45.2,45.6,10800
NHC,20091029,42.4,42.7,42.4,42.4,23900
NHC,20091028,46,47.2,45.7,45.8,49200
NHC,20091027,51.1,51.1,49.1,49.3,27700
NHC,20091026,55.5,55.5,52.6,53,32400
NHC,20091023,57.2,57.2,50.6,56.8,59500
NHC,20091022,52.5,53.5,52,53.3,59000
NHC,20091021,48.5,51.9,48.3,49.8,103100
NHC,20091020,49.8,49.8,46,48.3,75200
NHC,20091019,48.1,51.8,44.6,46.4,27900
NHC,20091016,48.2,48.2,48.1,48.2,167900
NHC,20091015,44.9,44.9,44.9,44.9,9700
NHC,20091014,41.8,41.8,41.8,41.8,37200
NHC,20091013,39.8,39.8,37,38.9,102000
NHC,20091012,37,37,37,37,30800
NHC,20091009,31,35,30.5,34.4,31700
NHC,20091008,32.5,32.7,32.5,32.6,10000
NHC,20091007,32.5,32.5,32.5,32.5,2200
NHC,20091006,30.9,30.9,30.5,30.6,7300
NHC,20091005,28.4,32.1,28.4,30.7,13200
NHC,20091002,31.5,31.5,30.5,30.7,17900
NHC,20091001,33,33,32.3,32.6,6000
NHC,20090930,33.5,33.5,33.3,33.5,8000
NHC,20090929,34.5,34.5,33.1,33.3,5100
NHC,20090928,33.2,33.3,32.6,33.1,10600
NHC,20090925,33.1,34.9,33,33.4,2900
NHC,20090924,34.1,34.1,33.3,33.5,9800
NHC,20090923,34.5,35.5,34.5,34.8,11000
NHC,20090922,36,36,34,34.6,7600
NHC,20090921,34.1,36.7,34.1,35.8,31000
NHC,20090918,32.8,34.5,32.7,34.1,28200
NHC,20090917,33.3,33.9,33,33.6,3600
NHC,20090916,33,34.5,32.9,33.8,15000
NHC,20090915,32.5,34.3,32,32.6,11000
NHC,20090914,32.5,33.5,32.5,32.8,9200
NHC,20090911,32.5,34.3,31,32.8,23900
NHC,20090910,31.8,32.5,31.8,31.9,1300
NHC,20090909,32.8,32.8,32.2,32.4,11900
NHC,20090908,32.6,32.6,32.5,32.5,7400
NHC,20090907,31.9,32.5,31.9,32.3,2500
NHC,20090904,33.5,33.5,32.5,33,1000
NHC,20090903,33.5,34,33.2,33.4,3700
NHC,20090901,34.5,35,32.8,34.3,7100
NHC,20090831,32.2,33.3,32,32.5,11400
NHC,20090828,32.5,33,32,32.6,21200
NHC,20090827,32.3,32.5,31.5,32,7400
NHC,20090826,33,33.2,32.5,32.9,2700
NHC,20090825,33.1,33.1,33,33,500
NHC,20090824,33.5,33.5,33,33.1,2500
NHC,20090821,33.5,33.6,33,33.5,22900
NHC,20090820,33.5,33.5,32.5,32.9,17000
NHC,20090819,34.1,34.2,33.5,33.9,17500
NHC,20090818,34.5,34.5,33.5,33.7,4000
NHC,20090817,32.6,34.7,32.6,33.9,37700
NHC,20090814,34.7,34.7,33.1,33.8,11600
NHC,20090813,35.2,35.2,33.8,34.2,31300
NHC,20090812,32.7,33.8,32.7,33.3,23300
NHC,20090811,32.2,33.2,31.5,32.4,31300
NHC,20090810,31.7,32.7,31.2,31.7,22400
NHC,20090807,30.7,31,30.7,30.8,10400
NHC,20090806,31.6,31.6,30,30.5,4000
NHC,20090805,32.7,32.7,30.7,31,4100
NHC,20090804,30.7,30.8,30.7,30.7,32000
NHC,20090803,28.5,28.7,28.5,28.5,5700
NHC,20090731,28.8,29.7,28.8,29,14200
NHC,20090730,28.2,29.2,27.3,28.2,13600
NHC,20090729,29.7,29.7,29.7,29.7,100
NHC,20090728,31.1,31.2,29.3,30.3,4600
NHC,20090727,32.7,32.7,31.7,31.8,1400
NHC,20090724,31.8,31.8,31.7,31.8,8200
NHC,20090723,29.1,30.2,29.1,29.4,4300
NHC,20090722,28.7,28.7,28.7,28.7,100
NHC,20090721,26.7,27.7,26.7,26.8,4600
NHC,20090720,26.7,26.9,26.7,26.7,5000
NHC,20090717,27.7,28.2,27.7,28,5200
NHC,20090716,28.7,28.7,28.7,28.7,100
NHC,20090715,27.4,27.7,27.3,27.5,2700
NHC,20090714,27.5,28.6,26.7,27.6,3500
NHC,20090713,27.8,27.8,27.3,27.5,4400
NHC,20090710,29.4,29.7,29.4,29.6,1200
NHC,20090709,29.7,29.9,29.7,29.7,1200
NHC,20090708,29.2,30.6,29.2,29.9,800
NHC,20090707,31.7,31.7,30.5,31,4400
NHC,20090706,30,31.7,29.7,30.7,5800
NHC,20090703,29.8,30.2,29.7,30,2100
NHC,20090702,29.7,30.7,29.7,29.8,1200
NHC,20090701,29.7,29.7,29.7,29.7,1400
NHC,20090630,29.7,29.7,29.6,29.6,6500
NHC,20090629,32.2,32.2,32.2,32.2,100
NHC,20090626,31.7,32.7,31.7,32,1300
NHC,20090625,30.7,32.7,30.7,30.8,16500
NHC,20090624,28.7,31,28.7,30.8,6100
NHC,20090623,28.8,28.9,28.6,28.7,8900
NHC,20090622,31,31.1,31,31.1,35400
NHC,20090619,36.2,36.2,32.7,33.7,3400
NHC,20090618,35.3,35.4,33.7,35,7900
NHC,20090617,33.1,33.1,30.7,32.8,62200
NHC,20090608,33.9,33.9,33.8,33.9,34370
NHC,20090605,32.1,32.1,32.1,32.1,37070
NHC,20090604,30.4,30.4,30.4,30.4,25370
NHC,20090603,27.3,28.7,27.3,28.1,13790
NHC,20090602,30.7,30.7,28,30.1,13290
NHC,20090601,27.8,29.2,27.8,28.2,14450
NHC,20090529,30.5,30.5,27.6,29.4,14160
NHC,20090528,30.6,30.6,29.1,29.7,19900
NHC,20090527,29.1,29.1,28.7,29.1,30120
NHC,20090526,27.5,27.5,26,27.4,33880
NHC,20090525,25.7,26,25.6,25.9,17930
NHC,20090522,24.6,24.6,24.5,24.6,8060
NHC,20090521,25.7,25.7,24.5,24.9,16540
NHC,20090520,26.8,26.8,25.7,26.2,15890
NHC,20090519,26,26,25.2,25.9,32500
NHC,20090518,25.5,25.5,23.7,24.5,21240
NHC,20090515,24.6,24.6,23.7,24.6,27190
NHC,20090514,23.7,23.7,23.1,23.2,5790
NHC,20090513,23.7,23.7,23.2,23.5,10130
NHC,20090512,22.9,23.7,22.9,23.3,8800
NHC,20090511,24.7,24.7,23.9,24.5,3600
NHC,20090508,25.1,25.1,24.2,24.6,14160
NHC,20090507,25.2,25.2,24.7,24.9,17450
NHC,20090506,24.5,24.8,24,24.4,10330
NHC,20090505,25.5,25.5,25.5,25.5,15390
NHC,20090504,24.1,24.1,24.1,24.1,16960
NHC,20090429,22.3,23.3,22.2,22.7,12200
NHC,20090428,22.3,23.7,22.3,22.9,2450
NHC,20090427,21.2,23.6,21.2,21.6,940
NHC,20090424,22.8,22.8,22.2,22.5,2110
NHC,20090423,23.6,23.6,22.2,22.4,3940
NHC,20090422,22.7,23.2,22.7,22.9,10430
NHC,20090421,23.1,23.1,23.1,23.1,230
NHC,20090420,24.5,24.6,24.5,24.5,3920
NHC,20090417,24.5,26,24.5,25.2,4490
NHC,20090416,25.9,26,24.7,25.9,16400
NHC,20090415,24.6,25.8,24.5,24.7,11560
NHC,20090414,27.2,27.2,24.7,26.6,15520
NHC,20090413,25.8,25.8,25.7,25.8,6130
NHC,20090410,24.3,24.4,23.7,24.3,17840
NHC,20090409,23,23.2,22.6,22.8,12580
NHC,20090408,23.7,24.1,22.4,23.6,13040
NHC,20090407,23.7,23.8,23.6,23.7,25150
NHC,20090403,22.5,22.5,21.7,22.5,18470
NHC,20090402,20.5,21.2,20,20.5,20460
NHC,20090401,20.1,20.6,19.7,20.2,10070
NHC,20090331,19.9,19.9,19.2,19.7,3170
NHC,20090330,19.6,20,19.2,19.3,4840
NHC,20090327,20.4,20.5,20,20.3,12360
NHC,20090326,19.3,20.5,19.3,19.5,14230
NHC,20090325,20.7,21,20.1,20.5,10730
NHC,20090324,20.4,21.2,20.4,20.9,3240
NHC,20090323,19.7,20.4,19.7,19.7,4540
NHC,20090320,19.8,20.5,19.8,19.9,1880
NHC,20090319,20.5,21.7,20.4,20.7,11330
NHC,20090318,21.7,21.7,21.2,21.5,4110
NHC,20090317,20,20.9,20,20.5,13850
NHC,20090316,19.8,19.9,19.7,19.7,3980
NHC,20090313,19.7,19.8,19.7,19.7,6430
NHC,20090312,20.1,20.1,19.1,19.4,10150
NHC,20090311,21.1,21.1,20.1,20.7,7960
NHC,20090310,19.7,20.1,18.9,19.9,8110
NHC,20090309,19.7,19.7,19.5,19.6,2110
NHC,20090306,20.1,20.1,18.9,19.5,6640
NHC,20090305,20.1,20.1,19.6,20,530
NHC,20090304,18.6,19.2,18.6,18.9,2560
NHC,20090303,19,19,18.3,18.3,2600
NHC,20090302,19.5,19.5,18.7,19.1,3840
NHC,20090227,18.5,19.7,18.5,19.2,3420
NHC,20090226,20.7,20.7,19.5,19.8,1110
NHC,20090225,21,21,19.7,20.8,4470
NHC,20090224,20.1,20.2,19.8,19.9,8320
NHC,20090223,22.2,22.2,21.2,21.5,6580
NHC,20090220,22.7,22.7,21.3,22.5,3630
NHC,20090219,22.2,23,22.2,22.5,7420
NHC,20090218,23.2,23.2,21.3,22.7,23390
NHC,20090217,21.7,21.7,21.7,21.7,6240
NHC,20090216,20.7,20.7,19.4,20.2,2680
NHC,20090213,20.9,20.9,19.7,20.1,1630
NHC,20090212,21.1,21.1,20.3,20.4,2300
NHC,20090211,20.4,20.4,20.3,20.4,2190
NHC,20090210,20.1,21.2,20.1,20.4,2430
NHC,20090209,20.7,21.6,20.2,21.2,930
NHC,20090206,19.7,20.7,19.7,20.1,3100
NHC,20090205,21.2,21.2,20.2,20.9,4840
NHC,20090204,21.2,21.2,19.2,19.5,13490
NHC,20090203,21.7,21.7,20.2,20.6,2980
NHC,20090202,22.2,22.2,20.1,21.4,3870
NHC,20090123,21.4,21.5,20.3,21.4,5610
NHC,20090122,19.8,21.7,19.8,20.6,3220
NHC,20090121,19.9,20.7,19.9,19.9,1510
NHC,20090120,20.2,20.2,19.9,20.2,2240
NHC,20090119,20.5,20.5,19.7,20.1,6150
NHC,20090116,20.7,20.7,19.9,20.1,3920
NHC,20090115,20.7,20.7,20.2,20.3,1250
NHC,20090114,20.7,20.9,20.2,20.6,3130
NHC,20090113,20.4,20.7,20.2,20.4,3870
NHC,20090112,20.6,21.2,20.6,14.6,1260
NHC,20090109,21.1,21.1,21.1,21.1,620
NHC,20090108,19.9,21.2,19.9,20.4,2300
NHC,20090107,21.2,21.8,20.7,21.3,2950
NHC,20090106,21.2,21.3,20.7,21.1,4660
NHC,20090105,21.4,21.4,21.2,21.2,1900
NHC,20090102,20.9,20.9,20.2,20.4,800
NHC,20081231,20.4,20.6,20.2,20.4,7350
NHC,20081230,20.1,21.2,20.1,20.7,7940
NHC,20081229,21.6,21.6,19.7,19.9,410
NHC,20081226,19.7,20.7,19.7,20.7,6180
NHC,20081225,21.7,22.2,20.7,20.9,6350
NHC,20081224,21.7,21.7,21.7,21.7,4600
NHC,20081223,20.5,21.9,20.5,21.5,9810
NHC,20081222,21.9,21.9,21.7,21.9,16530
NHC,20081219,19.2,20.5,19.2,19.9,10530
NHC,20081218,19.2,19.2,18.7,18.9,7690
NHC,20081217,21.8,21.8,19.2,19.3,13500
NHC,20081216,22.7,22.7,20.6,20.6,1980
NHC,20081215,23.2,23.2,22.1,22.2,3610
NHC,20081212,21.9,22.1,21.9,22,12130
NHC,20081211,19.7,21.3,19.7,21,5280
NHC,20081210,21.3,21.3,20.3,20.6,5260
NHC,20081209,21.1,21.2,19.2,19.9,4000
NHC,20081208,20.6,20.8,20.6,20.7,1480
NHC,20081205,22.1,22.2,22.1,22.1,8670
NHC,20081204,23.7,25.2,23.6,23.7,9740
NHC,20081203,24.4,25.7,24.1,24.4,9120
NHC,20081202,25.6,28.7,25.6,25.7,6430
NHC,20081201,27.3,29.1,27.2,27.9,10250
NHC,20081128,29,32.6,29,30.1,9600
NHC,20081127,30.7,31.2,30.7,30.9,3670
NHC,20081126,32.7,32.7,31.8,32.1,10600
NHC,20081125,32.4,33.7,32.4,32.7,5740
NHC,20081124,34.5,34.5,32.6,34.3,3390
NHC,20081121,34.6,34.6,32.7,34,2350
NHC,20081120,34.6,34.7,34.2,34.4,5890
NHC,20081119,34.6,35,33.7,34.5,11800
NHC,20081118,33.7,33.7,32.2,33.6,1400
NHC,20081117,33.7,34.7,33.7,34.1,1820
NHC,20081114,34.4,35.3,34.4,34.8,2170
NHC,20081114,34.4,35.3,34.4,34.8,2170
NHC,20081113,33.9,33.9,32.7,33.5,6250
NHC,20081112,31.9,33.7,31.7,32.7,9120
NHC,20081111,33.7,34.5,32.6,32.9,7820
NHC,20081110,34.5,35.7,34.5,34.5,2430
NHC,20081107,34.5,34.7,34.5,34.5,11110
NHC,20081106,36.7,36.7,33.7,35.1,19320
NHC,20081105,35.8,35.8,34.2,35.5,23470
NHC,20081104,33.7,33.7,30.8,32.4,10280
NHC,20081103,31.7,31.7,31.2,31.6,5200
NHC,20081031,32.9,34.5,32.9,34.2,5630
NHC,20081030,32.9,34.7,32.6,33.1,9030
NHC,20081029,34.7,34.7,33.2,34.4,12660
NHC,20081028,32.7,33.5,29.7,30.1,11270
NHC,20081027,31.6,31.6,31.6,31.6,7180
NHC,20081024,33.7,35.9,33.7,34.3,28810
NHC,20081023,35.9,35.9,35.9,35.9,13260
NHC,20081022,38.2,38.2,34.7,38,32950
NHC,20081021,36,36,36,36,10760
NHC,20081020,33.9,33.9,33.9,33.9,29470
NHC,20081017,31.9,31.9,31.3,31.7,26440
NHC,20081016,30.2,30.3,28.4,29.4,21030
NHC,20081015,30.3,30.3,26.7,30,31370
NHC,20081014,28.5,28.5,28.5,28.5,2110
NHC,20081013,26.5,28,25.7,26.6,13030
NHC,20081010,26.5,29,26.5,26.5,14160
NHC,20081009,28.3,32,28.3,30.3,5150
NHC,20081008,30.1,32.2,30.1,30.2,22310
NHC,20081007,32.2,32.7,32.2,32.2,23870
NHC,20081006,34.4,34.4,34.4,34.4,15470
NHC,20081003,31.4,32.3,29.4,30.9,2280
NHC,20081002,28.7,31.4,28.7,30.7,7580
NHC,20081001,31.1,31.3,29.4,30.9,8380
NHC,20080930,31.1,31.1,31.1,31.1,1710
NHC,20080929,35.6,35.6,33.3,34.4,18450
NHC,20080926,36.5,36.5,32.5,35.9,10140
NHC,20080925,32.7,34.4,32.7,33.4,13150
NHC,20080924,32.5,32.5,30.9,32.4,11740
NHC,20080923,29.6,31.7,29.6,29.9,17680
NHC,20080922,31.7,31.7,31.7,31.7,28320
NHC,20080919,29.7,29.7,27.8,29.6,29070
NHC,20080918,27.8,27.8,27.8,27.8,1450
NHC,20080917,29.8,29.8,29.8,29.8,1380
NHC,20080916,31.9,33.2,31.9,32.4,6130
NHC,20080915,31.9,36,31.9,33,21980
NHC,20080912,34.2,34.2,34.2,34.2,5390
NHC,20080911,36.5,36.5,36.5,36.5,9870
NHC,20080910,39.8,39.8,36,38.6,8010
NHC,20080909,39.8,40.3,37.9,39.5,8720
NHC,20080908,37.5,37.9,37.5,37.5,25760
NHC,20080905,39.8,42.2,39.8,39.9,28020
NHC,20080904,44.5,44.5,40.8,43.6,21630
NHC,20080903,43.1,43.1,43.1,43.1,11230
NHC,20080829,39.8,40.8,39.8,39.9,38500
NHC,20080828,42.2,42.2,42.2,42.2,30860
NHC,20080827,49.7,49.7,44.5,47.5,76680
NHC,20080826,50.2,53,47.4,49.5,41740
NHC,20080825,50.2,50.2,49.2,50.2,46870
NHC,20080822,53,53,47.4,51.3,45130
NHC,20080821,50.2,50.2,49.7,50.2,48220
NHC,20080820,45,47.4,45,46.3,46930
NHC,20080819,45,45,45,45,16690
NHC,20080818,42.6,42.6,42.6,42.6,1050
NHC,20080815,40.3,40.3,40.3,40.3,3820
NHC,20080814,38.9,38.9,38.9,38.9,20090
NHC,20080813,37.5,37.5,36,37.3,26210
NHC,20080812,36,36,36,36,16640
NHC,20080811,35.1,35.1,35.1,35.1,2820
NHC,20080808,33.8,33.8,33.7,33.8,23280
NHC,20080807,32.5,31.3,31.3,31.5,13020
NHC,20080806,31.3,31.3,31.3,31.3,13020
NHC,20080805,30.1,30.1,27.8,29.3,51820
NHC,20080804,29,29,29,29,8650
NHC,20080801,27.8,27.8,27.8,27.8,2240
NHC,20080731,26.7,26.7,26.7,26.7,5710
NHC,20080730,25.7,25.7,25.7,25.7,1100
NHC,20080729,24.6,24.6,24.6,24.6,150
NHC,20080728,23.6,23.6,23.6,23.6,430
NHC,20080725,22.6,22.6,22.6,22.6,2110
NHC,20080724,20,21.7,20,20.9,23380
NHC,20080723,20.8,20.8,20.8,20.8,730
NHC,20080722,21.7,21.7,21.7,21.7,20
NHC,20080721,22.3,22.8,21.9,22.5,20200
NHC,20080718,21.6,23.5,21.6,22.5,27130
NHC,20080717,22.5,22.5,22.4,22.5,10680
NHC,20080716,20.7,21.6,19.7,21,12320
NHC,20080715,20.7,20.7,20.7,20.7,10680
NHC,20080714,19.8,19.8,19.8,19.8,1500
NHC,20080711,18.6,19,18.5,18.8,21130
NHC,20080710,17.1,18.1,17.1,17.6,13500
NHC,20080709,18.2,18.2,17.6,17.9,10200
NHC,20080708,16.8,17.6,16.8,16.8,7880
NHC,20080707,19.2,19.2,17.6,18,12210
NHC,20080704,18.5,18.5,18.5,17.6,4000
NHC,20080703,17.6,17.6,17.6,17.6,4410
NHC,20080702,16.9,16.9,16.2,16.8,10330
NHC,20080701,16,16.1,15.9,16,9230
NHC,20080630,14.2,15.5,14.2,14.9,5860
NHC,20080627,13.3,14.8,13.3,14.3,14550
NHC,20080626,14.1,14.1,14.1,14.1,7910
NHC,20080625,13.4,13.4,13.4,13.4,3700
NHC,20080624,12.7,12.7,12.7,12.7,50
NHC,20080623,12.1,12.1,12.1,12.1,2170
NHC,20080620,11.4,11.4,11.4,11.4,10590
NHC,20080619,12.1,12.1,12.1,12.1,8210
NHC,20080618,13.7,13.7,12.7,13.3,14080
NHC,20080617,13.2,13.2,13.2,13.2,500
NHC,20080616,12.7,12.7,12.7,12.7,1110
NHC,20080613,12.4,12.4,12.4,12.4,6970
NHC,20080612,12,12,12,12,4210
NHC,20080611,11.2,11.6,11.2,11.4,5200
NHC,20080610,10.5,11.2,10.5,10.7,14120
NHC,20080609,10.9,10.9,10.9,10.9,500
NHC,20080606,11.2,11.2,11.2,11.2,2000
NHC,20080605,11.6,11.6,11.6,11.6,550
NHC,20080604,12.4,12.4,12,12.1,310
NHC,20080603,12.4,12.4,12.4,12.4,150
NHC,20080602,12.8,12.8,12.8,12.8,1910
NHC,20080530,13.3,14.2,13.3,13.3,8170
NHC,20080526,13.8,13.8,13.8,13.8,110
NHC,20080522,15.2,15.2,14.7,15.1,380
NHC,20080521,14.7,15.2,14.7,15.2,1590
NHC,20080520,14.7,14.7,14.7,14.7,1330
NHC,20080519,15.2,15.2,15.2,15.2,1810
NHC,20080516,15.2,16.1,15.2,15.4,12570
NHC,20080515,15.7,15.7,15.7,15.7,10
NHC,20080514,16.1,16.1,16.1,16.1,10
NHC,20080513,16.6,16.6,16.6,16.6,10
NHC,20080512,17.2,17.2,17.2,17.2,20
NHC,20080509,17.7,17.7,17.7,17.7,1030
NHC,20080508,18.3,18.3,18.3,18.3,870
NHC,20080507,18.9,18.9,18.9,18.9,1000
NHC,20080506,19.8,19.8,19.2,19.4,3180
NHC,20080505,19.5,19.8,19,19.6,11660
NHC,20080429,19.7,19.7,18.7,19.6,14660
NHC,20080428,19.2,19.2,19.2,19.2,5470
NHC,20080425,18.6,18.6,18.6,18.6,13380
NHC,20080424,18,18.1,18,18,6930
NHC,20080423,19.7,19.7,18.6,19.4,15650
NHC,20080422,19.2,19.2,19.1,19.2,14860
NHC,20080421,18.6,18.6,18.6,18.6,4030
NHC,20080418,18,18,17.5,17.9,15930
NHC,20080417,17.5,17.5,17.5,17.5,5130
NHC,20080416,16.1,17,16.1,16.3,6000
NHC,20080411,16.5,16.5,16.5,16.5,7010
NHC,20080410,17,17,17,17,4530
NHC,20080409,16.6,17.6,16.6,16.9,13850
NHC,20080408,17.2,17.2,16.7,17.2,13170
NHC,20080407,16.7,16.7,16.7,16.7,3640
NHC,20080404,16.2,16.2,16.2,16.2,10
NHC,20080403,16,16,16,16,10
NHC,20080402,15.9,15.9,15.9,15.9,20
NHC,20080401,15.7,15.7,15.7,15.7,30
NHC,20080331,15.5,15.5,15.5,15.5,10
NHC,20080328,15.1,15.3,15.1,15.2,40
NHC,20080327,15.1,15.1,15.1,15.1,10
NHC,20080326,13.4,14.9,13.4,13.9,6570
NHC,20080325,13.7,14.1,13.7,13.7,12510
NHC,20080324,14.9,15.8,14.9,15,10370
NHC,20080321,17.2,17.6,15.8,16.6,13750
NHC,20080320,19.8,19.9,17.2,18.7,5900
NHC,20080319,19.5,19.8,17,18.3,13410
NHC,20080318,18.3,19.2,18.3,18.4,17110
NHC,20080317,20.5,20.5,19.8,19.9,3780
NHC,20080314,22.8,22.8,21.4,21.6,7970
NHC,20080313,23.9,23.9,22.8,23.1,2420
NHC,20080312,21.3,22.8,21.3,22.2,5130
NHC,20080311,23.1,23.1,21.9,22.9,9260
NHC,20080310,23.1,23.1,23.1,23.1,4460
NHC,20080307,21.5,21.5,21.5,21.5,510
NHC,20080306,20,20,20,20,2920
NHC,20080305,18.6,18.6,18.6,18.6,7660
NHC,20080304,20.1,20.1,20.1,20.1,920
NHC,20080303,21.9,24.7,21.7,21.8,6430
NHC,20080229,25.7,25.7,23.4,23.6,8010
NHC,20080228,25,25.2,24.7,25,11370
NHC,20080227,27.1,28,25.2,26.7,4540
NHC,20080226,27.5,27.5,26.5,27.2,7390
NHC,20080225,28,28.5,28,28.4,7020
NHC,20080222,23.3,26.6,23.3,24.5,6070
NHC,20080221,25.1,25.1,25.1,25.1,4740
NHC,20080220,29.4,30,28,28.6,11390
NHC,20080219,27.3,30,27.3,27.4,10020
NHC,20080218,29.2,29.6,29.2,29.2,9160
NHC,20080215,33.2,33.2,30.6,31.1,4140
NHC,20080214,32.1,32.1,31.8,32.1,5320
NHC,20080213,32.3,32.3,30.1,31.6,7320
NHC,20080212,33.1,33.2,32.3,32.9,4700
NHC,20080201,30.4,32.7,30.4,31.8,18920
NHC,20080131,30.9,30.9,29.4,30.7,8300
NHC,20080130,30.9,30.9,30.9,30.9,7470
NHC,20080129,27.1,29,27,28.4,16590
NHC,20080128,27.1,27.1,25.2,26.6,9460
NHC,20080125,25.8,27.1,25.8,26.4,10580
NHC,20080124,25.7,27.1,25.7,26,12980
NHC,20080123,26.6,26.6,25.6,25.8,15320
NHC,20080122,27.5,27.5,27.5,27.5,17570
NHC,20080121,27.5,29.4,27.5,0,2890
NHC,20080118,26.6,28.1,26.6,0,11860
NHC,20080117,29.9,29.9,26.3,0,25470
NHC,20080116,28.2,28.2,28,0,7440
NHC,20080115,26.6,26.6,26.4,0,13830
NHC,20080114,29.4,29.4,28.3,0,6060
NHC,20080111,28.8,30.4,28.5,0,23460
NHC,20080110,28.9,29,28.8,0,196510
NHC,20080109,32.3,32.3,30.9,0,8970
NHC,20080108,34.2,34.2,32.3,0,21300
NHC,20080107,33.8,33.9,32.3,0,11360
NHC,20080104,32.7,34,32.7,0,9600
NHC,20080103,34.2,34.2,33.6,0,11030
NHC,20080102,37,37,35.6,0,9000
NHC,20071228,37,37.5,37,0,5080
NHC,20071227,37.9,37.9,37,0,6980
NHC,20071226,37.9,37.9,37,0,16150
NHC,20071225,37.5,39.3,37.5,0,9460
NHC,20071224,39.8,39.8,38.4,0,11570
NHC,20071221,38.4,38.4,37,0,10340
NHC,20071220,40.3,40.3,36,0,48810
NHC,20071219,37.9,37.9,37.9,0,12810
NHC,20071218,35.9,36,35.9,0,31370
NHC,20071217,39.8,40.3,38.4,0,18550
NHC,20071214,41.2,42.2,40.3,0,14340
NHC,20071213,45.5,45.5,42.6,0,20380
NHC,20071212,44.1,45.5,42.6,0,64050
NHC,20071211,44.1,44.1,40.8,0,102510
NHC,20071210,41.7,41.7,41.7,0,38900
NHC,20071207,39.3,39.3,39.3,0,12590
NHC,20071206,37.5,39.3,37,0,22140
NHC,20071205,37.9,39.3,37.9,0,33260
NHC,20071204,41.7,41.7,39.8,0,43390
NHC,20071203,39.3,39.3,38.9,0,55260
NHC,20071130,37,37,35.1,0,93090
NHC,20071129,34.7,34.7,34.7,0,28520
NHC,20071128,32.5,32.5,31.3,0,16280
NHC,20071127,32.5,33.2,30.5,0,25510
NHC,20071126,31.3,32.5,31.3,0,28570
NHC,20071123,29.4,30.4,29.4,0,1080
NHC,20071122,29.4,29.4,29.4,0,910
NHC,20071121,29.4,29.4,29.4,0,6020
NHC,20071120,31.3,31.3,30.4,0,8650
NHC,20071119,31.3,31.3,31.2,0,6210
NHC,20071116,29.4,29.4,29.4,0,1000
NHC,20071115,31.3,31.3,30.4,0,9310
NHC,20071114,28.5,32.2,28.5,0,11340
NHC,20071113,30.9,31.3,30.3,0,12550
NHC,20071112,32.5,32.5,30.9,0,4660
NHC,20071109,34.6,34.6,32.5,0,8350
NHC,20071108,35.1,35.1,34.6,0,13200
NHC,20071107,35.1,35.1,34.2,0,10820
NHC,20071106,35.1,35.1,32.8,0,12730
NHC,20071105,37,37,35.1,0,9380
NHC,20071102,37.5,37.5,36.5,0,48190
NHC,20071101,35.6,35.6,34.2,0,44770
NHC,20071031,33.7,33.7,32.3,0,3490
NHC,20071030,34.2,34.2,33.4,0,17210
NHC,20071029,32.7,33.7,32.7,0,3550
NHC,20071026,34.2,34.2,32.3,0,15710
NHC,20071025,34.2,34.2,32.5,0,16790
NHC,20071024,31.8,34.1,31.8,0,7850
NHC,20071023,33.2,33.3,33.2,0,6620
NHC,20071022,32.5,34.5,32.5,0,12420
NHC,20071019,31.1,34.6,31.1,0,26270
NHC,20071018,35.1,35.5,33.3,0,40490
NHC,20071017,33.7,35.6,33.7,0,9540
NHC,20071016,34.2,34.2,34,0,7470
NHC,20071015,33.2,34.2,33.2,0,8110
NHC,20071012,33.2,34.2,33.2,0,7130
NHC,20071011,35.1,36,35.1,0,15630
NHC,20071010,35.4,35.5,35.1,0,24390
NHC,20071009,34.1,34.1,34,0,14850
NHC,20071008,31.9,34.2,31.9,0,11820
NHC,20071005,34.2,35.1,34.2,0,12770
NHC,20071004,37,37,35.1,0,29200
NHC,20071003,34.7,34.7,33.2,0,29270
NHC,20071002,32.5,32.5,31.3,0,38570
NHC,20071001,30.5,30.5,30.3,0,23860
NHC,20070928,28.6,28.6,28.5,0,22080
NHC,20070927,28.6,28.8,28.6,0,6920
NHC,20070926,31.2,31.3,29.9,0,5250
NHC,20070925,30.4,30.4,29.9,0,5320
NHC,20070924,28.3,29,28.3,0,5080
NHC,20070921,28.5,29,28.5,0,2800
NHC,20070920,29.4,29.6,28.5,0,7250
NHC,20070919,28.2,29,28.2,0,1700
NHC,20070918,29,29,29,0,500
NHC,20070917,28,28.5,28,0,2360
NHC,20070914,28.5,29,28.4,0,5280
NHC,20070913,30.4,30.9,29.6,0,3680
NHC,20070912,31.9,31.9,31.2,0,53100
NHC,20070911,27.5,29.9,27.5,0,14110
NHC,20070910,28,28,28,0,11720
NHC,20070907,26.7,27.5,26.7,0,8140
NHC,20070906,28,28,27.4,0,1540
NHC,20070905,27.1,27.1,26.6,0,1100
NHC,20070904,27.5,27.5,26.6,0,2800
NHC,20070831,26.3,27.1,26.3,0,6510
NHC,20070830,26.2,26.2,26.2,0,880
NHC,20070829,26.1,26.1,26.1,0,1730
NHC,20070828,25.7,25.9,25.7,0,10700
NHC,20070827,27.1,27.1,24.5,0,11800
NHC,20070824,25.7,25.7,24.7,0,960
NHC,20070823,26.6,26.6,25.7,0,1270
NHC,20070822,26.6,27.3,26.6,0,120
NHC,20070821,26.2,27.4,26.2,0,1590
NHC,20070820,25.7,27.5,25.7,0,5690
NHC,20070817,26.6,28.3,26.6,0,740
NHC,20070816,28.3,28.3,28.3,0,3880
NHC,20070815,28.3,28.3,28.3,0,2910
NHC,20070814,28.4,28.4,28.3,0,550
NHC,20070813,26.6,27.5,26.6,0,2110
NHC,20070810,27.9,28.7,27.5,0,6230
NHC,20070809,27.9,27.9,27.5,0,4710
NHC,20070808,27.5,28.7,27.5,0,3330
NHC,20070807,27.3,29.2,27.3,0,4430
NHC,20070806,29.3,29.3,28.4,0,7280
NHC,20070803,28.8,28.8,28.4,0,310
NHC,20070802,30.5,30.5,27.2,0,3000
NHC,20070801,30.1,30.1,29.1,0,7350
NHC,20070731,29.2,29.2,27.5,0,2250
NHC,20070730,29.2,29.2,29.2,0,100
NHC,20070727,30.1,30.1,29.7,0,1230
NHC,20070726,29.2,30,29.2,0,550
NHC,20070725,29.8,29.8,29.8,0,4250
NHC,20070724,33.2,33.2,31.9,0,14990
NHC,20070723,31.2,31.2,31.2,0,5230
NHC,20070720,27.5,29.2,27.5,0,10430
NHC,20070719,29.1,29.1,28.8,0,3690
NHC,20070718,29.7,29.7,29.1,0,2790
NHC,20070717,29.3,29.7,29.3,0,3170
NHC,20070716,30.1,30.1,29.9,0,2740
NHC,20070713,29.7,30.1,29.2,0,680
NHC,20070712,30.1,30.1,29.7,0,2050
NHC,20070711,30.1,30.1,30.1,0,4800
NHC,20070710,30.1,30.1,30.1,0,2590
NHC,20070709,30.1,30.1,30.1,0,4310
NHC,20070706,30.6,30.6,30.1,0,800
NHC,20070705,30.6,30.6,30.6,0,730
NHC,20070704,30.9,30.9,30.9,0,1730
NHC,20070703,29.3,29.3,28.9,0,3580
NHC,20070702,32.7,32.7,31,0,3130
NHC,20070629,32.1,32.7,31.9,0,5760
NHC,20070628,32.7,32.7,31.4,0,2010
NHC,20070627,31.4,33.2,31.4,0,600
NHC,20070626,33.6,33.6,33.6,0,550
NHC,20070625,33.6,33.6,33.6,0,13770
NHC,20070622,31.9,33.6,31.9,0,13030
NHC,20070621,31.9,31.9,31.9,0,1130
NHC,20070620,33.2,33.2,31.9,0,8000
NHC,20070619,33.6,33.6,33.6,0,600
NHC,20070618,30.5,31.9,30.5,0,3280
NHC,20070615,32.7,32.7,31.9,0,2220
NHC,20070614,34.5,34.5,32.7,0,10200
NHC,20070613,34.5,34.5,34.5,0,7060
NHC,20070612,34.5,35.9,34.5,0,17130
NHC,20070611,36.2,36.2,36.2,0,28210
NHC,20070608,34.1,34.1,34.1,0,18170
NHC,20070607,32.3,32.7,32.3,0,38780
NHC,20070606,30.6,31,30.6,0,5880
NHC,20070605,30.1,31,30.1,0,3990
NHC,20070604,32.5,32.5,31.4,0,8200
NHC,20070601,31.9,32.5,31.9,0,2240
NHC,20070531,32.3,32.3,30.3,0,5630
NHC,20070530,34.5,34.5,32.3,0,6060
NHC,20070529,34.9,34.9,34.5,0,10900
NHC,20070528,34.9,34.9,34.9,0,14680
NHC,20070525,32.7,32.7,32.7,0,17840
NHC,20070524,30.9,30.9,30.9,0,12810
NHC,20070523,28.9,28.9,28.9,0,10500
NHC,20070522,25.8,27.1,25.8,0,12270
NHC,20070521,24.8,25.3,24.8,0,3410
NHC,20070518,25.3,25.3,24.3,0,2550
NHC,20070517,25.3,25.3,25.3,0,1680
NHC,20070516,26.5,26.5,25.3,0,4640
NHC,20070515,24.8,25.3,24.8,0,2100
NHC,20070514,24.8,24.8,24.8,0,1600
NHC,20070511,24.8,24.8,24.8,0,2420
NHC,20070510,26.7,26.7,25.8,0,3260
NHC,20070509,25.8,25.8,25.8,0,4480
NHC,20070508,25.8,25.8,24.1,0,9450
NHC,20070507,23.6,24,23.6,0,8870
NHC,20070504,24,24,24,0,2610
NHC,20070503,25.3,25.3,24,0,1020
NHC,20070502,24.5,24.8,24,0,2560
NHC,20070425,25.8,25.8,24.6,0,5630
NHC,20070424,22.5,24.4,22.5,0,1090
NHC,20070423,24.1,24.3,23.6,0,1410
NHC,20070420,27.3,27.3,25.4,0,2750
NHC,20070419,27.3,27.3,27.3,0,8440
NHC,20070418,22.2,25.5,22.2,0,2540
NHC,20070417,23.8,23.8,23.8,0,4060
NHC,20070416,25.6,25.6,25.6,0,2790
NHC,20070413,27.1,27.5,27.1,0,2050
NHC,20070412,28.9,28.9,28.9,0,4650
NHC,20070411,31,31,30.6,0,2990
NHC,20070410,31,31,30.6,0,2150
NHC,20070409,28.9,31,28.9,0,1450
NHC,20070406,31.9,31.9,31,0,4260
NHC,20070405,31.9,31.9,31.9,0,6400
NHC,20070404,30.1,31.8,30.1,0,5410
NHC,20070403,32.3,32.3,30.2,0,3700
NHC,20070402,34.1,34.1,32.2,0,7270
NHC,20070330,34.1,34.1,34.1,0,9990
NHC,20070329,28.3,32.2,28.3,0,7790
NHC,20070328,30.1,30.1,30.1,0,500
NHC,20070327,32.3,32.3,32.3,0,2670
NHC,20070326,34.5,34.5,34.5,0,880
NHC,20070323,36.7,36.7,36.7,0,5090
NHC,20070322,41.5,41.5,38.9,0,5950
NHC,20070321,44.2,44.2,41.5,0,9750
NHC,20070320,46.8,46.8,44.2,0,14760
NHC,20070319,44.2,44.2,38.9,0,11020
NHC,20070316,44.2,44.2,41.5,0,16670
NHC,20070315,44.6,44.6,44.2,0,2390
NHC,20070314,48.6,48.6,46.8,0,11950
NHC,20070313,49.9,50.3,48.6,0,25190
NHC,20070312,47.6,47.6,47.6,0,7000
NHC,20070309,44.2,45,44.2,0,8810
NHC,20070308,42.4,42.4,42.4,0,3050
NHC,20070307,40.2,40.2,39.3,0,45740
NHC,20070306,38,38,38,0,38900
NHC,20070306,38,38,38,0,38900
NHC,20070305,35.4,38,35.4,0,6640
NHC,20070302,38.5,38.5,38,0,15100
NHC,20070301,34.1,36.2,34.1,0,21640
NHC,20070228,33.6,34.1,33.6,0,28110
NHC,20070227,32.3,32.3,32.3,0,7740
NHC,20070226,30.3,30.3,30.3,0,10470
NHC,20070215,28.7,28.7,28.4,0,7060
NHC,20070214,29.7,29.7,26.9,0,4100
NHC,20070213,28.4,28.4,28.4,0,7000
