<Ticker>,<DTYYYYMMDD>,<Open>,<High>,<Low>,<Close>,<Volume>
NST,20100729,17,17.3,16.4,17.3,2300
NST,20100728,17.6,17.6,17,17.2,300
NST,20100727,17.5,18.3,17,17.4,10800
NST,20100726,17,17.9,17,17.5,6600
NST,20100723,19,19,16.7,17,4200
NST,20100722,19,19,17.9,17.9,12400
NST,20100721,18.6,19.4,18.6,19.2,3500
NST,20100720,19.6,19.6,18.4,18.7,20600
NST,20100719,17.6,18.6,17.6,18.4,62400
NST,20100716,17.3,17.5,17.3,17.4,24600
NST,20100715,17.4,17.4,17,17.3,11200
NST,20100714,18,18,16.9,17.1,12200
NST,20100713,17.3,17.3,16.6,16.9,6100
NST,20100712,16,17,15.9,16.3,700
NST,20100709,16.4,16.8,16.4,16.6,3100
NST,20100708,16.9,16.9,16.4,16.5,3100
NST,20100707,17,17.1,16.4,16.7,2400
NST,20100706,16.2,16.9,16.2,16.4,3800
NST,20100705,17.5,17.5,16.7,17.3,2100
NST,20100702,16.6,17.3,16.5,16.7,10800
NST,20100701,17.4,17.4,16.3,16.6,4300
NST,20100630,16.5,16.7,16.5,16.5,10500
NST,20100629,16.6,17.3,16.6,16.8,2900
NST,20100628,18,18,17.7,17.7,3100
NST,20100625,17.6,17.6,17,17.3,6600
NST,20100624,16.9,17.5,16.9,17.1,21200
NST,20100623,16,17.2,16,16.4,9600
NST,20100622,17.1,17.1,16.9,17,5900
NST,20100621,18,18,16.9,17.1,6400
NST,20100618,18.4,18.4,16.8,17,4000
NST,20100617,17.2,17.2,17.2,17.2,100
NST,20100616,16.5,16.6,16,16.5,9000
NST,20100615,16.5,16.6,16.4,16.5,4600
NST,20100614,16.5,17.2,16.5,16.8,23100
NST,20100611,17,17,16.3,16.5,7500
NST,20100610,18.3,18.3,16.6,17.4,2200
NST,20100609,18.2,18.2,17,17.8,3500
NST,20100608,17.6,17.6,15.9,17.1,2400
NST,20100607,18.5,18.6,16.2,16.5,24900
NST,20100604,19.6,19.7,17.3,17.4,50200
NST,20100603,20.6,20.6,18,18.5,15500
NST,20100602,20.4,20.4,18.2,19.3,3700
NST,20100531,19.5,19.5,19.5,19.5,600
NST,20100528,19.5,19.5,18.5,19.1,22900
NST,20100527,17.7,18.7,17.7,18.4,7000
NST,20100526,17.5,17.7,17.5,17.7,24200
NST,20100525,16.8,16.9,16.5,16.6,12800
NST,20100524,15.8,17,15.8,16.1,10400
NST,20100521,16.9,16.9,16.9,16.9,4800
NST,20100520,19.1,19.1,17.8,18.1,4600
NST,20100519,19.5,19.5,19,19.1,6000
NST,20100518,21.6,21.7,19.5,20.4,12900
NST,20100517,21,21,19.9,20.5,42300
NST,20100514,19.2,20.1,19.2,19.9,12700
NST,20100513,18.7,19.2,18.4,18.7,23100
NST,20100512,20.8,20.8,19.2,19.5,38500
NST,20100511,18.6,21.6,18.6,20.7,23600
NST,20100510,21,21,19.4,20.1,14500
NST,20100507,21.2,21.7,20.5,20.9,34800
NST,20100506,19.7,20.9,19.7,20.7,130900
NST,20100505,18.8,20.2,18.8,19.5,52600
NST,20100504,21.2,21.2,19.7,20.2,29800
NST,20100429,20,20,19.2,19.7,66700
NST,20100428,18.6,18.6,18.6,18.6,6000
NST,20100427,17.2,18.7,17.2,17.3,60800
NST,20100426,19.8,19.8,18,18.2,7800
NST,20100422,19.1,19.1,18.1,19,104200
NST,20100421,18.1,18.1,18.1,18.1,81900
NST,20100420,17.2,17.2,17,17.2,41800
NST,20100419,16.1,16.3,16.1,16.3,22700
NST,20100416,15.5,16,15.2,15.5,28600
NST,20100415,15.5,15.5,15.2,15.2,23400
NST,20100414,15.1,15.2,15.1,15.1,3300
NST,20100413,15.6,15.6,15.1,15.2,18700
NST,20100412,15.5,15.7,15.3,15.5,37500
NST,20100409,14.7,15.1,14.7,15,30100
NST,20100408,14.7,15.3,14.6,14.7,7500
NST,20100407,14.6,14.6,14.6,14.6,1900
NST,20100406,14.7,14.7,14.6,14.7,4800
NST,20100405,14.5,14.5,14.4,14.4,2400
NST,20100402,14.4,14.4,14.4,14.4,600
NST,20100401,14.4,14.4,14.4,14.4,1900
NST,20100331,15,15,15,15,3400
NST,20100330,15.9,15.9,15.9,15.9,100
NST,20100326,15.2,15.2,15.2,15.2,400
NST,20100325,15.5,15.7,15.5,15.5,1900
NST,20100324,14.7,15.2,14.7,15.1,4800
NST,20100323,15.3,15.3,14.7,15,5400
NST,20100322,14.7,15.4,14.7,15.1,4000
NST,20100319,14.8,14.8,14.6,14.7,5000
NST,20100318,15.3,15.3,14.6,14.9,2300
NST,20100317,15,15,14.4,14.7,7400
NST,20100316,16.3,16.3,14.7,15.2,17900
NST,20100315,15.9,15.9,15.2,15.5,5100
NST,20100312,14.8,15.7,14.7,15.2,7000
NST,20100311,15.3,15.3,15.3,15.3,11300
NST,20100310,14.2,15.1,14,14.6,13700
NST,20100309,14.7,14.7,14.3,14.3,2500
NST,20100308,14.2,14.8,14.2,14.6,10000
NST,20100305,14,14.3,13.9,14,600
NST,20100304,14.6,14.6,14.2,14.4,2500
NST,20100303,14.4,14.6,14.4,14.6,1100
NST,20100302,14.6,14.6,13.9,14,2700
NST,20100301,14.9,14.9,13.8,14.2,6500
NST,20100226,14.7,14.7,14.2,14.6,4700
NST,20100225,14.2,14.3,14.1,14.2,1200
NST,20100224,14.4,14.4,13.7,13.7,4100
NST,20100223,14,14,13.6,13.8,5100
NST,20100222,14,14.1,13.9,14,3900
NST,20100212,14.4,14.4,13.9,13.9,1100
NST,20100211,14.1,14.1,13.9,13.9,1100
NST,20100210,13.6,13.6,13.5,13.5,400
NST,20100209,14.2,14.2,14.2,14.2,100
NST,20100208,13.4,13.7,13.4,13.6,2100
NST,20100204,13.6,14.4,13.6,14.1,300
NST,20100203,13.8,13.8,13.8,13.8,2600
NST,20100202,14.5,14.5,14.5,14.5,100
NST,20100127,14.7,15.3,14.7,15.3,5100
NST,20100126,14.8,14.8,14.8,14.8,100
NST,20100125,14.3,14.3,14.3,14.3,100
NST,20100122,14,14,14,14,500
NST,20100121,13.7,13.7,13.7,13.7,2000
NST,20100120,14.4,14.4,14.4,14.4,100
NST,20100119,14.4,14.5,13.7,14.3,1100
NST,20100118,14.5,14.5,13.7,13.9,2100
NST,20100115,14,14,14,14,2000
NST,20100114,14.7,14.8,14.3,14.6,8100
NST,20100113,14.4,14.4,13.9,14,20100
NST,20100112,15,15,14.2,14.4,18900
NST,20100111,14.4,14.4,14.3,14.4,9600
NST,20100108,15.2,15.2,14.7,15.1,5600
NST,20100107,15.6,15.6,15.1,15.2,2300
NST,20100106,16.7,16.7,15,15.7,4700
NST,20100105,15.9,15.9,15.4,15.9,3600
NST,20100104,15.1,15.1,14.6,15.1,7300
NST,20091231,14.3,14.5,14.2,14.3,11600
NST,20091230,14.2,14.2,13.9,14.1,2400
NST,20091229,14.4,14.4,13.9,14.1,2900
NST,20091228,14.3,14.3,14.2,14.2,5900
NST,20091225,15,15,13.9,14.3,19200
NST,20091224,14.7,14.7,14.6,14.7,1200
NST,20091223,13.9,14.5,13.9,14.4,600
NST,20091222,14.7,14.7,14.6,14.7,600
NST,20091221,14.5,14.8,14.3,14.6,12300
NST,20091218,14.3,14.3,14,14.2,2900
NST,20091217,13.9,13.9,13.9,13.9,1200
NST,20091216,15,15,14,14.6,1600
NST,20091215,14.4,14.4,14.4,14.4,300
NST,20091214,13.4,14.7,13.4,13.8,7800
NST,20091211,14.9,14.9,13.5,14.2,4600
NST,20091210,14.7,15.3,13.9,14.3,4000
NST,20091209,15.2,15.2,14.2,14.6,2600
NST,20091208,15.3,15.3,14.8,15,6400
NST,20091207,16,16,15.6,15.7,3100
NST,20091204,15.6,15.6,15.3,15.3,6100
NST,20091203,15.6,15.6,14.8,14.9,9900
NST,20091202,15.9,16.1,15.1,15.7,4200
NST,20091201,15.7,16.1,15.3,15.9,10000
NST,20091130,15.7,15.7,14.3,15.4,5900
NST,20091127,15.5,15.5,13.9,15,10100
NST,20091126,14.7,14.7,14.7,14.7,1400
NST,20091125,16.3,16.4,14.7,15.5,3400
NST,20091124,15.6,15.6,15.5,15.6,2200
NST,20091123,17.4,17.4,15.9,16,20800
NST,20091120,16.8,16.8,16.7,16.8,6100
NST,20091119,17.6,17.8,17.3,17.4,7800
NST,20091118,18.4,18.5,17.8,18,1500
NST,20091117,18.2,18.2,16.7,17.6,3300
NST,20091116,17.6,17.6,17.6,17.6,100
NST,20091113,17.6,17.6,16.7,17.5,3200
NST,20091112,17.4,17.9,17.4,17.6,1000
NST,20091111,17,17,17,17,400
NST,20091110,17,17,16.4,16.7,12000
NST,20091109,16.7,18.4,16.5,17.4,15100
NST,20091106,18.4,18.4,17,17.4,13200
NST,20091105,17.5,17.6,17,17.5,14200
NST,20091104,16.8,17.5,16.1,16.7,15500
NST,20091103,17.7,17.7,16.7,17,11300
NST,20091102,18.1,18.1,17.3,17.7,7000
NST,20091030,18.3,18.4,18.3,18.4,10500
NST,20091029,17.4,18.9,17.2,17.4,23200
NST,20091028,19.5,19.5,18.1,18.2,21300
NST,20091027,19.3,19.3,19.2,19.2,35100
NST,20091026,20.8,20.8,20.3,20.4,10500
NST,20091023,22.7,22.7,20.4,21.5,64500
NST,20091022,21.6,22.4,21,21.4,31800
NST,20091021,22.7,24.4,21.6,21.7,30800
NST,20091020,23,23,22.9,23,31700
NST,20091019,21.7,21.8,21.5,21.7,49100
NST,20091016,20.8,20.8,19.8,20.6,28800
NST,20091015,19.3,20,19.3,19.7,61200
NST,20091014,18.7,19.2,17.8,19,27400
NST,20091013,19.3,19.3,18.1,18.2,21100
NST,20091012,19.2,19.3,18.7,19.1,10400
NST,20091009,18.1,18.2,18.1,18.2,49400
NST,20091008,17,17.4,17,17.3,7000
NST,20091007,17.4,17.4,16.8,17.2,17600
NST,20091006,17.3,17.4,17,17.2,8900
NST,20091005,17.6,17.6,16.8,17.3,3100
NST,20091002,17.8,17.8,16.9,17.3,8500
NST,20091001,17.8,17.8,17.8,17.8,1000
NST,20090930,17.6,17.8,17.6,17.6,12600
NST,20090929,18,18,17.3,17.4,2600
NST,20090928,17.6,18,17.3,17.7,8500
NST,20090925,17.8,18.4,17,17.6,9100
NST,20090924,17.4,17.6,17.4,17.4,5200
NST,20090923,18.4,18.4,17.6,17.8,15400
NST,20090922,17.8,18.4,17.6,17.7,27200
NST,20090921,18.1,18.1,17.8,18.1,51400
NST,20090918,18.7,18.7,17.6,18,43600
NST,20090917,19.3,19.3,18.1,18.6,19000
NST,20090916,18.2,18.2,18.2,18.2,44900
NST,20090915,17.3,17.3,17.3,17.3,13400
NST,20090914,16.4,16.8,16,16.4,42300
NST,20090911,15.9,16.1,15.9,16,45400
NST,20090910,15.4,15.4,15.2,15.4,49300
NST,20090909,14.6,14.7,14.6,14.7,27200
NST,20090908,14.4,14.4,13.7,13.9,14100
NST,20090907,13.8,14.5,13.7,13.8,23000
NST,20090904,13.9,13.9,13.6,13.8,8200
NST,20090903,13.9,14.4,13.7,14,14100
NST,20090901,14.7,14.7,14,14.4,14800
NST,20090831,15,15.1,14.4,14.7,27600
NST,20090828,14.3,15.1,14.2,14.4,52600
NST,20090827,14.3,14.3,14.3,14.3,40700
NST,20090826,13.7,13.7,13.7,13.7,24900
NST,20090825,13.4,13.4,12.9,13,15300
NST,20090824,13,13,12.7,13,2600
NST,20090821,12.5,12.9,12.5,12.6,3500
NST,20090820,12.5,12.5,12.5,12.5,1800
NST,20090819,12.7,12.7,12.7,12.7,4300
NST,20090818,12.7,12.7,12.7,12.7,200
NST,20090817,12.9,12.9,12.9,12.9,100
NST,20090814,12.7,12.7,12.7,12.7,600
NST,20090813,12.7,13,12.7,12.7,3000
NST,20090812,12.6,12.7,12.6,12.7,2000
NST,20090811,12.5,12.7,12.4,12.5,6700
NST,20090810,12.3,12.5,12.3,12.4,4600
NST,20090807,12.5,12.5,12.3,12.3,900
NST,20090806,12.5,12.5,12.5,12.5,1100
NST,20090805,12.5,12.6,12.5,12.5,2700
NST,20090804,12.5,12.5,12.5,12.5,2100
NST,20090803,12.9,12.9,12.5,12.7,200
NST,20090731,12.5,12.5,12.5,12.5,2000
NST,20090730,12.3,12.5,12.3,12.5,9800
NST,20090729,13.1,13.1,12.6,12.6,14000
NST,20090728,13.3,13.3,13,13.2,2900
NST,20090727,13.6,13.6,13.6,13.6,100
NST,20090724,13.4,13.5,13,13.4,14500
NST,20090723,14.1,14.1,12.9,12.9,18200
NST,20090722,13.5,13.5,13.5,13.5,200
NST,20090721,13,13,13,13,200
NST,20090720,12.5,13.1,12.5,12.6,700
NST,20090717,13.1,13.1,12.5,12.5,2200
NST,20090716,13.1,13.1,12.5,12.5,4000
NST,20090715,13.1,13.1,12.5,12.5,2800
NST,20090713,13,13,12.2,12.5,4800
NST,20090710,13.3,13.4,12.5,12.5,11100
NST,20090709,13.8,13.8,12.7,12.7,4000
NST,20090707,13.5,13.5,13.1,13.4,1500
NST,20090706,13.3,13.3,12.3,13.1,1300
NST,20090703,13,13.1,12.5,12.7,2500
NST,20090702,12.6,12.6,12.6,12.6,2300
NST,20090701,12.1,12.5,12.1,12.1,1600
NST,20090630,12.6,12.6,12,12.1,2400
NST,20090629,12.5,13,12.5,12.6,300
NST,20090626,13.1,13.1,12.5,12.5,2500
NST,20090624,13.1,13.1,13,13.1,11600
NST,20090623,12.9,13.6,12.4,12.5,3400
NST,20090622,13,13,13,13,7900
NST,20090619,13.6,14.2,13.2,13.8,2100
NST,20090618,13.9,13.9,13.4,13.6,9600
NST,20090617,12.9,13.5,12.9,13.3,16000
NST,20090616,12.9,13.3,12.9,12.9,7200
NST,20090615,13.6,13.6,13.6,13.6,6800
NST,20090612,14.4,14.6,14.1,14.3,4200
NST,20090611,13.7,14.3,13.7,14.2,28200
NST,20090610,14.3,14.3,13.7,13.7,36700
NST,20090609,15,15,14.2,14.4,6000
NST,20090608,13.9,14.4,13.9,14.3,16200
NST,20090605,13.3,13.7,13.3,13.7,14100
NST,20090604,13,13.1,12.9,13.1,17900
NST,20090603,13.5,13.5,12.4,12.5,33000
NST,20090602,13.7,13.7,12.8,13,7800
NST,20090601,13.6,13.6,13,13.1,1500
NST,20090529,13,13,13,13,100
NST,20090528,13.1,13.1,12.5,12.8,46200
NST,20090527,12.4,13,12.4,12.5,32100
NST,20090526,12.2,12.5,12.2,12.4,2600
NST,20090525,11.8,12.4,11.8,12.4,15200
NST,20090522,11.9,11.9,11.8,11.8,23300
NST,20090521,12.4,12.6,12.4,12.4,900
NST,20090520,12.5,12.5,12.3,12.4,26900
NST,20090519,12.5,12.6,12.2,12.4,700
NST,20090518,12.1,12.2,11.9,12.1,1300
NST,20090515,11.1,11.7,11.1,11.6,18400
NST,20090514,11.3,11.4,11,11.2,15400
NST,20090513,11.4,11.4,11,11.4,41800
NST,20090512,10.5,11,10.5,10.9,9100
NST,20090511,10.5,10.9,10.5,10.5,5800
NST,20090508,10.5,10.5,10.5,10.5,1100
NST,20090507,10.7,10.7,10.7,10.7,1100
NST,20090506,10.7,10.7,10.7,10.7,2400
NST,20090505,11.3,11.3,10.8,11.2,6600
NST,20090504,10.9,10.9,10.5,10.8,5200
NST,20090429,10.4,10.4,10.3,10.4,700
NST,20090428,10.8,10.8,10.8,10.8,300
NST,20090427,10.8,10.9,10.8,10.8,1600
NST,20090424,10.5,10.5,10.5,10.5,2100
NST,20090422,10.3,10.3,10,10,2200
NST,20090421,9.9,9.9,9.9,9.9,100
NST,20090420,10.3,10.3,10.3,10.3,2100
NST,20090417,10.9,10.9,10.7,10.8,4200
NST,20090416,11,11.3,10.9,11.1,12000
NST,20090415,11.1,11.3,10.8,11,12700
NST,20090414,10.9,11.1,10.9,11.1,3800
NST,20090413,11,11.1,11,11.1,13700
NST,20090410,10.6,10.7,10.6,10.7,18900
NST,20090409,10.3,10.3,10.1,10.2,3200
NST,20090408,11.2,11.2,10.5,10.6,4500
NST,20090407,10.8,10.9,10.7,10.8,10100
NST,20090403,10.2,10.6,10.2,10.5,10000
NST,20090402,10,10.3,10,10.1,4900
NST,20090401,9.8,10.4,9.7,9.9,9300
NST,20090331,10.2,10.2,10,10.1,1000
NST,20090330,10.4,10.4,10.4,10.4,4100
NST,20090326,11,11,10.8,10.9,6900
NST,20090325,11,11.1,10.9,11,4900
NST,20090324,11.2,11.2,10.9,11,17000
NST,20090323,10.7,10.9,10.5,10.7,11200
NST,20090320,11,11.3,10.6,11,14600
NST,20090319,10.9,10.9,10.6,10.9,54600
NST,20090318,10.4,10.4,10.4,10.4,300
NST,20090317,9.7,10,9.7,9.9,9800
NST,20090316,9.6,9.7,9.6,9.6,3300
NST,20090313,9.7,9.7,9.7,9.7,600
NST,20090312,9.6,9.7,9.5,9.6,4000
NST,20090311,9.8,9.8,9.8,9.8,2000
NST,20090310,9.7,9.7,9.7,9.7,5500
NST,20090309,9.7,9.7,9.7,9.7,200
NST,20090306,9.6,9.7,9.5,9.7,4200
NST,20090305,9.5,9.6,9.5,9.5,1500
NST,20090303,9.2,9.3,9.2,9.2,2600
NST,20090302,9.2,9.2,9.2,9.2,100
NST,20090227,9.5,9.5,9.5,9.5,1000
NST,20090226,10.1,10.1,9.6,9.7,1600
NST,20090225,10.1,10.1,10.1,10.1,100
NST,20090224,9.9,9.9,9.9,9.9,100
NST,20090223,9.6,9.6,9.6,9.6,100
NST,20090220,9.6,9.6,9.2,9.2,1100
NST,20090218,9.2,9.2,9.2,9.2,1000
NST,20090217,9.3,9.3,9.3,9.3,1000
NST,20090216,9.5,9.5,9.5,9.5,1500
NST,20090213,9.5,9.5,9.5,9.5,1000
NST,20090211,9.4,9.4,9.4,9.4,600
NST,20090210,9.4,9.7,9.4,9.4,700
NST,20090209,9.9,9.9,9.9,9.9,100
NST,20090206,9.5,9.5,9.5,9.5,400
NST,20090205,9.1,9.1,9.1,9.1,500
NST,20090204,9.9,9.9,9.5,9.5,2400
NST,20090203,9.5,9.5,9.5,9.5,100
NST,20090202,9.9,9.9,9.9,9.9,100
NST,20090123,9.5,9.5,9.5,9.5,100
NST,20090122,9.4,9.4,9.4,9.4,3000
NST,20090121,9.2,9.2,9.2,9.2,1700
NST,20090120,9,9.5,9,9.2,4800
NST,20090119,9.4,9.4,9,9,600
NST,20090116,9,9,9,9,2000
NST,20090114,9.2,9.2,9.2,9.2,100
NST,20090113,9.2,9.5,9.2,9.2,3100
NST,20090112,9.6,9.6,9.6,9.6,200
NST,20090108,10.1,10.1,10.1,10.1,100
NST,20090107,9.7,9.7,9.7,9.7,100
NST,20090106,9.5,9.5,9.5,9.5,300
NST,20090105,9.2,9.3,9.2,9.2,2600
NST,20090102,9.4,9.4,9,9.3,600
NST,20081231,9.6,9.6,9.1,9.4,1100
NST,20081230,9.5,9.6,9.5,9.6,400
NST,20081229,9.2,9.2,9.2,9.2,1400
NST,20081225,8.7,9.1,8.7,8.8,300
NST,20081223,8.7,8.7,8.7,8.7,1000
NST,20081218,9.1,9.1,9.1,9.1,1300
NST,20081216,8.8,8.8,8.8,8.8,1200
NST,20081215,8.4,8.4,8.4,8.4,400
NST,20081212,9.2,9.2,8.6,8.7,21000
NST,20081211,9.1,9.1,8.9,9,400
NST,20081210,8.7,8.7,8.7,8.7,1200
NST,20081209,9,9,8.9,9,1000
NST,20081208,9.2,9.2,9.2,9.2,500
NST,20081205,9.2,9.2,9.2,9.2,26300
NST,20081204,9.5,9.5,9.5,9.5,1600
NST,20081201,9.7,9.9,9.7,9.7,1000
NST,20081128,9.7,9.7,9.7,9.7,600
NST,20081126,9.2,9.2,9.2,9.2,500
NST,20081124,9.5,9.9,9.5,9.7,2500
NST,20081124,9.5,9.9,9.5,9.7,2500
NST,20081121,9.8,9.8,9.7,9.8,2600
NST,20081120,9.5,9.6,9.3,9.5,1300
NST,20081119,9.5,9.5,9.5,9.5,2700
NST,20081118,9.8,9.8,9.8,9.8,6100
NST,20081117,10.3,10.3,10.3,10.3,100
NST,20081114,9.9,9.9,9.7,9.9,10100
NST,20081113,9.5,9.5,9.3,9.4,400
NST,20081112,9.2,9.3,9.2,9.3,1900
NST,20081111,9.3,9.4,9.2,9.2,8600
NST,20081110,9.7,9.7,9.5,9.7,2700
NST,20081107,10.6,10.6,9.6,9.7,3900
NST,20081106,10.3,10.3,10,10.1,900
NST,20081105,10,10,10,10,3300
NST,20081104,9.5,9.5,9.5,9.5,8000
NST,20081103,9.1,9.1,9.1,9.1,1100
NST,20081031,9.4,9.5,9.4,9.4,400
NST,20081030,9.4,9.5,9.4,9.5,2800
NST,20081029,9.2,9.2,9.2,9.2,1100
NST,20081028,8.3,9,8.2,8.8,3300
NST,20081027,8.6,8.6,8.6,8.6,1100
NST,20081024,9.2,9.2,8.9,9.1,2700
NST,20081023,9.2,9.2,9.2,9.2,2600
NST,20081022,9.9,9.9,9.5,9.7,2000
NST,20081021,10,10,9.9,9.9,600
NST,20081020,9.8,9.8,9.7,9.7,2000
NST,20081017,9.7,9.9,9.7,9.9,2900
NST,20081016,9.9,10.1,9.9,10,2200
NST,20081015,10.6,10.6,9.6,10.4,2500
NST,20081014,10.1,10.1,10.1,10.1,1300
NST,20081013,9.6,9.9,9.4,9.6,5600
NST,20081010,9.2,9.5,9.2,9.4,4400
NST,20081009,9.5,10.3,9.4,9.7,1300
NST,20081008,9.9,9.9,9.9,9.9,4800
NST,20081007,9.9,9.9,9.9,9.9,9100
NST,20081006,10.4,11,10.4,10.5,3600
NST,20081003,11.3,11.3,10.8,11,300
NST,20081002,10.8,10.9,10.6,10.8,4700
NST,20081001,10.3,10.4,10.3,10.4,1800
NST,20080930,10.4,10.4,10.3,10.3,700
NST,20080929,10.8,11.2,10.6,10.9,5600
NST,20080926,11.4,11.4,10.8,11,4600
NST,20080925,10.8,11.3,10.8,11.2,5100
NST,20080924,11.3,11.3,10.7,10.8,9300
NST,20080923,11.4,11.4,10.9,11.3,8800
NST,20080922,10.9,10.9,10.8,10.9,5000
NST,20080919,10.4,10.4,10.4,10.4,3400
NST,20080918,10,10,9.9,9.9,10500
NST,20080917,10.5,10.5,10.4,10.4,7700
NST,20080916,10.9,11.2,10.9,10.9,13900
NST,20080915,11.5,12.2,11.5,11.5,27500
NST,20080912,12.2,12.3,12.2,12.2,17700
NST,20080911,12.9,13.3,12.6,12.9,10600
NST,20080910,13.7,13.7,12.7,13.1,10900
NST,20080909,12.6,13.9,12.5,13.3,29300
NST,20080908,12.9,13.6,12.9,13.2,21300
NST,20080905,12.7,14,12.7,13.6,7900
NST,20080904,14,14,12.5,13.5,17700
NST,20080903,13.3,13.3,13.2,13.3,12700
NST,20080829,12,13.2,12,12.6,9500
NST,20080828,12.7,12.7,12.6,12.7,1500
NST,20080827,13.7,13.7,13.1,13.4,8900
NST,20080826,13,13,13,13,18600
NST,20080825,12.3,12.5,12,12.4,21000
NST,20080822,12.4,12.4,11.2,11.9,2100
NST,20080821,11.1,12,11.1,11.8,6800
NST,20080820,11.4,11.4,11.3,11.4,6900
NST,20080819,12,12,11.4,11.9,700
NST,20080818,11.6,11.6,11.6,11.6,17300
NST,20080815,11,11,11,11,10500
NST,20080814,10.6,10.9,10.6,10.8,12300
NST,20080813,10.7,10.7,10.6,10.6,4500
NST,20080812,10.8,10.8,10.3,10.7,22500
NST,20080811,10.5,10.5,10.5,10.5,5500
NST,20080808,10.2,10.2,10.2,10.2,5600
NST,20080807,10.6,10.6,10.3,10.5,3100
NST,20080806,10.2,10.5,10.2,10.3,5800
NST,20080805,10.5,10.5,10.5,10.5,8600
NST,20080804,10.8,10.8,10.8,10.8,12400
NST,20080801,10,10.6,10,10.5,11700
NST,20080731,10.4,10.5,10.1,10.3,12800
NST,20080730,10.3,10.3,10.3,10.3,8800
NST,20080729,10,10,10,10,4600
NST,20080728,9.8,9.8,9.5,9.7,2900
NST,20080725,9.2,9.7,9.2,9.5,5800
NST,20080724,9.5,9.5,9.5,9.5,15000
NST,20080723,9.7,9.7,9.7,9.7,1000
NST,20080722,10,10,10,10,1500
NST,20080721,10.3,10.3,10.3,10.3,3500
NST,20080718,10.6,10.7,10.6,10.6,4300
NST,20080717,10.9,10.9,10.9,10.9,4500
NST,20080716,10.7,10.7,10.1,10.7,32100
NST,20080715,10.4,10.4,10.4,10.4,2400
NST,20080714,10.1,10.1,10.1,10.1,4800
NST,20080711,9.6,9.9,9.6,9.9,29100
NST,20080710,9.5,9.6,9.5,9.6,6900
NST,20080709,9.7,9.7,9.2,9.4,13800
NST,20080708,9.5,9.7,9.5,9.5,8400
NST,20080707,10.1,10.1,9.6,9.8,16000
NST,20080704,9.9,9.9,9.9,9.9,12300
NST,20080703,9.6,9.6,9.5,9.6,10500
NST,20080702,9.4,9.4,9.4,9.4,10100
NST,20080701,9.2,9.2,8.9,9.2,8200
NST,20080630,9,9,9,9,2600
NST,20080627,9.2,9.2,9,9.2,1700
NST,20080626,9.5,9.5,9.1,9.2,5300
NST,20080625,9.3,9.4,9.3,9.4,5000
NST,20080624,9,9.4,9,9.1,3600
NST,20080623,8.8,9.3,8.8,9.1,4000
NST,20080620,9.1,9.1,9.1,9.1,700
NST,20080619,9.3,9.3,9.3,9.3,100
NST,20080618,9.6,9.6,9.4,9.6,9900
NST,20080617,9.4,9.4,9.4,9.4,1000
NST,20080616,9.2,9.2,9.2,9.2,100
NST,20080613,9.1,9.1,9.1,9.1,1100
NST,20080612,8.9,8.9,8.9,8.9,5200
NST,20080611,8.7,9,8.7,8.7,600
NST,20080610,8.8,8.8,8.8,8.8,1000
NST,20080609,9.3,9.3,9,9,5300
NST,20080606,9.1,9.1,9.1,9.1,3100
NST,20080605,9.3,9.3,9.3,9.3,2000
NST,20080604,9.5,9.5,9.5,9.5,1100
NST,20080603,9.9,9.9,9.6,9.6,4500
NST,20080602,9.7,9.7,9.7,9.7,4500
NST,20080530,9.6,9.6,9.3,9.6,4800
NST,20080529,9.1,9.5,9.1,9.5,8300
NST,20080528,9.3,9.3,9.3,9.3,4200
NST,20080527,9.5,9.5,9.5,9.5,3200
NST,20080526,9.6,9.6,9.6,9.6,100
NST,20080522,10,10,10,10,100
NST,20080521,10.3,10.3,10.3,10.3,200
NST,20080520,10.5,10.5,10.5,10.5,100
NST,20080519,10.7,10.7,10.7,10.7,2800
NST,20080516,10.9,11.1,10.9,10.9,2800
NST,20080515,11.1,11.1,11.1,11.1,3300
NST,20080514,11.3,11.3,11.3,11.3,500
NST,20080513,11.6,11.6,11.6,11.6,300
NST,20080509,11.8,11.8,11.8,11.8,100
NST,20080508,12.1,12.1,12.1,12.1,100
NST,20080507,12.4,12.4,12.4,12.4,200
NST,20080506,12.6,13.1,12.6,12.7,7400
NST,20080505,12.9,12.9,12.8,12.9,2000
NST,20080429,13.3,13.3,13,13.1,2500
NST,20080428,12.7,13.3,12.7,13,3100
NST,20080425,13.4,13.4,12.9,13,9600
NST,20080424,13.2,13.2,13.2,13.2,4800
NST,20080423,13.5,13.5,13.5,13.5,600
NST,20080422,13.8,13.8,13.8,13.8,6300
NST,20080421,14.2,14.2,14.2,14.2,600
NST,20080418,14.5,14.6,14.5,14.5,4100
NST,20080417,14.7,15.4,14.7,14.8,16200
NST,20080416,15,15.6,15,15,2800
NST,20080411,15.3,15.3,15.3,15.3,600
NST,20080410,15.7,15.7,15.7,15.7,100
NST,20080409,16.2,16.2,16,16.1,1800
NST,20080408,16.6,16.6,15.8,16.1,17900
NST,20080407,16.2,16.2,16.2,16.2,2300
NST,20080404,15.8,15.8,15.8,15.8,4100
NST,20080403,15.6,15.6,15.6,15.6,600
NST,20080402,15.4,15.4,15.4,15.4,200
NST,20080401,15.1,15.1,15.1,15.1,6400
NST,20080331,14.9,14.9,14.9,14.9,2500
NST,20080328,14.7,14.7,14.7,14.7,3500
NST,20080327,14.4,14.4,14.4,14.4,1100
NST,20080326,13.8,14.8,13.4,14.2,11800
NST,20080325,15.3,15.6,14.5,14.8,9800
NST,20080324,16.3,16.5,14.8,15.8,11700
NST,20080321,16,16.1,15.4,15.9,32400
NST,20080320,16,16.1,14.8,15.2,37000
NST,20080319,15.4,15.4,14.3,14.8,7300
NST,20080318,15.4,15.4,15.1,15.2,7700
NST,20080317,16.8,16.8,15.1,16.5,2900
NST,20080314,16.5,16.5,16,16.4,1500
NST,20080313,17.9,17.9,17.1,17.2,1100
NST,20080312,15.7,17.3,15.7,17.1,5200
NST,20080311,16.5,17,16.5,16.7,4200
NST,20080310,18.3,18.3,17.4,18,11400
NST,20080307,16.9,16.9,16.9,16.9,1700
NST,20080306,15.6,15.6,15.6,15.6,100
NST,20080305,14.2,16.3,14.2,14.4,6500
NST,20080304,16.9,16.9,15.5,15.5,8800
NST,20080303,16.8,16.9,16.8,16.9,1700
NST,20080229,18.8,18.8,18.1,18.3,3300
NST,20080228,20.2,20.4,18.6,19.8,3100
NST,20080227,17.7,19.4,17.7,19,3200
NST,20080226,19.9,19.9,17.7,18.6,2000
NST,20080225,19.3,19.4,19.3,19.4,4400
NST,20080222,18,18,17.6,17.8,3400
NST,20080221,19.9,19.9,19.1,19.3,1700
NST,20080220,22.5,22.5,19.7,20.9,5200
NST,20080219,20.2,21.9,19.9,20.9,4300
NST,20080218,22.5,22.5,20.8,21.1,900
NST,20080215,22.3,22.3,22.3,22.3,800
NST,20080214,23.2,23.6,22.2,22.5,5500
NST,20080213,23.9,23.9,22.5,23.2,2300
NST,20080212,23.8,24,23.6,23.9,20500
NST,20080201,22,22.5,21.6,22,5200
NST,20080131,22.2,23,21.1,21.7,4000
NST,20080130,21.4,21.4,21.4,21.4,1800
NST,20080129,19.3,19.9,19.3,19.7,2000
NST,20080128,19.4,19.4,16.9,18.4,3500
NST,20080125,20.5,20.5,17.8,18.2,3000
NST,20080124,22.2,22.2,19.1,19.5,3800
NST,20080123,22.8,22.8,19.9,21,3000
NST,20080122,22.8,22.8,21.2,21.4,3000
NST,20080121,24.5,24.5,22.1,23.3,4800
NST,20080118,25.6,25.6,23.6,23.8,2000
NST,20080117,25,25,25,23.7,100
NST,20080116,24.4,24.4,23.2,23.7,9500
NST,20080115,24.1,24.1,22.1,22.4,600
NST,20080114,24.2,24.2,24.2,24.2,100
NST,20080111,23.6,23.9,23.6,23.6,1100
NST,20080110,24.2,24.2,23.9,24,1200
NST,20080109,24.7,24.7,22.5,23.7,1300
NST,20080108,24.5,24.9,22.8,24.5,1400
NST,20080107,24.9,25.1,22.5,24,5200
NST,20080104,24.9,24.9,23.8,24.3,4600
NST,20080103,22.8,25.2,22.3,23.9,12800
NST,20080102,23.4,23.4,22.8,23.2,3300
NST,20071228,24,24.1,23.8,24,3700
NST,20071227,24.4,24.4,23.8,24,3400
NST,20071226,25.1,25.1,24.4,24.7,4000
NST,20071225,25.1,25.3,24.9,25.1,5300
NST,20071224,24.9,26.2,24.4,25.1,7000
NST,20071221,24.6,24.6,24.5,24.5,2500
NST,20071220,24.9,24.9,24.4,24.5,1400
NST,20071219,24.9,25.3,24.9,25,4400
NST,20071218,25,25,24.6,24.8,2400
NST,20071217,25,25,24.8,25,1100
NST,20071214,25.3,25.3,24.5,25,5400
NST,20071213,25.1,25.3,24.9,25.1,2500
NST,20071212,24.9,25.4,24.9,25,5000
NST,20071211,25.7,25.9,24.9,25.4,10400
NST,20071210,26.7,26.7,25.9,26.2,5900
NST,20071207,25.7,26.4,25.7,26.3,11200
NST,20071206,25.5,25.9,25.4,25.7,16500
NST,20071205,25.4,26.3,24.9,25.4,11900
NST,20071204,25.2,26.2,25.1,25.4,8600
NST,20071203,24.9,25.4,24.9,25,3000
NST,20071130,24.1,24.6,24.1,24.4,2900
NST,20071129,23.8,24.7,23.8,24.5,7700
NST,20071128,23.8,23.8,23.8,23.8,800
NST,20071127,23.8,23.8,23.7,23.8,1400
NST,20071126,24,24,23.3,23.7,6100
NST,20071123,24.9,24.9,24.1,24.2,1800
NST,20071122,24.4,24.8,24.4,24.5,1900
NST,20071121,24.1,24.1,23.8,24,2700
NST,20071120,24.1,24.7,23.8,24.1,3200
NST,20071119,24.4,24.4,24.1,24.1,7200
NST,20071116,23.8,24.8,23.8,24.2,3500
NST,20071115,24.9,25.4,24.2,24.5,5800
NST,20071114,22.9,24.9,22.9,24.5,6200
NST,20071113,24.9,24.9,22.3,22.9,4700
NST,20071112,25.8,25.8,23.8,24.4,7700
NST,20071109,25.4,26.4,25.4,25.8,7700
NST,20071108,27.5,28.5,27,27.4,10100
NST,20071107,26.4,28.5,26.4,27.2,13700
NST,20071106,26.4,26.7,25.9,26.4,8400
NST,20071105,28.5,28.5,26.4,27.1,15900
NST,20071102,30.1,30.6,28.5,29,30700
NST,20071101,31.6,31.6,29,29.7,28600
NST,20071031,32.2,32.8,29.6,31.9,38900
NST,20071030,30.6,30.6,28.5,30.1,52900
NST,20071029,28.4,28.4,26.4,28.1,41700
NST,20071026,26.4,27,25.9,26.1,22200
NST,20071025,27,27,25.4,25.8,13600
NST,20071024,25.7,25.9,24.9,25.5,20100
NST,20071023,26.2,26.4,24.9,25.7,10900
NST,20071022,26,26.4,25.3,26,11700
NST,20071019,26.4,28.3,24.7,25.7,13800
NST,20071018,26.5,26.5,23.8,26,23300
NST,20071017,24.4,24.4,24.4,24.4,15700
NST,20071016,21.4,22.7,21.4,22.4,19800
NST,20071015,21.2,21.5,20.2,20.9,15600
NST,20071012,21.4,21.5,20.7,21.2,6400
NST,20071011,21.5,21.5,21.2,21.4,4000
NST,20071010,21.7,21.7,20.7,21.6,3400
NST,20071009,21.5,22,21.1,21.4,7200
NST,20071008,21.7,21.7,21.2,21.5,3100
NST,20071005,22.3,22.5,21.2,21.7,3400
NST,20071004,21,22.2,21,21.4,4000
NST,20071003,22.5,22.5,20.7,21.2,2500
NST,20071002,22.8,22.8,21.2,22.1,1800
NST,20071001,21.1,21.1,21,21.1,2400
NST,20070928,19.7,19.7,18.6,19.4,2300
NST,20070927,18.6,18.6,18.6,19.5,500
NST,20070926,19.7,19.7,19.2,19.5,2800
NST,20070925,18.4,19.8,18.4,19,3700
NST,20070924,18.1,18.3,18.1,18.3,2200
NST,20070921,17.9,18.6,17.6,18.3,1500
NST,20070920,17.4,17.6,17.4,17.4,2400
NST,20070919,17.1,17.2,16.6,17,2400
NST,20070918,17.1,17.1,17.1,17.1,600
NST,20070917,17.1,17.1,17.1,17.1,500
NST,20070914,17,17.1,17,17,1200
NST,20070913,17.1,17.6,16.7,17.2,2400
NST,20070912,16.6,16.6,16.6,16.6,1200
NST,20070911,15.6,15.6,15.5,15.5,500
NST,20070910,16.6,16.6,16.6,16.6,2400
NST,20070906,17.1,17.1,17.1,17.1,1000
NST,20070905,17.4,17.4,17.2,17.3,1800
NST,20070831,17.1,17.1,17.1,17.1,100
NST,20070830,16.8,17.3,16.8,17.1,2700
NST,20070829,17.1,17.1,16.8,16.9,3400
NST,20070828,16.8,16.8,16.8,16.8,1000
NST,20070827,16.6,16.8,16.6,16.7,1600
NST,20070824,16.4,16.6,16.4,16.5,1000
NST,20070823,16.6,16.6,16.2,16.4,3500
NST,20070822,16.1,16.1,16.1,16.1,500
NST,20070821,16.2,16.2,16.2,16.2,1000
NST,20070820,16.3,16.3,16.1,16.2,4600
NST,20070817,16.2,16.6,15.8,16.3,3000
NST,20070815,16.1,16.6,16,16.1,1400
NST,20070814,15.8,15.8,15.8,15.8,500
NST,20070810,15.5,16.1,15.5,15.7,700
NST,20070809,16,16,16,16,200
NST,20070808,16.1,16.1,15.5,15.7,3100
NST,20070807,16.1,16.1,16.1,16.1,1000
NST,20070731,16.8,16.8,16.8,16.8,300
NST,20070730,17.6,17.6,17.6,17.6,1500
NST,20070726,18.1,18.1,18.1,18.1,400
NST,20070725,18.6,18.6,18.6,18.6,1000
NST,20070724,18.6,18.6,18.6,18.6,200
NST,20070720,18.6,18.6,18.6,18.6,200
NST,20070719,19.4,19.4,19.4,19.4,100
NST,20070718,18,18,18,18,1000
NST,20070717,17.6,17.7,17.6,17.7,1900
NST,20070716,18.1,18.1,18.1,18.1,400
NST,20070713,18.9,18.9,18.9,18.9,1000
NST,20070712,19.4,19.4,19.4,19.4,300
NST,20070711,20.7,21.4,20.7,20.9,400
NST,20070710,19.7,19.7,19.7,19.7,800
NST,20070709,19.7,19.7,19.7,19.7,200
NST,20070705,20.2,20.2,20.2,20.2,200
NST,20070704,20.7,20.7,20.7,20.7,100
NST,20070702,20.2,20.2,20.2,20.2,500
NST,20070628,20.7,20.7,20.7,21.6,500
NST,20070627,21.2,21.2,21,21.1,1700
NST,20070622,21.6,21.6,21.6,21.6,500
NST,20070619,21.7,21.7,21.7,21.7,13000
NST,20070618,21.7,21.7,21.5,21.7,900
NST,20070613,22.3,22.8,22.3,22.7,300
NST,20070612,22.8,22.8,22.8,22.8,100
NST,20070608,22.8,22.8,21.7,22.2,27400
NST,20070607,23.3,23.3,22.5,22.8,4100
NST,20070606,21.2,22.8,21.2,22.3,900
NST,20070605,20.7,21.7,20.7,21.3,3900
NST,20070604,21.7,21.7,21.7,21.7,300
NST,20070601,22.8,23.3,22.8,22.9,600
NST,20070531,22.8,22.8,22.8,22.8,400
NST,20070529,23.8,24.4,22.8,24,3500
NST,20070528,23.9,24.2,23.8,24.1,3100
NST,20070525,22.8,23.8,22.8,23.3,1800
NST,20070524,23.9,24.1,22.5,23.1,3100
NST,20070523,22.5,24.5,22.5,23.1,14200
NST,20070522,22.3,22.8,22,22.5,1300
NST,20070521,22,22,22,22,400
NST,20070518,23.6,23.6,22.5,22.7,1000
NST,20070517,22.8,22.8,22.8,22.8,800
NST,20070516,23.8,23.8,21.7,22.3,800
NST,20070515,22.3,23,22.3,22.4,3200
NST,20070514,22.3,22.3,22.3,22.3,1000
NST,20070511,24.4,24.4,22.8,23.2,800
NST,20070510,23,23,22.3,22.4,600
NST,20070509,22.9,23.3,22.9,23,3200
NST,20070508,22.9,22.9,22.9,22.9,200
NST,20070507,24.9,24.9,24.9,24.9,100
NST,20070504,24.9,24.9,23,23.6,400
NST,20070425,24.8,24.9,24.8,24.8,400
NST,20070424,23.8,23.8,23.8,23.8,300
NST,20070423,24.9,24.9,24.9,24.9,300
NST,20070420,25.4,25.4,25.4,25.4,100
NST,20070419,24.4,24.8,23.8,24.6,3000
NST,20070418,25.4,26,22.3,22.9,1200
NST,20070417,24,24,24,24,600
NST,20070416,26.4,26.4,26,26.3,900
NST,20070412,29,29,26.2,27.9,2600
NST,20070411,27.2,27.2,27.2,27.2,500
NST,20070410,29.2,29.2,28.4,28.5,500
NST,20070409,27.5,27.5,27.5,27.5,100
NST,20070406,29.6,29.6,27.2,28.7,16900
NST,20070404,29.6,29.6,29,29.4,3500
NST,20070403,29.6,29.6,29.6,29.6,100
NST,20070402,32.2,33.2,31.6,32.3,10700
NST,20070330,32.3,32.3,30.6,32,5800
NST,20070329,29.7,29.7,29.7,29.7,1300
NST,20070328,25.9,28.4,25.9,27.2,3400
NST,20070327,28.3,28.3,28,28.1,500
NST,20070326,31.1,31.1,30.6,30.6,2500
NST,20070323,35.8,35.8,30.9,32.7,1700
NST,20070322,32.2,34.2,32.2,33.4,1900
NST,20070321,36,36.8,34,35.3,7600
NST,20070320,36,36.8,34.2,35.4,34700
NST,20070319,34,34,33.4,33.7,9500
NST,20070319,34,34,33.4,33.7,9500
NST,20070316,28.6,34.2,28.6,31.2,4000
NST,20070315,31.4,31.4,31.4,31.4,2500
NST,20070314,32.5,35.8,32.5,34.5,2900
NST,20070313,35.8,35.8,35.7,35.8,2500
NST,20070312,38.3,38.3,36.3,38.3,7700
NST,20070309,34.5,35.3,33.2,37,23976
NST,20070308,33.6,33.6,32.7,36.6,27756
NST,20070307,36.5,36.5,32.9,36.6,18360
NST,20070306,34,34,32.5,36.5,25488
