<Ticker>,<DTYYYYMMDD>,<Open>,<High>,<Low>,<Close>,<Volume>
NTP,20100729,93.9,94.2,93.8,94.1,30300
NTP,20100728,94.5,94.5,93.7,94,15000
NTP,20100727,95.4,97,94,94.5,6400
NTP,20100726,95.6,96,93.9,94.1,53900
NTP,20100723,92,95.9,92,93.9,134400
NTP,20100722,91.1,91.5,91,91.1,16700
NTP,20100721,91.9,91.9,91.3,91.5,4300
NTP,20100720,92,92.9,91.1,91.9,54700
NTP,20100719,92.5,92.5,90,91.6,90700
NTP,20100716,93,94,92,93,91500
NTP,20100715,92,92,91.5,91.8,23100
NTP,20100714,94.5,94.5,91.8,92.3,14900
NTP,20100713,92,94,91.8,92.8,14700
NTP,20100712,95,95,95,95,100
NTP,20100709,91.5,92,91,91.4,9000
NTP,20100708,92,92,91.4,91.6,10700
NTP,20100707,92,92,91.3,91.7,43300
NTP,20100706,94,94,92,92.1,24800
NTP,20100705,94,95,93,93.7,64000
NTP,20100702,95,95.1,93.5,94.2,27900
NTP,20100701,97.4,97.4,95,95.9,15500
NTP,20100630,100.3,100.3,92.5,97.4,145700
NTP,20100629,93,99.5,92.1,93.8,28300
NTP,20100628,93,93,93,93,5700
NTP,20100625,91.6,93.7,91.3,92.7,14700
NTP,20100624,92.9,92.9,92,92.4,19000
NTP,20100623,89.2,92,89.2,90.3,15400
NTP,20100622,92.5,92.5,91.8,92,43700
NTP,20100621,94,94,93,93.6,51500
NTP,20100618,95.1,95.1,93.7,93.9,5600
NTP,20100617,94.1,94.1,93.5,93.6,22200
NTP,20100616,94,96,94,94.8,9600
NTP,20100615,93.8,93.9,93.5,93.6,50500
NTP,20100614,94.5,94.5,93,93.7,88500
NTP,20100611,94,94.5,93.5,94,30000
NTP,20100610,93,93.9,93,93.4,18300
NTP,20100609,92.5,94.4,92.5,93,23100
NTP,20100608,92,92,91.5,91.6,43600
NTP,20100607,95,95,90,91.2,37900
NTP,20100604,96,97,95.1,96,5600
NTP,20100603,99,99,96,97.4,26100
NTP,20100602,98.2,101,97.5,98.2,11300
NTP,20100601,96.1,99,96.1,98.2,4800
NTP,20100531,100,104.5,99,101.6,25300
NTP,20100528,102.5,104,100,102.1,56100
NTP,20100527,97,100,96,97.5,21300
NTP,20100526,92.5,98.9,92.5,97.1,23600
NTP,20100525,93,93,92,92.5,22900
NTP,20100524,92.5,95,92,92.4,15900
NTP,20100521,93,94.4,90,91.6,71200
NTP,20100520,93,96,91,94.4,27700
NTP,20100519,95.4,102,93.5,94.6,21700
NTP,20100518,97,97,94,96.5,72000
NTP,20100517,99,100,96.5,98,22500
NTP,20100514,99.9,99.9,98.5,98.9,21800
NTP,20100513,98.5,101.8,98.5,99.5,12800
NTP,20100512,102,102,99,100,15100
NTP,20100511,107,107,100,102.2,36900
NTP,20100510,110,110,97.9,100.4,15600
NTP,20100507,105,106.5,104.5,105.2,52100
NTP,20100506,106,107,105,106.3,25800
NTP,20100505,107,108,105.1,106.2,4400
NTP,20100504,109.9,109.9,108.9,108.9,34300
NTP,20100429,108,110.5,108,109,21200
NTP,20100428,108.8,108.8,107,107.9,23400
NTP,20100427,109,109,108,108.5,12000
NTP,20100426,109,109,108.1,108.9,18400
NTP,20100422,107.9,111,107.9,108.8,23500
NTP,20100421,107,107,105.5,106,59600
NTP,20100420,105.3,106.9,105.3,106.1,17800
NTP,20100419,106,107,105.7,106.5,9900
NTP,20100416,108,108,99.8,106.9,9800
NTP,20100415,106.5,107.5,106.4,107.3,19600
NTP,20100414,106,107.4,105.3,106.8,32200
NTP,20100413,105.6,108,105.6,107,41200
NTP,20100412,106.6,108,106.6,107.2,35800
NTP,20100409,107,107,106,106.3,16100
NTP,20100408,106.9,107.2,106,106.7,13700
NTP,20100407,105.3,106,105,105.2,38100
NTP,20100406,106.9,106.9,104.6,105.2,9100
NTP,20100405,102.5,105.9,101,104.5,13500
NTP,20100402,104,106,103.5,105.8,3800
NTP,20100401,105,107.4,104,105.7,11600
NTP,20100331,107,107.5,104,106,25100
NTP,20100330,105.3,105.4,105,105,25300
NTP,20100329,105,106.6,105,105.2,36700
NTP,20100326,107,108,105,106.5,49200
NTP,20100325,108,108,106.2,107,25000
NTP,20100324,110,110.5,108.9,109.8,27600
NTP,20100323,110,110.6,109.6,110,81800
NTP,20100322,113,113,110.5,110.7,15800
NTP,20100319,114,114,112,112.8,42800
NTP,20100318,113.5,116,113.2,113.8,63600
NTP,20100317,114.8,115,112.5,114.5,34000
NTP,20100316,118,118,112,113.8,55200
NTP,20100315,123,123,116,117.3,81100
NTP,20100312,114,121.6,114,117.5,79700
NTP,20100311,111,116,111,113.7,116800
NTP,20100310,112,112,110,110.4,26200
NTP,20100309,115,115,110.5,111.6,51900
NTP,20100308,110,111.5,110,110.3,38600
NTP,20100305,109.1,110.5,109.1,109.8,17500
NTP,20100304,112,112.1,109,110.5,45900
NTP,20100303,108,112,107.7,108.6,64400
NTP,20100302,110,110,107.3,107.5,24300
NTP,20100301,107,108,107,107.7,20000
NTP,20100226,106.4,107,106.4,106.9,7300
NTP,20100225,107,107,106.1,106.8,9300
NTP,20100224,105,107.2,105,106.8,26700
NTP,20100223,107,107,106,106.6,17500
NTP,20100222,108,109,108,108.2,37600
NTP,20100212,108.5,108.5,107,108,10700
NTP,20100211,108.5,108.5,106.4,106.6,23400
NTP,20100210,108,108,106,107.3,21900
NTP,20100209,104,104.5,103.5,104,26500
NTP,20100208,106,106,105.2,105.9,43700
NTP,20100205,106.8,106.9,105,105.5,15700
NTP,20100204,106,107.4,106,106.3,38900
NTP,20100203,105,106.5,105,106,28000
NTP,20100202,106,107,104,104.7,26300
NTP,20100201,105.5,105.5,104,104.3,17800
NTP,20100129,105,106,103,104.6,35000
NTP,20100128,106,106,104.9,105.2,10800
NTP,20100127,111.9,111.9,105,106.2,40300
NTP,20100126,105.5,112,105.5,108.8,88700
NTP,20100125,106,106.2,105.8,106,63300
NTP,20100122,105,106.5,105,106,26300
NTP,20100121,107,108,104,105.9,120000
NTP,20100120,108.9,109,107,108.1,21700
NTP,20100119,104,111,103.5,108.9,34800
NTP,20100118,112,112,107,107.9,54600
NTP,20100115,115,115,112.5,114,59500
NTP,20100114,115,116,113,114.7,9800
NTP,20100113,110,116,106,109.1,84100
NTP,20100112,119.5,119.5,108,112.7,52000
NTP,20100111,116,118,113,114.5,68400
NTP,20100108,117.8,123,114,117.4,108800
NTP,20100107,115,120,115,118.6,118000
NTP,20100106,119,120,113.5,118.3,89100
NTP,20100105,118,119.8,116.5,118.8,73200
NTP,20100104,110,115.4,110,112,87900
NTP,20091231,110,115,106,107.9,118300
NTP,20091230,106,111.5,103,109.1,120700
NTP,20091229,110,110,103,104.4,48200
NTP,20091228,111,111,107,108.5,51600
NTP,20091225,106.4,111.7,106.4,110.7,228400
NTP,20091224,102,106,100,104.4,64700
NTP,20091223,100,103,100,102.4,51800
NTP,20091222,101.5,106,100,102.6,63200
NTP,20091221,100,101.8,99,100.7,67400
NTP,20091218,93,95.5,93,95.2,44800
NTP,20091217,85.7,94,85.7,89.3,45200
NTP,20091216,96,96,89.5,90.6,75800
NTP,20091215,97,97,94.5,95,87800
NTP,20091214,90,97.2,90,94.6,149200
NTP,20091211,96,96,89.9,90.9,86300
NTP,20091210,98,99,95.1,96.6,77800
NTP,20091209,102,102,96.8,97.5,120200
NTP,20091208,105,105,102,104,99700
NTP,20091207,106,106,104.7,105.1,161400
NTP,20091204,108,108.5,103,105.9,136400
NTP,20091203,109,109.9,105,108.1,143200
NTP,20091202,108.2,113,107.9,109.9,116300
NTP,20091201,110,113.9,107,113.2,123800
NTP,20091130,105,111,105,106.5,47200
NTP,20091127,96.2,109.1,94.8,105.5,138500
NTP,20091126,109,109,101.3,101.9,327600
NTP,20091125,113.2,114.2,107.8,109,164800
NTP,20091124,117.2,118.2,114.2,116,36400
NTP,20091123,120.9,120.9,113.4,116.1,74100
NTP,20091120,122.2,122.5,119.4,120.9,46500
NTP,20091119,122.2,123.7,121.7,122.4,87400
NTP,20091118,121.2,123.2,118.8,121,74400
NTP,20091117,124.2,124.2,118.2,121.4,76500
NTP,20091116,122.2,125.2,122.2,123.7,100400
NTP,20091113,119.7,124.7,117.2,122.2,252400
NTP,20091112,119.2,120.2,116.9,118.5,131900
NTP,20091111,118.1,118.4,114.9,116.6,135200
NTP,20091110,113.8,117.6,113.2,114.8,150200
NTP,20091109,125.2,125.2,112.8,113.8,150900
NTP,20091106,129.2,129.2,115.4,121.3,63000
NTP,20091105,116.7,123.9,116.2,121.3,116900
NTP,20091104,113.2,118.2,113.2,115.7,161000
NTP,20091103,121.2,123.2,113.2,114.7,338900
NTP,20091102,130.2,130.2,121.6,121.8,142200
NTP,20091030,134.4,134.4,127.7,130.8,112800
NTP,20091029,130.2,130.2,123.2,125.5,156100
NTP,20091028,128.2,131.2,127,129,393300
NTP,20091027,130.2,130.2,124.7,125.9,365600
NTP,20091026,130.2,133.7,126.2,129.6,298600
NTP,20091023,135.7,136.2,126.2,133.7,211100
NTP,20091022,138.2,138.2,132.2,135.3,250700
NTP,20091021,129.8,129.8,125.2,129.4,263700
NTP,20091020,117.2,123.9,117.2,121.2,332400
NTP,20091019,113.2,116.2,113.2,115.7,185700
NTP,20091016,121.2,121.2,113.9,116.4,144400
NTP,20091015,122.2,122.2,115.2,119.3,167800
NTP,20091014,113.2,119.2,113.2,115.3,129600
NTP,20091013,122.2,122.2,111.2,114.2,139800
NTP,20091012,118,118,113.2,116.2,184600
NTP,20091009,105.4,111.2,104.3,110.2,189800
NTP,20091008,104.2,105.2,103.2,103.9,129800
NTP,20091007,98.1,104,98.1,101.6,217800
NTP,20091006,96.7,98.1,96.7,97.1,121800
NTP,20091005,96.2,96.2,95.2,95.6,72100
NTP,20091002,95.2,97.2,92.3,94.9,181500
NTP,20091001,98.2,99.2,96.2,96.9,269500
NTP,20090930,96.2,100.2,95.5,97.1,169100
NTP,20090929,95.2,96.2,93.5,95.5,190900
NTP,20090928,94.4,94.7,93.4,94.2,93100
NTP,20090925,94.2,95.2,93.6,94.4,154700
NTP,20090924,96.2,96.2,93.8,95,57600
NTP,20090923,98.2,98.2,95.2,96.4,125900
NTP,20090922,97.2,98.2,95.3,96.3,52000
NTP,20090921,95,97.2,93.9,95.9,263700
NTP,20090918,95.2,95.2,92.2,93.6,174300
NTP,20090917,95.2,95.2,92.2,93.9,110200
NTP,20090916,96.2,96.2,94,94.6,157900
NTP,20090915,95.2,95.2,93.4,94,281100
NTP,20090914,91.7,96.2,91.4,94,128000
NTP,20090911,97.2,97.2,94.2,95.1,85300
NTP,20090910,100.8,100.8,93.2,94.9,115100
NTP,20090909,90.2,95,89.4,94.1,530800
NTP,20090908,83.2,90.7,83.2,88.7,112800
NTP,20090907,86.2,86.7,84.7,85.6,58900
NTP,20090904,89.2,90.2,85.7,86.9,65900
NTP,20090903,86.2,87.7,86.2,86.7,113600
NTP,20090901,92.8,92.8,87.9,88.3,120000
NTP,20090831,93.2,94.2,89.7,90.9,54400
NTP,20090828,86.7,89.7,86.7,88.8,103500
NTP,20090827,88.2,89.7,87.1,88.1,161500
NTP,20090826,88.2,91.7,88.2,90.9,150200
NTP,20090825,87.2,92.7,87,91.2,266000
NTP,20090824,84.2,90,84.2,86.6,336900
NTP,20090821,83.2,85.3,82.9,84,154600
NTP,20090820,83.7,83.7,82.7,83.2,178000
NTP,20090819,83.2,84.1,82.7,83.4,197600
NTP,20090818,80.2,83.7,80.2,83.2,165600
NTP,20090817,84.2,84.5,83.2,84.1,172700
NTP,20090814,83.3,84.7,83.3,84.1,68500
NTP,20090813,83.5,85.7,83.5,84.9,234500
NTP,20090812,83.8,84.6,82.7,83.5,258100
NTP,20090811,83.2,84.2,82.7,83.5,115400
NTP,20090810,85.2,85.2,83,83.5,125600
NTP,20090807,83.1,83.4,82.2,83.1,222000
NTP,20090806,83.2,83.5,82.2,83.1,342600
NTP,20090805,79.2,84.2,79.2,82.3,339000
NTP,20090804,79.2,81,78.2,79.2,349600
NTP,20090803,79.7,79.7,77.7,78,408900
NTP,20090731,78.2,78.5,76.8,77.8,128200
NTP,20090730,76.2,77,75.3,76,206200
NTP,20090729,75.2,77.7,74.9,76.5,378900
NTP,20090728,79.2,79.2,76.2,77.4,425200
NTP,20090727,81.2,81.9,77.3,78.3,379600
NTP,20090724,76,76.5,75.7,76.5,536700
NTP,20090723,70.7,74.2,69.7,71.4,228500
NTP,20090722,71.4,71.4,69.9,70.3,273800
NTP,20090721,74,74,69.7,70.5,331600
NTP,20090720,70.3,70.3,67.7,69.1,203700
NTP,20090717,69.2,70.2,68.2,69.4,356300
NTP,20090716,68.8,71.2,68,69.3,189500
NTP,20090715,67.2,67.7,66.2,67.5,125500
NTP,20090714,67,68.2,66,66.8,144000
NTP,20090713,68.2,68.2,66.3,67.1,222000
NTP,20090710,67.7,67.7,66.9,67.2,142600
NTP,20090709,68.2,68.2,67.2,67.7,229700
NTP,20090708,67.1,68.2,63.7,67.5,411300
NTP,20090707,69.2,69.2,65.2,67.5,222200
NTP,20090706,64.7,68.9,64.7,68,398500
NTP,20090703,63.5,66.2,62.7,64.5,236200
NTP,20090702,64.2,65.4,62.2,63.5,256800
NTP,20090701,61.2,62.7,58.2,61.1,297300
NTP,20090630,66.2,66.2,60.5,61.9,386100
NTP,20090629,64.7,66.2,64.2,65.1,248100
NTP,20090626,65.7,66.6,63.2,64.7,217700
NTP,20090625,70.7,70.7,62.7,64.2,263200
NTP,20090624,62.3,66.7,62.3,66.6,195100
NTP,20090623,62.1,63.2,62.1,62.3,722100
NTP,20090622,69.7,69.7,66.6,66.9,385600
NTP,20090619,72.7,72.7,68,71.7,952500
NTP,20090618,67.9,67.9,67.9,67.9,212200
NTP,20090617,57,64.5,56.2,63.4,133700
NTP,20090616,59.8,62.3,59.6,60.2,524500
NTP,20090615,64.2,67,62.9,63.7,372100
NTP,20090612,72.2,72.2,66.2,67.7,351500
NTP,20090611,67.2,70.1,67.1,68.9,267200
NTP,20090610,72.2,72.2,66.8,67.1,432000
NTP,20090609,78.2,78.2,70.2,71.9,447100
NTP,20090608,76.3,76.3,73.2,75.5,531000
NTP,20090605,72.6,72.6,66.2,71.2,741700
NTP,20090604,67.2,68.1,63.6,67.8,532900
NTP,20090603,64.2,64.2,61.7,63.6,574900
NTP,20090602,59.9,59.9,59.9,59.9,286300
NTP,20090601,54.2,56.3,54,55.9,601300
NTP,20090529,51.3,53.7,50.7,52.5,211100
NTP,20090528,51.2,52.2,50.7,51.3,152400
NTP,20090527,54.2,54.2,52.3,53,159700
NTP,20090526,54.7,54.7,51.2,53.4,304200
NTP,20090525,51.2,54.7,49.2,53.9,453300
NTP,20090522,48.8,52.2,48.8,51.2,131200
NTP,20090521,50.7,53,50.7,52.6,377700
NTP,20090520,52.2,53.8,51.7,52.5,222200
NTP,20090519,55,55.3,52.2,53.9,205600
NTP,20090518,54.2,54.2,50.7,51.6,261100
NTP,20090515,51.4,53.9,51.2,53,373100
NTP,20090514,51.2,52.2,48.9,50.3,287300
NTP,20090513,53.2,53.7,50.2,52.2,403500
NTP,20090512,50.2,55.2,49.9,52.5,412600
NTP,20090511,54.2,57.7,52.2,53.1,401800
NTP,20090508,52.2,55.2,52.2,53.9,476400
NTP,20090507,50.2,52.9,50.2,52.6,747800
NTP,20090506,48.9,52.1,45.2,49.2,681600
NTP,20090505,48.9,48.9,48.9,48.9,121900
NTP,20090504,45.4,45.4,45.4,45.4,25000
NTP,20090429,41.4,44.2,40.9,42.2,258300
NTP,20090428,41.4,42.7,40.5,41.4,221100
NTP,20090427,41.2,42.1,39.7,40.6,265200
NTP,20090424,44.2,44.2,41.2,41.6,313900
NTP,20090423,46.2,47.2,43.7,44.6,181400
NTP,20090422,47.6,47.6,44.3,47,346900
NTP,20090421,42.1,45.1,38.8,44.2,823900
NTP,20090420,42,42,39.2,41.9,166900
NTP,20090417,41.2,42.1,36.8,39,339200
NTP,20090416,41.7,42.2,39,39.9,248300
NTP,20090415,40.7,40.7,39,39.4,241800
NTP,20090414,41.2,44.3,40.2,42.2,178700
NTP,20090413,41.2,41.2,41.2,41.2,50700
NTP,20090410,36.4,38.2,36.4,38.2,199900
NTP,20090409,35.2,38,34.4,35.4,160800
NTP,20090408,36.9,36.9,34.2,35.4,279100
NTP,20090407,35.2,38,34.2,36.8,200900
NTP,20090403,33.7,35.4,33.7,35.2,194700
NTP,20090402,34.2,34.2,31.7,32.8,99300
NTP,20090401,32.7,32.7,31.4,32.1,120200
NTP,20090331,30.2,32,30.2,30.7,89300
NTP,20090330,31.2,32.2,30.7,31.2,87500
NTP,20090327,31.2,33.6,31.2,33,251500
NTP,20090326,29.8,32.6,28.9,31.1,165600
NTP,20090325,28.4,31.5,28.3,30.7,131200
NTP,20090324,29.2,29.2,28.9,29.2,82200
NTP,20090323,28.4,28.5,26.7,27,65000
NTP,20090320,28.3,29.4,27.9,28.5,92600
NTP,20090319,31.2,31.6,27.8,30.1,166000
NTP,20090318,29.7,29.7,28.2,29.7,112500
NTP,20090317,25.4,27.7,25.3,27.5,236400
NTP,20090316,25.7,25.9,25.2,25.6,48400
NTP,20090313,25.7,25.8,24.9,25.1,51700
NTP,20090312,24.2,25.9,24.2,24.8,53600
NTP,20090311,25.2,26.5,25.2,25.9,145100
NTP,20090310,24.2,25.2,24.2,24.5,132700
NTP,20090309,24.2,24.6,23,24.2,135800
NTP,20090306,24.2,24.8,23.7,24.5,75800
NTP,20090305,26.2,26.5,24.8,25.3,80900
NTP,20090304,23.3,25.4,23.2,24.6,53000
NTP,20090303,22.7,23.9,22.7,23.6,35800
NTP,20090302,22.7,24.6,22.7,24,32500
NTP,20090227,23,23.8,22.7,23.3,25800
NTP,20090226,22.2,23.5,22.2,23,26000
NTP,20090225,21.2,23.4,21.2,23.2,30900
NTP,20090224,22.9,22.9,21.3,21.6,53200
NTP,20090223,23.6,23.7,22.5,22.9,46300
NTP,20090220,23.7,24.7,23.7,24.2,36900
NTP,20090219,25.2,25.7,24.2,24.9,29500
NTP,20090218,25.1,25.1,24.3,24.5,29400
NTP,20090217,26.7,26.7,25.2,25.7,53600
NTP,20090216,26.7,27.1,26.7,26.8,10800
NTP,20090213,26.7,27.2,26.7,26.9,14800
NTP,20090212,26.6,27.3,26.3,26.7,32000
NTP,20090211,26.8,27,26.2,26.6,31800
NTP,20090210,28.2,28.7,27.2,27.6,20200
NTP,20090209,28.2,28.6,27.5,28.2,39700
NTP,20090206,26.2,28,26.2,27.2,28800
NTP,20090205,27.2,27.2,26.2,26.6,65400
NTP,20090204,27.3,29.2,26.7,28.3,50800
NTP,20090203,30.5,30.5,28.5,28.6,67800
NTP,20090202,31.5,31.5,30.7,30.9,26500
NTP,20090123,32.2,32.4,31.7,32.1,17200
NTP,20090122,31.7,32.2,31.7,32,27000
NTP,20090121,31.2,31.4,31.2,31.2,17200
NTP,20090120,31.4,31.5,31.2,31.4,32900
NTP,20090119,31.8,31.8,31.5,31.6,21500
NTP,20090116,32,32.2,31.7,31.8,33500
NTP,20090115,32.2,32.2,31.4,31.7,71300
NTP,20090114,32.4,32.8,32.1,32.5,44300
NTP,20090113,32.7,32.8,32.2,32.5,57400
NTP,20090112,33.9,34,32.8,33.2,46900
NTP,20090109,33.4,34.3,33.4,33.9,39800
NTP,20090108,34.2,34.7,32.5,33.6,89800
NTP,20090107,33.7,35.3,33.6,34.7,115400
NTP,20090106,31.7,33.9,31.7,32.7,127000
NTP,20090105,31.3,32.2,31.1,31.4,28300
NTP,20090102,31.1,31.5,31,31.3,46000
NTP,20081231,32.2,32.9,31.2,31.5,71200
NTP,20081230,31.2,31.7,30.9,31.3,130200
NTP,20081229,31.1,31.7,31,31.2,27800
NTP,20081226,31.4,31.4,31.1,31.3,25100
NTP,20081225,32.2,32.5,31.1,31.4,45200
NTP,20081224,31.3,32.2,30.7,31.3,73100
NTP,20081223,33.3,33.3,30.9,31.3,83200
NTP,20081222,32.2,32.8,31.4,32.7,157700
NTP,20081219,29.9,30.9,28.7,30.4,67900
NTP,20081218,29.7,30.1,28.5,29.5,14200
NTP,20081217,29.3,30.7,27.7,29.6,71300
NTP,20081216,31.6,31.6,28.6,29.2,81900
NTP,20081215,31.1,31.1,30.4,31.1,116300
NTP,20081212,27.2,29,26.2,28.8,82700
NTP,20081211,26.2,27.6,26.2,26.8,54100
NTP,20081210,26.3,27.7,26.1,26.2,45800
NTP,20081209,27.7,28.6,26.4,27.7,63800
NTP,20081208,29.2,29.2,27.1,27.3,63100
NTP,20081205,30.2,30.4,29.2,29.4,58000
NTP,20081204,31.5,31.7,31.2,31.4,88500
NTP,20081203,31.7,31.7,31.2,31.3,48300
NTP,20081202,30.2,32.2,30.2,31.3,31400
NTP,20081201,33.7,33.7,31.2,32.4,110600
NTP,20081128,29.4,33.7,29.4,33.6,420200
NTP,20081127,33.2,33.7,31,31.2,126400
NTP,20081126,35.2,35.2,33,33.6,156600
NTP,20081125,36.8,36.8,35.2,35.8,48000
NTP,20081124,36.2,37.6,35.1,35.8,63600
NTP,20081124,36.2,37.6,35.1,35.8,63600
NTP,20081121,35.9,37.2,35.2,36,186300
NTP,20081120,39.2,39.2,37,37.8,58200
NTP,20081119,39.4,40.7,39.4,40.1,62500
NTP,20081118,39.2,40.2,38.2,39.4,61200
NTP,20081117,41,41,39,39.8,40900
NTP,20081114,41.2,42.1,40.2,41.1,46900
NTP,20081113,37.7,40.6,37.7,39.1,60800
NTP,20081112,37.4,41.1,37.3,38.8,70300
NTP,20081111,42,42,40,40.4,130300
NTP,20081110,44.9,45.8,42.4,43.4,94600
NTP,20081107,41.6,45,41.4,42.5,142700
NTP,20081106,42.3,45.6,42,44.6,781400
NTP,20081105,42.3,42.3,42.3,42.3,40900
NTP,20081104,39.5,40.1,37.2,39.2,106700
NTP,20081103,39,39,35.5,37.1,162700
NTP,20081031,39,39.5,35,37.7,288400
NTP,20081030,37.8,37.8,34,36.9,225900
NTP,20081029,35.3,35.3,33.6,35,260500
NTP,20081028,31.5,36,31.4,32.6,203700
NTP,20081027,34.1,37.5,34,34.1,340500
NTP,20081024,39.4,39.4,36.6,37,257900
NTP,20081023,40,41.5,39.4,39.8,281300
NTP,20081022,43,44,42,42.8,128300
NTP,20081021,47,47,44,45.2,115900
NTP,20081020,48.2,48.2,43.5,44.5,138100
NTP,20081017,42.3,45.6,42.3,44.7,353300
NTP,20081016,44,44,42,42.3,157800
NTP,20081015,50,50.2,43.5,45.6,382100
NTP,20081014,46.6,46.6,46.6,46.6,144700
NTP,20081013,42.9,46,42,43.2,85700
NTP,20081010,42.8,44,42.8,42.9,164300
NTP,20081009,42.4,47.3,41,46.4,237200
NTP,20081008,42.4,45.5,42.4,43.9,229700
NTP,20081007,45.9,47,45.9,46,289000
NTP,20081006,51.5,51.5,49.4,49.8,174200
NTP,20081003,54.6,54.6,50.4,53.5,104800
NTP,20081002,53.5,56.5,53,54.6,311800
NTP,20081001,56,57,50,53.5,322300
NTP,20080930,53.1,53.1,53.1,53.1,116700
NTP,20080929,60,60,56,57.5,178800
NTP,20080926,58.7,58.7,56,58.2,345000
NTP,20080925,50.5,55.6,50.5,54.5,296700
NTP,20080924,54,54,50.5,51.6,95500
NTP,20080923,54.1,54.1,46.5,52.6,577100
NTP,20080922,50.2,50.2,50.2,50.2,34800
NTP,20080919,43.1,49.5,42.3,46.6,71500
NTP,20080918,46.5,47,45.7,45.9,78700
NTP,20080917,50.5,54,48.6,49.5,185800
NTP,20080916,60.4,60.4,51.9,52.7,240800
NTP,20080915,53.1,57.2,50,56.2,332500
NTP,20080912,56,56,52.8,53.1,347300
NTP,20080911,61,61,56.2,57.2,155800
NTP,20080910,60.1,62.4,56,59.3,273500
NTP,20080909,52.2,60.8,52.2,58,375400
NTP,20080908,56.5,58,56.5,56.5,214900
NTP,20080905,65,65,61,61.1,305800
NTP,20080904,70.7,70.7,65.4,66,320900
NTP,20080903,66,71,66,70.7,360400
NTP,20080829,65.9,69,65.9,66,237300
NTP,20080828,71.5,71.5,71.3,71.3,126600
NTP,20080827,78,82.8,71.4,77.1,500000
NTP,20080826,77.6,77.6,74,77.2,508600
NTP,20080825,69,73.7,69,72.2,388700
NTP,20080822,70,71.5,66.5,68.5,330700
NTP,20080821,67.5,71.1,63.9,67.9,547300
NTP,20080820,68.6,68.6,61.3,66.1,774700
NTP,20080819,64.1,64.1,61,63.8,899300
NTP,20080818,59.6,59.6,59.6,59.6,70600
NTP,20080815,55.4,55.4,55.4,55.4,82600
NTP,20080814,53.1,53.1,53.1,53.1,12100
NTP,20080813,50.9,50.9,50.9,50.9,57900
NTP,20080812,48.8,48.8,48.8,48.8,127000
NTP,20080811,46.7,46.7,46.7,46.7,65300
NTP,20080808,44.8,44.8,41.2,44.7,649800
NTP,20080807,42.9,42.9,42.9,42.9,41700
NTP,20080806,38.2,41.6,38.2,41.1,151700
NTP,20080805,42.7,42.7,39.1,39.8,879300
NTP,20080804,40.9,40.9,40.9,40.9,161600
NTP,20080801,39.1,39.1,39.1,39.1,23800
NTP,20080731,37.4,37.4,37.4,37.4,130900
NTP,20080730,35.8,35.8,35.8,35.8,64300
NTP,20080729,34.2,34.2,34.2,34.2,57600
NTP,20080728,31.1,34.1,31.1,32.7,254900
NTP,20080725,32.6,32.6,32.6,32.6,18700
NTP,20080724,34,35,34,34.2,522900
NTP,20080723,35.6,35.6,35.6,35.6,10100
NTP,20080722,37.3,37.3,37.3,37.3,100
NTP,20080721,39.2,39.2,39.1,39.1,34800
NTP,20080718,42.3,42.3,38.7,40.9,627500
NTP,20080717,40.5,40.5,40.5,40.5,28000
NTP,20080716,39.4,39.4,36,38.8,422700
NTP,20080715,37.7,37.7,37.7,37.7,31000
NTP,20080714,36.1,36.1,36.1,36.1,18700
NTP,20080711,34.5,34.5,34.5,34.5,25200
NTP,20080710,33,33,33,33,41600
NTP,20080709,31.5,31.5,31.2,31.5,408300
NTP,20080708,31.5,31.8,29,30.1,413800
NTP,20080707,31,31,28.2,30.4,496300
NTP,20080704,29.6,29.6,29.6,29.6,15000
NTP,20080703,28.3,28.3,28.3,28.3,46900
NTP,20080702,27,27,26.5,27,432100
NTP,20080701,25.8,25.8,25.8,25.8,11800
NTP,20080630,24.6,24.6,24.2,24.6,63700
NTP,20080627,24.3,24.4,22.2,23.5,158800
NTP,20080626,24.2,24.2,22,23.3,287200
NTP,20080625,23.1,23.1,23,23.1,86400
NTP,20080624,22,22,21.7,22,105100
NTP,20080623,19.4,21.4,19.4,21,218100
NTP,20080620,20.4,20.4,20.4,20.4,18700
NTP,20080619,21.4,21.4,21.4,21.4,189400
NTP,20080618,22.9,22.9,21.3,22.5,286200
NTP,20080617,22.1,22.1,22.1,22.1,6300
NTP,20080616,21.3,21.3,21.3,21.3,2500
NTP,20080613,20.6,20.6,20.6,20.6,12600
NTP,20080612,19.9,19.9,19.9,19.9,125100
NTP,20080611,19.5,19.5,18.1,19.2,244900
NTP,20080610,18.7,19.9,18.7,18.8,118500
NTP,20080609,19.4,19.4,19.4,19.4,1700
NTP,20080606,20.1,20.1,20.1,20.1,7300
NTP,20080605,20.9,20.9,20.9,20.9,900
NTP,20080604,21.7,21.7,21.7,21.7,100
NTP,20080603,22.5,22.5,22.5,22.5,65600
NTP,20080602,23.3,23.3,23.3,23.3,800
NTP,20080530,24.2,24.2,24.2,24.2,17200
NTP,20080529,25.1,25.1,25.1,25.1,115900
NTP,20080528,26,26,26,26,17700
NTP,20080527,26.9,26.9,26.9,26.9,10200
NTP,20080526,27.9,27.9,27.9,27.9,1200
NTP,20080522,29.9,29.9,29.9,29.9,300
NTP,20080521,31,31,31,31,100
NTP,20080520,32.1,32.1,32.1,32.1,24700
NTP,20080519,33.2,33.2,33.2,33.2,33400
NTP,20080516,34.3,36.6,34.3,34.4,191300
NTP,20080515,35.5,35.6,35.5,35.5,100200
NTP,20080514,36.7,36.7,36.7,36.7,300
NTP,20080513,38,38,38,38,7300
NTP,20080512,39.4,39.4,39.4,39.4,1800
NTP,20080509,40.8,40.8,40.8,40.8,36600
NTP,20080508,42.3,42.3,42.3,42.3,17900
NTP,20080507,43.8,43.8,43.8,43.8,10800
NTP,20080506,46,46,45.4,45.4,17900
NTP,20080505,48.6,48.6,46.9,47,24800
NTP,20080429,49.4,49.4,46.3,48.5,51800
NTP,20080428,47.8,47.8,47.8,47.8,20800
NTP,20080425,46,46.6,45.4,46.2,93000
NTP,20080424,44.1,46.8,44.1,45.1,72600
NTP,20080423,45.6,45.8,45.6,45.7,156500
NTP,20080422,47.5,48,47.1,47.2,133500
NTP,20080421,48.8,49,48.8,48.8,73500
NTP,20080418,53,53,49.6,50.5,81300
NTP,20080417,49.6,53,49.6,51.3,108800
NTP,20080416,51.5,52,51.3,51.3,52100
NTP,20080411,53.1,53.1,53.1,53.1,62900
NTP,20080410,55.4,55.4,54.8,54.9,225200
NTP,20080409,58.2,58.4,56.5,56.7,99900
NTP,20080408,60,60,56.2,58.4,363700
NTP,20080407,58.1,58.1,58.1,58.1,6500
NTP,20080404,56.2,56.2,56.2,56.2,400
NTP,20080403,55,55,55,55,600
NTP,20080402,53.8,53.8,53.8,53.8,1700
NTP,20080401,52.6,52.6,52.6,52.6,5200
NTP,20080331,51.5,51.5,51.5,51.5,2500
NTP,20080328,50.4,50.4,50.4,50.4,1500
NTP,20080327,49.3,49.3,49.3,49.3,3200
NTP,20080326,49.5,49.5,40.1,48.2,207000
NTP,20080325,46,46,44.2,44.3,155100
NTP,20080324,55,55,49,49.9,135700
NTP,20080321,58,59,54,55.3,85700
NTP,20080320,59,62,58,59.8,50300
NTP,20080319,62,62.8,58.1,61.3,170100
NTP,20080318,58,62,57.7,57.9,208100
NTP,20080317,67,67,63.5,64.9,136700
NTP,20080314,70,70,66,69.4,77500
NTP,20080313,69,72.5,68.5,70,126700
NTP,20080312,67.5,71,62,68.4,192200
NTP,20080311,73.5,73.5,65.8,66.4,107000
NTP,20080310,75.1,75.1,68,73.7,288900
NTP,20080307,67.6,67.6,67.6,67.6,16600
NTP,20080306,60.8,60.8,60.8,60.8,4400
NTP,20080305,53.5,62,53.2,54.6,139800
NTP,20080304,62.2,62.2,59.9,60,117530
NTP,20080303,71.8,71.8,63.6,67.4,83000
NTP,20080229,72,72.2,70.2,71.5,53800
NTP,20080228,72,82,72,74.6,74600
NTP,20080227,69,76.5,69,74.3,75100
NTP,20080226,82,82,70.1,73.4,72400
NTP,20080225,71,78.1,71,77.3,133800
NTP,20080222,70.2,75,64.6,70.3,107900
NTP,20080221,82,82,71.9,72.6,210900
NTP,20080220,82,85,78.5,80.7,146400
NTP,20080219,84,84,79,82.2,167000
NTP,20080218,86.9,86.9,82.1,83.6,55300
NTP,20080215,92,92,88,88.7,23300
NTP,20080214,89.2,92,89,90.3,17900
NTP,20080213,91,91,88,89.7,9800
NTP,20080212,93,94,90,92.6,19600
NTP,20080201,95,97.5,94.3,95.9,54600
NTP,20080131,102,105.8,89,94.3,43800
NTP,20080130,91,97.3,91,96.1,65400
NTP,20080129,87,90,87,88,92000
NTP,20080128,88,89,86.3,87.1,43500
NTP,20080125,89,89,86.5,87.9,56300
NTP,20080124,87,90,84.5,87.5,50700
NTP,20080123,90,90.1,85.1,86.9,57700
NTP,20080122,90.2,90.2,85,89.1,40100
NTP,20080121,90,91.5,90,90.8,9100
NTP,20080118,92,95,90.1,92.9,53300
NTP,20080117,99,100,88,90.9,122700
NTP,20080116,89,94.3,89,93.3,140000
NTP,20080115,91,91,83.6,85,110300
NTP,20080114,94,94,90.4,91.6,79000
NTP,20080111,94,96.4,93.5,95.2,34800
NTP,20080110,97,97,93.4,93.6,83700
NTP,20080109,99,100,96.2,97.6,32600
NTP,20080108,94,100,94,98.5,111700
NTP,20080107,100.8,100.8,95,97.7,52300
NTP,20080104,102.2,103,100.8,101.4,25700
NTP,20080103,105,105,102.2,103.3,22300
NTP,20080102,106,106,105,105.3,9600
NTP,20071228,105,106,105,105.6,18900
NTP,20071227,105.2,106.2,105.2,105.9,43400
NTP,20071226,104,106,104,105.4,13100
NTP,20071225,106,106.2,105,105.3,27800
NTP,20071224,106.5,107,105.5,106,56800
NTP,20071221,104,107.5,103.6,106.3,54900
NTP,20071220,106,108,102.1,106.3,88300
NTP,20071219,104.5,109,104.5,107.6,102900
NTP,20071218,102,104,101.3,102.5,52100
NTP,20071217,105,105,101,102.7,28700
NTP,20071214,104,104.2,102,103.2,47600
NTP,20071213,104.1,106,104,104.5,36500
NTP,20071212,106.5,107.6,103.5,105.6,27200
NTP,20071211,106.5,108.3,105,105.4,82500
NTP,20071210,108,108.3,106,106.9,47800
NTP,20071207,108,108.9,107.5,108.3,49900
NTP,20071206,109,109.5,108,108.5,81800
NTP,20071205,110.5,110.5,106.6,108.4,63500
NTP,20071204,108,111.5,108,110,95000
NTP,20071203,109,109,107.8,108.1,82000
NTP,20071130,109.8,109.8,107.4,108.1,55000
NTP,20071129,109.5,110,108,108.7,37100
NTP,20071128,108.7,109.8,107,108.1,56800
NTP,20071127,110,111,108,109.3,46200
NTP,20071126,107.3,109.5,107.3,108.8,83000
NTP,20071123,107,109,106.6,107.2,75800
NTP,20071122,106.5,117,106.5,107.7,179000
NTP,20071121,108,108.3,96.7,106.1,172700
NTP,20071120,110,110,107,108.3,45300
NTP,20071119,107,109.8,107,109.2,68100
NTP,20071116,110,111.1,109,110.1,25800
NTP,20071115,118,118,109,110.9,61500
NTP,20071114,105.5,116.9,105,115.4,177200
NTP,20071113,111,112,103.1,105.6,86800
NTP,20071112,113.5,114,111,112.7,97400
NTP,20071109,118,118,113,114.7,73500
NTP,20071108,119,119,116,117.5,64100
NTP,20071107,116,119.5,116,118.7,69700
NTP,20071106,112,116,112,114.3,64100
NTP,20071105,117,120,116,117.2,120500
NTP,20071102,122,122,118.8,120.5,146500
NTP,20071101,121,126,120,121.9,102200
NTP,20071031,120.6,121,119.5,120.2,100500
NTP,20071030,124,126,120,121.3,127400
NTP,20071029,126,131,123,124.4,89600
NTP,20071026,127,138.9,124,125.7,137000
NTP,20071025,128,128,124,125.6,129700
NTP,20071024,124,127,122,125.5,115500
NTP,20071023,128.7,128.7,119,122.6,203100
NTP,20071022,132,133,127,128.7,79000
NTP,20071019,124,132,124,128.1,144200
NTP,20071018,132,132,127,128.2,72900
NTP,20071017,142,144,130,136.2,136900
NTP,20071016,136,143.9,132,139.6,240300
NTP,20071015,129,135,127.8,130.1,154500
NTP,20071012,129,129.2,126,127.5,62400
NTP,20071011,131,131,127.5,129.1,65100
NTP,20071010,127,131,126.5,130,100400
NTP,20071009,124,129,124,126.5,150800
NTP,20071008,128,130,123,124.1,150300
NTP,20071005,129,130,122,125.9,147100
NTP,20071004,129,130.8,128.5,129.7,125100
NTP,20071003,130,130.5,126.5,128.5,146300
NTP,20071002,142,144.4,127,130.3,156500
NTP,20071001,128.5,131.1,126,130.6,217800
NTP,20070928,110.5,121,110.5,118.5,135900
NTP,20070927,109,110,108.5,109.2,87000
NTP,20070926,110.5,110.5,108,109.2,118900
NTP,20070925,106.5,112,105.6,109.7,85300
NTP,20070924,105,106.5,105,105.9,66900
NTP,20070921,105.5,106,104.5,104.9,86200
NTP,20070920,104.5,108,104.3,105.5,87900
NTP,20070919,102,105.5,102,104.3,90800
NTP,20070918,102.6,103.3,102.4,102.1,63800
NTP,20070917,102,103,101,102.1,89100
NTP,20070914,101,102.3,101,101.4,75800
NTP,20070913,100,101.8,99,100.7,40900
NTP,20070912,102,102,97,100.4,108000
NTP,20070911,104,104,101.6,102,47100
NTP,20070910,103.5,104.5,100,101.6,127200
NTP,20070907,104,104.8,97,103.2,176300
NTP,20070906,105,105,102.5,104.1,44000
NTP,20070905,104,106.5,104,105.7,103600
NTP,20070904,103,107,101,102.8,149100
NTP,20070831,108,108.9,102,105.1,150100
NTP,20070830,103,107.6,103,106.6,127200
NTP,20070829,96.5,104,96,102.1,145800
NTP,20070828,94.1,100,93.2,96.5,69800
NTP,20070827,92.1,95,92,93.9,56400
NTP,20070824,92,93.4,91.9,92.3,70300
NTP,20070823,91.5,92,91.5,91.9,83100
NTP,20070822,92,92.5,91.5,91.9,88700
NTP,20070821,92,92,91,91.9,59400
NTP,20070820,90.6,91.2,90.5,90.9,41500
NTP,20070817,90,92,90,91.2,63300
NTP,20070816,92,92.5,92,92.1,84500
NTP,20070815,92.1,92.5,91.5,92.1,60000
NTP,20070814,91,92.5,87,92.1,114400
NTP,20070813,92,93,90.5,91.8,91200
NTP,20070810,94,94,91,92.3,177400
NTP,20070809,90,92,90,91.5,168300
NTP,20070808,89,89.3,88,89,97100
NTP,20070807,87,88.5,86,87.9,86200
NTP,20070806,87.5,87.7,86.2,87,34100
NTP,20070803,89.5,89.5,86.5,87.7,66700
NTP,20070802,93,93,88.8,90.3,101500
NTP,20070801,86,91.8,84.5,89.8,210900
NTP,20070731,90,91,82.5,86,249700
NTP,20070730,91.5,92,89.5,90.3,119100
NTP,20070727,93,93.5,88,91.3,143300
NTP,20070726,100,100.5,93,95.7,95900
NTP,20070725,102,104,101,101.4,33200
NTP,20070724,104,106.8,103.7,104.6,50000
NTP,20070723,108.7,108.7,107,107.8,67600
NTP,20070720,108.5,109,108.2,108.7,55600
NTP,20070719,109.4,109.5,108.5,109,24100
NTP,20070718,110,110,109.1,109.7,34800
NTP,20070717,110.1,110.1,109,109.7,44800
NTP,20070716,111,111,109.1,110.1,18300
NTP,20070713,111,112.9,111,111.8,16700
NTP,20070712,115,115,112,112.7,22300
NTP,20070711,114.5,115.5,114.5,114.9,68900
NTP,20070710,112,113.5,112,113.1,44600
NTP,20070709,112,112,111,111.5,26200
NTP,20070706,111,113,110,111.1,26800
NTP,20070705,117,117,110.2,111.5,21200
NTP,20070704,111.8,117,111.1,113.8,90400
NTP,20070703,105,110.9,105,107.9,51800
NTP,20070702,115,116.5,109,112.4,18700
NTP,20070629,116,116,114.5,115.6,30300
NTP,20070628,115.6,115.6,113.8,116,25900
NTP,20070627,116,116,114,115.6,51400
NTP,20070626,116.3,116.3,115.5,115.8,22100
NTP,20070625,116.1,116.9,115.5,116,46900
NTP,20070622,115.6,116.9,115.2,115.7,24300
NTP,20070621,120.7,120.7,115.5,117.5,18200
NTP,20070620,121.1,121.1,120.1,120.7,51700
NTP,20070619,120,121,118.5,120.1,97300
NTP,20070618,118,121,118,119.4,34900
NTP,20070615,114,119,113,115.1,63500
NTP,20070614,112.1,115,112,114,58300
NTP,20070613,116,116,113,114.7,35600
NTP,20070612,118,118,116,116.8,55100
NTP,20070611,120,120,118,118.4,11000
NTP,20070608,122,123,120,120.8,66200
NTP,20070607,122,125,120.6,121.5,54100
NTP,20070606,122,122,120,120.4,117600
NTP,20070605,126,126,120,122.5,58700
NTP,20070604,126,126.2,123,124.1,19700
NTP,20070601,126,128,124,125.8,55200
NTP,20070531,124.9,127,124.9,126.1,58900
NTP,20070530,124,126,122.5,125,66200
NTP,20070529,126.9,128,125.1,125.9,118400
NTP,20070528,131,131,126,126.9,131800
NTP,20070525,128,129,127,128,111400
NTP,20070524,132,132,127,129.4,84100
NTP,20070523,132,135.8,132,133.6,128500
NTP,20070522,128,131.9,128,129.8,224400
NTP,20070521,131,131.8,127,128.7,64300
NTP,20070518,134,134.2,131,131.8,56700
NTP,20070517,135.9,136,132,134.2,35800
NTP,20070516,135.1,137,133.2,135.7,44600
NTP,20070515,89.4,89.4,85.1,133.5,219000
NTP,20070514,89.5,89.5,87.6,137.3,134250
NTP,20070511,85.6,87.4,84.2,133.7,188400
NTP,20070510,89.5,89.5,84.2,132.5,136050
NTP,20070509,88.4,88.4,83.3,134.8,203250
NTP,20070508,76.3,80.7,76.3,123.9,90450
NTP,20070507,74.5,75.8,72.3,116.8,59700
NTP,20070504,72.3,73.1,71.8,113.1,36900
NTP,20070503,71.6,72.7,71.4,112.3,46350
NTP,20070502,73.1,73.3,71.4,112.5,23400
NTP,20070425,71.8,73.8,71.4,114.4,106350
NTP,20070424,67.4,71.8,64.4,110.7,33450
NTP,20070423,71.8,73.6,67.4,110.7,117300
NTP,20070420,78.5,78.5,74.5,117.7,20400
NTP,20070419,85.1,85.1,76.2,124.8,54600
NTP,20070418,80.7,83.6,80.7,129.5,91050
NTP,20070417,70.9,81.1,67.4,117.2,197850
NTP,20070416,80,80.6,71.9,114.1,79650
NTP,20070413,80.7,83.6,78.5,125.5,111450
NTP,20070412,89.1,89.1,82.9,130.6,169200
NTP,20070411,90.6,90.6,87.3,136.7,58500
NTP,20070410,91.8,98.4,89.5,140.1,72750
NTP,20070409,89.5,91.7,89.1,139.3,82200
NTP,20070406,89.1,89.1,87.8,136.9,59700
NTP,20070405,91.8,91.8,85.6,137.7,80250
NTP,20070404,85.2,90.4,85.1,138.5,49950
NTP,20070403,89.5,91.5,82.5,129.5,89700
NTP,20070402,94,94,87.8,137.6,49650
NTP,20070330,101.1,102.8,94,152,76200
NTP,20070329,96.9,96.9,93.5,147,174900
NTP,20070328,81.1,94.2,76.2,135.4,115950
NTP,20070327,95.1,95.1,84.8,131.9,63900
NTP,20070326,100.9,100.9,90.1,147.1,40650
NTP,20070323,102.8,102.8,100.6,155.8,32400
NTP,20070322,105.1,105.1,101.5,160.3,45600
NTP,20070321,107.3,107.3,98.4,158.5,48750
NTP,20070320,111.7,111.7,105.1,166.9,17250
NTP,20070319,119.6,119.6,109.5,175.2,79650
NTP,20070319,119.6,119.6,109.5,175.2,79650
NTP,20070316,103.3,114.6,98.4,166.4,53400
NTP,20070315,109.1,109.1,100.4,159.6,91950
NTP,20070314,116.1,116.1,111.7,173.1,44850
NTP,20070313,117.9,118.4,116.1,179.9,36300
NTP,20070312,118.1,118.8,117,181.3,106950
NTP,20070309,121,121,117.9,181.6,51600
NTP,20070308,120.6,121,116.1,183.3,27300
NTP,20070307,122.8,122.8,108.3,182.3,76650
NTP,20070306,121,122.8,118.4,186.3,100500
