<Ticker>,<DTYYYYMMDD>,<Open>,<High>,<Low>,<Close>,<Volume>
PPG,20100729,24.5,24.8,24.1,24.8,49200
PPG,20100728,25.9,25.9,24,24.5,66500
PPG,20100727,25,26.2,25,25.7,186300
PPG,20100726,25,25,24.3,24.5,30600
PPG,20100723,24.8,25,24.6,24.8,39500
PPG,20100722,26,26,24.7,25.3,50900
PPG,20100721,27.2,27.2,25.7,26.2,167800
PPG,20100720,25.3,26,25.3,25.6,126400
PPG,20100719,25.3,26,24.6,25.3,98000
PPG,20100716,26,26,25.1,25.7,69000
PPG,20100715,26,26.9,25.7,26.2,172900
PPG,20100714,25.5,26.2,25.1,25.7,136500
PPG,20100713,25,25.5,24,24.8,74600
PPG,20100712,23.4,24,23.4,24,41800
PPG,20100709,23.5,24.2,23.5,23.7,50300
PPG,20100708,24,25.3,23.8,24.2,35500
PPG,20100707,25,25,23.4,24,67400
PPG,20100706,25.2,25.2,24,24.2,35800
PPG,20100705,24,25.2,24,24.8,69900
PPG,20100702,23.6,24.5,22.9,23.6,83800
PPG,20100701,23.5,24.5,22.6,23.6,84600
PPG,20100630,24,24.4,23.9,24.1,133500
PPG,20100629,26,26,25.2,25.6,70600
PPG,20100628,26.3,26.3,25.5,25.9,51800
PPG,20100625,26.5,27,25.7,26.3,155700
PPG,20100624,25.9,26.6,24.9,26.5,253800
PPG,20100623,24.5,26,24.4,24.9,141600
PPG,20100622,28,28,25.7,26.2,194300
PPG,20100621,26.2,28,26.2,27.6,170700
PPG,20100618,27.5,27.7,25,26.2,150800
PPG,20100617,26,26,25,25.9,556100
PPG,20100616,24,24.5,23.1,24.3,240800
PPG,20100615,23.3,23.8,22.5,22.9,64300
PPG,20100614,21.8,23.2,21.7,23,190000
PPG,20100611,22.5,22.5,21.4,21.7,52600
PPG,20100610,21.8,21.8,21,21.4,51700
PPG,20100609,22,22.5,21.1,21.8,134500
PPG,20100608,20.7,22.1,20.7,21.1,162700
PPG,20100607,22.5,22.5,22.2,22.2,91600
PPG,20100604,24.2,24.2,22.8,23.8,301300
PPG,20100603,22.7,22.7,22.7,22.7,25100
PPG,20100602,19.5,21.8,19.5,21.3,222100
PPG,20100601,20.6,21.5,20,20.4,291400
PPG,20100531,23,23,20.2,21.5,169500
PPG,20100528,21.5,21.5,21.5,21.5,55600
PPG,20100527,20.1,20.2,19.4,20.1,154100
PPG,20100526,18.9,18.9,18.2,18.9,133500
PPG,20100525,16.2,17.8,16.1,17.7,261700
PPG,20100524,15.8,17.6,15.8,16.7,126300
PPG,20100521,16.9,16.9,16.9,16.9,61000
PPG,20100520,17.5,19.8,17.3,18.1,143400
PPG,20100519,18.9,19,18.6,18.6,88600
PPG,20100518,21.2,21.2,19.8,20,96100
PPG,20100517,19.1,21.9,19.1,21.2,295800
PPG,20100514,20.5,20.5,20.5,20.5,20300
PPG,20100513,22,22,22,22,4000
PPG,20100512,23.6,23.6,23.6,23.6,1500
PPG,20100511,26.4,26.4,23,25.3,186900
PPG,20100510,24.7,24.7,24.2,24.7,463500
PPG,20100507,23.1,23.1,23.1,23.1,742700
PPG,20100506,21.6,21.6,21.6,21.6,86500
PPG,20100505,20.2,20.2,20.2,20.2,69800
PPG,20100504,18.9,18.9,18.9,18.9,26300
PPG,20100429,17.7,17.7,17.7,17.7,33300
PPG,20100428,16.6,16.6,16.6,16.6,126600
PPG,20100427,14.3,15.6,14.3,15.6,242500
PPG,20100426,14.5,14.8,14.5,14.6,12600
PPG,20100422,15.5,15.5,14.5,14.7,20400
PPG,20100421,14.9,15.7,14.8,15,53400
PPG,20100420,15,15,14.5,14.9,19600
PPG,20100419,15.5,15.5,14,14.2,21400
PPG,20100416,15,15.1,14.4,14.8,21900
PPG,20100415,15,15.2,14.2,14.3,69700
PPG,20100414,15,15.2,15,15.2,800
PPG,20100413,15.4,15.4,14.5,15,18900
PPG,20100412,15,15.4,14.5,15.4,168800
PPG,20100409,14.2,14.9,14,14.4,87600
PPG,20100408,14.3,14.3,13.9,14,12100
PPG,20100407,14.3,14.3,13.9,14,800
PPG,20100406,14.1,14.1,13.5,13.9,18800
PPG,20100405,14,14,13.7,13.9,21900
PPG,20100402,13.2,13.9,13.2,13.4,2500
PPG,20100401,13.9,13.9,13.1,13.2,4900
PPG,20100331,14.3,14.3,13,13.2,3700
PPG,20100330,13.3,13.8,13.2,13.4,900
PPG,20100329,14,14,13.2,13.5,5600
PPG,20100326,13.1,13.7,13.1,13.2,8600
PPG,20100325,13.9,14,13.3,13.4,3600
PPG,20100324,13.6,14.4,13.6,13.8,7500
PPG,20100323,14.7,14.7,13.2,13.6,6500
PPG,20100322,14.9,14.9,13.8,13.9,16700
PPG,20100319,14.2,14.2,13.9,14,14700
PPG,20100318,14.2,14.2,13.8,14,9400
PPG,20100317,15.3,15.3,13.8,14,26800
PPG,20100316,16,16,14.5,14.5,20300
PPG,20100315,16.3,16.3,15,15.5,44300
PPG,20100312,15.2,15.3,15.2,15.3,75800
PPG,20100311,14.3,14.3,14,14.3,60400
PPG,20100310,13.2,13.6,13.2,13.4,1300
PPG,20100309,12.7,14,12.7,13.6,32000
PPG,20100308,13,13.2,12.9,13.1,17100
PPG,20100305,13.4,13.4,12.9,13,500
PPG,20100304,13,13,12.9,13,11400
PPG,20100303,12.5,12.6,12.4,12.5,6300
PPG,20100302,12.5,13,12.4,12.8,25700
PPG,20100301,12.1,12.8,12,12.2,2900
PPG,20100226,12.9,12.9,12.9,12.9,1000
PPG,20100225,13,13,12.5,12.6,1200
PPG,20100224,13,13,12.4,12.8,4800
PPG,20100223,12.4,13,12.4,12.7,6800
PPG,20100222,13,13,12.9,12.9,1300
PPG,20100212,12.5,13,12.5,12.7,4400
PPG,20100211,12.5,12.6,12.5,12.5,4700
PPG,20100210,12.5,13,12.5,12.5,6100
PPG,20100209,12.5,12.5,12.5,12.5,800
PPG,20100208,13,13,13,13,100
PPG,20100205,12.5,12.9,12.5,12.6,3600
PPG,20100204,12.9,13.3,12.9,13.1,24200
PPG,20100203,12.5,12.8,12.4,12.6,17400
PPG,20100202,12.7,12.7,12.7,12.7,100
PPG,20100201,12,12.5,12,12.3,8100
PPG,20100129,12.6,12.6,11.9,12,6700
PPG,20100127,12.5,13,12.5,12.6,600
PPG,20100126,13.2,13.3,13,13.2,10500
PPG,20100125,12.6,12.6,11.7,12.5,11100
PPG,20100122,12,12.2,11.8,11.9,5900
PPG,20100121,12.3,12.3,11.5,11.8,17100
PPG,20100120,12.3,12.5,12.2,12.3,3400
PPG,20100119,11.8,13.1,11.8,12.9,23400
PPG,20100118,13,13,12.4,12.6,49400
PPG,20100115,13.9,13.9,12.8,13.2,25400
PPG,20100114,14,14.4,13.5,13.8,6800
PPG,20100113,13.7,13.7,12.9,13.5,73300
PPG,20100112,12.7,12.8,12.2,12.8,101600
PPG,20100111,12,12.1,11.5,11.9,20800
PPG,20100108,12.5,12.5,11.9,12.2,29800
PPG,20100107,11.8,12.3,11.7,12,15100
PPG,20100106,12,12.7,12,12.2,20000
PPG,20100105,13,13,12.1,12.7,66100
PPG,20100104,12,12.1,12,12.1,59000
PPG,20091231,11.7,11.7,10.9,11.3,16700
PPG,20091230,11.5,11.8,11,11.4,22000
PPG,20091229,11.8,12,11,11.3,27900
PPG,20091228,12.3,12.8,11.3,11.8,11300
PPG,20091225,12,12.3,11.6,12.1,65300
PPG,20091224,11.5,11.6,10.6,11.5,44700
PPG,20091223,10.7,11.1,10.7,10.8,23000
PPG,20091222,10,11.2,10,10.7,22400
PPG,20091221,10,10.7,10,10.6,26000
PPG,20091218,9.5,10.1,9.5,10,20600
PPG,20091217,9.3,9.9,9.2,9.4,9300
PPG,20091216,10,10,9.9,9.9,8200
PPG,20091215,11.2,11.2,10.5,10.7,13200
PPG,20091214,10.5,10.7,10.1,10.5,11800
PPG,20091211,10,10,9.8,10,4500
PPG,20091210,11,11,10.3,10.4,13500
PPG,20091209,11.3,11.3,10.6,10.6,8700
PPG,20091208,11.4,11.4,11.3,11.3,20200
PPG,20091207,11.5,11.5,11.4,11.4,8800
PPG,20091204,11.1,11.8,11.1,11.4,5100
PPG,20091203,11.7,11.7,11,11.3,24200
PPG,20091202,12.2,12.2,11.5,11.7,12000
PPG,20091201,12.2,12.4,12.2,12.4,28400
PPG,20091130,10.8,12.1,10.8,11.6,34800
PPG,20091127,10.8,12.2,10.8,11.3,36500
PPG,20091126,11.6,11.8,11.6,11.6,12900
PPG,20091125,13,13,12.2,12.5,18200
PPG,20091124,14,14,13,13.1,9300
PPG,20091123,13.9,13.9,13.2,13.5,8200
PPG,20091120,14.1,14.1,14,14,3200
PPG,20091119,14.1,14.6,14.1,14.2,16000
PPG,20091118,14.5,14.5,14,14.1,17400
PPG,20091117,14.6,14.9,14,14.5,32600
PPG,20091116,14.3,14.8,14.3,14.4,13500
PPG,20091113,14.2,14.5,14.2,14.3,6600
PPG,20091112,14.4,14.5,14.2,14.4,33300
PPG,20091111,13.2,14,13,13.5,26400
PPG,20091110,13.5,13.5,13.3,13.3,19800
PPG,20091109,14.4,14.5,14.2,14.3,22900
PPG,20091106,16,16,14.7,15.3,20800
PPG,20091105,14.5,15.3,14.5,15,42900
PPG,20091104,14.4,14.7,14,14.3,13100
PPG,20091103,15,15,14,14.4,12500
PPG,20091102,14.5,16,14.2,14.5,31700
PPG,20091030,15.3,15.3,15,15.3,30000
PPG,20091029,14.2,15.1,14.2,14.3,93000
PPG,20091028,15.1,16,15.1,15.3,120700
PPG,20091027,16.3,16.3,16.3,16.3,15800
PPG,20091026,17.8,17.8,17.4,17.5,31600
PPG,20091023,19.1,19.1,16.7,18.7,185300
PPG,20091022,17.8,17.8,17.8,17.8,70800
PPG,20091021,16,17,15.9,16.6,186500
PPG,20091020,15.5,16,15.3,15.9,121700
PPG,20091019,15.6,16,14.5,14.9,82800
PPG,20091016,17.1,17.1,14.9,15.6,129100
PPG,20091015,16,16,16,16,95900
PPG,20091014,14.2,15.2,14.2,14.9,198600
PPG,20091013,14.4,14.4,13.8,14.2,196700
PPG,20091012,13.5,13.6,13,13.4,156900
PPG,20091009,12.1,13,12.1,12.7,164400
PPG,20091008,12,12.5,12,12.1,16200
PPG,20091007,12.6,12.6,11.8,12,33400
PPG,20091006,11.8,11.9,11.7,11.8,20700
PPG,20091005,11.7,11.8,11.6,11.7,12000
PPG,20091002,11.8,12,11.3,11.6,48700
PPG,20091001,12,12.6,12,12.2,38300
PPG,20090930,12.5,12.6,12.1,12.4,15100
PPG,20090929,12.7,13,12.5,12.6,66500
PPG,20090928,13.5,13.5,12.3,12.7,61900
PPG,20090925,12.5,13.4,12.5,13.2,66000
PPG,20090924,12.4,13.3,12.4,12.5,71500
PPG,20090923,13.3,13.4,13,13.4,119400
PPG,20090922,12,12.9,11.8,12.5,140300
PPG,20090921,11.7,12.1,11.7,12,56500
PPG,20090918,11.4,11.8,11.3,11.7,42500
PPG,20090917,11.5,11.8,11,11.6,60000
PPG,20090916,11.5,11.6,11.3,11.4,29400
PPG,20090915,11.7,11.8,11.4,11.6,23600
PPG,20090914,11.8,11.8,11.4,11.6,23800
PPG,20090911,11.8,12,11.6,11.8,25400
PPG,20090910,11.8,11.8,11.5,11.6,13800
PPG,20090909,11.5,11.8,11.5,11.8,62300
PPG,20090908,10.7,11.4,10.6,11,41800
PPG,20090907,10.6,11,10.4,10.6,14800
PPG,20090904,11.3,11.6,10.8,11.1,28800
PPG,20090903,11.2,12,11,11.3,30300
PPG,20090901,12.4,12.4,11.5,11.8,8200
PPG,20090831,12.1,12.1,11.7,12,75300
PPG,20090828,11.1,11.4,11,11.3,52300
PPG,20090827,10.6,10.9,10.5,10.7,29200
PPG,20090826,10.6,10.7,10.4,10.6,11500
PPG,20090825,10.6,10.6,10.3,10.4,23200
PPG,20090824,10.3,10.9,10.2,10.6,38700
PPG,20090821,10.3,10.4,10.1,10.3,22600
PPG,20090820,10,10.3,10,10.2,23200
PPG,20090819,9.9,10.7,9.9,10.1,54500
PPG,20090818,9.9,10,9.9,10,16100
PPG,20090817,9.9,10,9.8,9.9,5000
PPG,20090814,10.1,10.1,9.8,9.9,9000
PPG,20090813,10.2,10.2,10,10.1,25600
PPG,20090812,10.5,10.5,10,10.1,9700
PPG,20090811,10.2,10.4,9.8,10.1,26900
PPG,20090810,10,10,9.8,9.9,11100
PPG,20090807,10,10,10,10,2100
PPG,20090806,9.9,10.1,9.9,10,10400
PPG,20090805,9.9,9.9,9.7,9.8,5900
PPG,20090804,9.7,9.8,9.7,9.7,17200
PPG,20090803,10.5,10.5,9.6,9.7,15800
PPG,20090731,9.9,10.2,9.7,9.9,6500
PPG,20090730,9.7,9.8,9.6,9.7,7100
PPG,20090729,9.9,10,9.5,9.7,25900
PPG,20090728,10.9,10.9,9.8,10,24000
PPG,20090727,11.3,11.3,10.3,10.6,25200
PPG,20090724,9.8,10.5,9.8,10.5,18600
PPG,20090723,9.6,10.1,9.6,9.8,11800
PPG,20090722,9.9,9.9,9.6,9.7,7900
PPG,20090721,10,10,9.5,9.7,6900
PPG,20090720,9.9,9.9,9.5,9.6,22000
PPG,20090717,10.4,10.4,9.9,10,22200
PPG,20090716,10.7,10.7,10,10.2,1900
PPG,20090715,10.2,10.5,10.2,10.4,5500
PPG,20090714,10.7,10.7,9.8,9.9,2600
PPG,20090713,10.3,10.3,10,10,6400
PPG,20090710,11.2,11.2,10,10.2,11300
PPG,20090709,10.6,10.6,10.5,10.5,9100
PPG,20090708,10.8,10.8,10.2,10.5,1100
PPG,20090707,10.7,10.7,10.2,10.6,9000
PPG,20090706,10.5,10.9,10.1,10.7,38800
PPG,20090703,10.2,10.2,10,10.2,3800
PPG,20090702,10.3,10.4,9.7,9.9,16200
PPG,20090701,10,10,9.7,9.8,23900
PPG,20090630,10.7,10.8,10.1,10.4,16300
PPG,20090629,11.3,11.4,10.4,10.9,16300
PPG,20090626,11.7,11.7,11,11.2,17900
PPG,20090625,11.4,11.6,10.8,11.4,22200
PPG,20090624,10.8,10.8,10.8,10.8,1000
PPG,20090623,10,11.4,9.9,10.1,38800
PPG,20090622,10.9,10.9,10.7,10.7,27200
PPG,20090619,12.5,12.5,11,11.5,27600
PPG,20090618,11.6,12,11.6,11.9,47100
PPG,20090617,11,11.6,11,11.2,70200
PPG,20090616,11.9,11.9,11.9,11.9,31800
PPG,20090615,14,14,12.6,12.8,50200
PPG,20090612,14,14,13,13.6,46200
PPG,20090611,13.5,14.1,13.5,13.8,60000
PPG,20090610,14.9,15.1,13.1,13.5,52800
PPG,20090609,14.1,14.1,13.8,14.1,228900
PPG,20090608,13.2,13.2,13.2,13.2,20000
PPG,20090605,12.3,12.3,12,12.3,127000
PPG,20090604,11,11.8,11,11.5,81600
PPG,20090603,11.3,11.4,10.7,11,24500
PPG,20090602,11.5,11.7,11,11.5,69200
PPG,20090601,10.8,10.9,10.6,10.9,49400
PPG,20090529,10.6,10.6,10,10.2,18900
PPG,20090528,10.3,10.5,9.9,10.1,20000
PPG,20090527,11.5,11.5,10.4,10.6,69700
PPG,20090526,11.8,11.8,10.3,11,75800
PPG,20090525,11.1,11.1,11,11.1,54500
PPG,20090522,11.2,11.2,10,10.4,28200
PPG,20090521,10.2,10.7,10.1,10.6,85400
PPG,20090520,10,10.2,9.7,10,69600
PPG,20090519,9.6,10.1,9.6,10,54500
PPG,20090518,10.3,10.3,9.6,9.8,25300
PPG,20090515,10.2,10.5,9.8,10.3,54000
PPG,20090514,10.2,10.2,8.8,9.8,40600
PPG,20090513,9.5,9.5,9.5,9.5,15700
PPG,20090512,8.8,9.3,8.8,8.9,39900
PPG,20090511,8.5,9.6,8.5,9.1,30500
PPG,20090508,9.1,9.5,9.1,9.2,46300
PPG,20090507,9.3,10.2,9.3,9.8,50500
PPG,20090506,9.9,10,9.9,9.9,33000
PPG,20090505,10.8,10.8,10.2,10.7,31500
PPG,20090504,10,10.1,10,10.1,19400
PPG,20090429,9.6,9.6,9.2,9.4,24000
PPG,20090428,9.6,9.6,9.3,9.5,41400
PPG,20090427,9.5,10,9.3,9.6,12500
PPG,20090424,10,10,9.3,9.5,10700
PPG,20090423,10.5,10.5,9.4,9.7,28700
PPG,20090422,10.2,10.4,9.8,10.1,36200
PPG,20090421,9.7,10.3,9.7,9.8,49500
PPG,20090420,10.5,10.5,10.5,10.5,9900
PPG,20090417,12.3,12.3,10.7,11.3,57300
PPG,20090416,10,11.6,10,11.5,78700
PPG,20090415,11.5,11.6,10.1,10.8,52300
PPG,20090414,10.9,10.9,10.4,10.8,119600
PPG,20090413,10.2,10.2,10.2,10.2,20400
PPG,20090410,9.5,9.5,9.5,9.5,700
PPG,20090409,8.7,9.2,8.6,8.9,36300
PPG,20090408,8.6,9,8.5,8.6,44900
PPG,20090407,9.1,9.3,9,9.1,33300
PPG,20090403,8.8,9.1,8.6,8.9,53600
PPG,20090402,8.7,8.7,8.5,8.6,7400
PPG,20090401,8.7,8.8,8.6,8.7,11200
PPG,20090331,8.5,8.5,8.3,8.3,11700
PPG,20090330,8.2,8.2,8.1,8.2,9400
PPG,20090327,8.4,8.4,8.2,8.3,9100
PPG,20090326,8.3,8.6,8.3,8.4,4400
PPG,20090325,8.4,8.5,8.3,8.4,22700
PPG,20090324,8.5,8.6,8.3,8.4,10500
PPG,20090323,8.3,8.4,8.2,8.3,2100
PPG,20090320,7.9,8.4,7.9,8.2,16500
PPG,20090319,8.8,9.1,8.4,8.5,33000
PPG,20090318,8.5,8.8,8.4,8.6,50200
PPG,20090317,8.3,8.4,8.2,8.3,9600
PPG,20090316,8.3,8.3,8.2,8.2,7000
PPG,20090313,8.3,8.3,8.2,8.2,15300
PPG,20090312,8.7,8.7,8.1,8.3,7900
PPG,20090311,8.6,8.8,8.4,8.7,18200
PPG,20090310,8.1,8.4,8.1,8.2,5500
PPG,20090309,7.9,8,7.8,7.9,5100
PPG,20090306,8,8.1,7.8,8,11400
PPG,20090305,8.5,8.5,8,8.2,9100
PPG,20090304,8.1,8.1,8,8.1,11300
PPG,20090303,8.1,8.1,8,8.1,5500
PPG,20090302,8.1,8.4,8,8.2,19700
PPG,20090227,8.4,8.4,8.3,8.4,7200
PPG,20090226,8.4,8.4,8.3,8.4,6700
PPG,20090225,8.4,8.7,8.4,8.6,12500
PPG,20090224,8.3,8.3,8.1,8.2,14500
PPG,20090223,8.4,8.4,8.3,8.4,20600
PPG,20090220,8.7,8.7,8.2,8.4,7600
PPG,20090219,8.5,8.6,8.5,8.6,9100
PPG,20090218,8.2,8.4,8.1,8.2,6000
PPG,20090217,9.4,9.4,8.2,8.4,14400
PPG,20090216,8.7,8.8,8.5,8.7,22000
PPG,20090213,8.7,8.7,8,8.2,1300
PPG,20090212,8.1,8.1,8,8.1,5600
PPG,20090211,8.1,8.1,8.1,8.1,3000
PPG,20090210,8.2,8.2,7.9,8.1,8600
PPG,20090209,8.4,8.6,8.4,8.4,13100
PPG,20090206,8.2,8.4,8,8.2,4100
PPG,20090205,8.4,8.4,8.1,8.2,19800
PPG,20090204,8.7,8.7,8.4,8.5,5600
PPG,20090203,8.7,9.1,8.4,8.7,2800
PPG,20090202,9.3,9.3,8.8,9,2500
PPG,20090123,9.5,9.5,9.4,9.5,3600
PPG,20090122,9.2,9.2,9.1,9.1,8100
PPG,20090121,9.2,9.2,8.9,9.1,21900
PPG,20090120,9.4,9.4,9.4,9.4,1000
PPG,20090119,9.5,9.7,9.2,9.3,16500
PPG,20090116,9.6,9.7,9.5,9.7,22200
PPG,20090115,8.9,9.2,8.6,9,40100
PPG,20090114,8.9,8.9,8.5,8.6,6200
PPG,20090113,8.6,8.7,8.4,8.5,10500
PPG,20090112,8.8,8.8,8.6,8.7,4600
PPG,20090109,8.7,8.7,8.7,8.7,3200
PPG,20090108,8.6,8.7,8.5,8.6,4000
PPG,20090107,9,9.3,8.8,8.9,16200
PPG,20090106,9,9,8.8,8.8,2100
PPG,20090105,8.9,8.9,8.6,8.7,2700
PPG,20090102,8.6,8.8,8.5,8.6,10400
PPG,20081231,8.9,8.9,8.5,8.6,10200
PPG,20081230,8.5,9.1,8.5,8.9,1500
PPG,20081229,9.3,9.3,8.8,9.1,200
PPG,20081226,9.9,9.9,8.8,8.8,17300
PPG,20081225,9.5,9.5,9.4,9.5,200
PPG,20081224,9.6,9.6,8.9,9,10500
PPG,20081223,10,10,9.5,9.6,3100
PPG,20081222,9.6,9.6,9.2,9.5,15100
PPG,20081219,8.4,9,8.4,8.9,7200
PPG,20081218,8.7,8.7,8.4,8.4,3700
PPG,20081217,8.6,8.8,8.4,8.6,3700
PPG,20081216,9.6,9.6,8.7,8.8,5000
PPG,20081215,9.4,9.4,9.4,9.4,3200
PPG,20081212,8.8,8.9,8.3,8.7,11100
PPG,20081211,8.1,8.7,8.1,8.3,1000
PPG,20081210,8.2,8.6,8.2,8.3,4000
PPG,20081209,8.4,8.7,8.2,8.4,7300
PPG,20081208,8.7,8.7,8.2,8.3,13700
PPG,20081205,9.8,9.8,8.7,8.9,8300
PPG,20081204,9.7,9.7,9.1,9.2,16600
PPG,20081203,9.5,9.6,9.1,9.3,8400
PPG,20081202,9.1,9.1,9,9.1,8400
PPG,20081201,9.3,9.6,8.9,9.4,36900
PPG,20081128,8.6,9.3,8.6,9.3,25500
PPG,20081127,8.7,8.7,8.6,8.6,13800
PPG,20081126,8.8,9,8.7,8.9,29400
PPG,20081125,9.1,9.1,8.6,8.8,10500
PPG,20081124,9.6,9.6,8.6,9,29100
PPG,20081124,9.6,9.6,8.6,9,29100
PPG,20081121,8.8,9.3,8.6,8.9,37900
PPG,20081120,8.5,8.8,8.5,8.6,18600
PPG,20081119,9.6,9.7,9.1,9.2,22100
PPG,20081118,9.5,9.7,9.4,9.6,21600
PPG,20081117,10.9,10.9,10.1,10.2,22500
PPG,20081114,11.1,11.3,10.6,10.9,19700
PPG,20081113,11.1,11.5,10,10.5,50800
PPG,20081112,10.4,11.1,10.4,10.7,51300
PPG,20081111,11.4,11.4,11.3,11.3,5800
PPG,20081110,12.7,12.7,11.1,12.2,51700
PPG,20081107,11.5,11.9,10.6,11.8,205400
PPG,20081106,11,11,10.6,11,116300
PPG,20081105,10.2,10.2,10.2,10.2,5100
PPG,20081104,9.5,9.5,9.5,9.5,12100
PPG,20081103,8.8,8.8,8.8,8.8,37600
PPG,20081031,8.1,8.1,8.1,8.1,1100
PPG,20081030,7.5,7.5,7.5,7.5,9600
PPG,20081029,6.9,6.9,6.9,6.9,23500
PPG,20081028,6.4,6.5,6.4,6.4,7300
PPG,20081027,6.7,6.7,6.5,6.6,16100
PPG,20081024,7.1,7.4,6.9,7.1,11400
PPG,20081023,7.2,7.4,7.2,7.3,5500
PPG,20081022,7.6,8,7.5,7.8,5600
PPG,20081021,7.9,8.2,7.9,8,6600
PPG,20081020,7.8,7.9,7.8,7.8,4300
PPG,20081017,8.6,8.6,8.1,8.3,4000
PPG,20081016,8.1,8.5,8,8.1,4400
PPG,20081015,9.2,9.2,8,8.6,10300
PPG,20081014,8.5,8.5,8.5,8.5,300
PPG,20081013,7,8.1,7,7.9,8600
PPG,20081010,8,8,7.3,7.6,10700
PPG,20081009,7.8,8.3,7.3,7.8,31600
PPG,20081008,7.7,8.4,7.7,7.9,7500
PPG,20081007,8.5,8.8,8.4,8.4,23000
PPG,20081006,9.5,9.5,8.9,9.2,5200
PPG,20081003,9.5,9.6,9.3,9.4,9900
PPG,20081002,9.8,9.8,9.3,9.5,22700
PPG,20081001,8.5,9.2,8.5,9,16800
PPG,20080930,8.5,8.5,8.5,8.5,14000
PPG,20080929,9.8,9.8,8.8,9.3,23900
PPG,20080926,9,10,9,9.6,24500
PPG,20080925,9,9.5,9,9.4,15100
PPG,20080924,8.9,9.4,8.8,9,6300
PPG,20080923,10,10.2,8.6,9.5,43900
PPG,20080922,9.4,9.4,9.4,9.4,1600
PPG,20080919,7.8,9.2,7.8,8.7,46400
PPG,20080918,8.5,8.5,8.5,8.5,6500
PPG,20080917,9.3,9.3,9.3,9.3,9900
PPG,20080916,10.4,10.4,10.1,10.1,11000
PPG,20080915,10.2,11.8,10.2,11,20500
PPG,20080912,11.1,11.1,11.1,11.1,6600
PPG,20080911,12,13,11.4,12.1,6200
PPG,20080910,12.6,12.6,11.8,12.4,83600
PPG,20080909,11.5,11.8,11,11.7,82300
PPG,20080908,10.9,12,10.7,10.9,38900
PPG,20080905,11.7,11.9,11.2,11.6,23500
PPG,20080904,12.5,12.6,11.6,12,45800
PPG,20080903,11,11.8,11,11.7,22200
PPG,20080829,9.9,11.7,9.9,10.9,16400
PPG,20080828,12.1,12.1,10.3,10.8,5400
PPG,20080827,11.3,11.3,10.5,11.2,89500
PPG,20080826,10.4,10.4,10.3,10.4,20200
PPG,20080825,8.5,9.6,8.5,9.6,29000
PPG,20080822,9.5,9.5,8.5,8.9,23700
PPG,20080821,8.5,9.8,8.5,9,14300
PPG,20080820,9.2,9.2,9.2,9.2,9000
PPG,20080819,10.6,10.6,9.6,10,8000
PPG,20080818,10.6,10.6,9.9,10.5,37700
PPG,20080815,9.8,9.8,9.8,9.8,3600
PPG,20080814,8.9,9.5,8.7,9.4,28600
PPG,20080813,9.4,9.4,8.7,9.1,11200
PPG,20080812,9.1,9.1,8.6,9.1,15800
PPG,20080811,8.7,8.7,8.7,8.7,1000
PPG,20080808,8.3,8.3,8,8.3,5700
PPG,20080807,8,8,7.7,7.9,9000
PPG,20080806,7.4,7.7,7.4,7.6,18700
PPG,20080805,7.6,7.6,7.3,7.4,7200
PPG,20080804,8.2,8.2,7.6,7.7,4700
PPG,20080801,8,8.5,8,8,4200
PPG,20080731,8.2,9,8.2,8.4,6400
PPG,20080730,8.6,8.9,8.5,8.6,13800
PPG,20080729,8.7,9.4,8.7,8.9,27000
PPG,20080728,9.1,9.1,9.1,9.1,12600
PPG,20080725,9.5,9.5,9.5,9.5,800
PPG,20080724,10,10,10,10,8700
PPG,20080723,10.5,10.5,10.5,10.5,100
PPG,20080721,11,11,11,11,100
PPG,20080718,12.4,12.4,11.4,11.5,14000
PPG,20080717,11.8,11.9,11.7,11.9,19000
PPG,20080716,11.7,11.8,10.8,11.4,46200
PPG,20080715,11.3,11.3,11.3,11.3,8300
PPG,20080714,10.8,10.8,10.8,10.8,11600
PPG,20080711,10.3,10.3,10,10.3,19500
PPG,20080710,9.7,10.1,9.6,9.9,29500
PPG,20080709,10.1,10.1,9.4,9.7,11900
PPG,20080708,9.7,9.8,9.7,9.7,13600
PPG,20080707,10.3,10.3,9.5,10.2,21500
PPG,20080704,9.6,10,9.6,9.9,13400
PPG,20080703,9.6,9.6,9.5,9.6,9400
PPG,20080702,9.4,9.4,9,9.2,32700
PPG,20080701,8.9,9,8.9,9,8400
PPG,20080630,8.7,9,8.6,8.6,7300
PPG,20080627,8.8,9.6,8.8,9,7500
PPG,20080626,9.3,9.4,8.6,9.2,9700
PPG,20080625,8.9,9,8.9,9,6500
PPG,20080624,8.4,8.7,8.4,8.6,7100
PPG,20080623,7.6,8.4,7.6,8.3,9500
PPG,20080620,8,8,8,8,3100
PPG,20080619,8.4,8.4,8.4,8.4,10400
PPG,20080618,9.1,9.1,8.5,8.8,35100
PPG,20080617,8.8,8.8,8.8,8.8,100
PPG,20080616,8.5,8.5,8.5,8.5,1200
PPG,20080613,8.2,8.2,8.2,8.2,900
PPG,20080612,7.9,7.9,7.9,7.9,400
PPG,20080611,7.6,7.6,7.6,7.6,13500
PPG,20080610,7.2,7.6,7.2,7.4,6300
PPG,20080609,7.4,7.4,7.4,7.4,3100
PPG,20080606,7.7,7.7,7.7,7.7,700
PPG,20080605,8,8,8,8,800
PPG,20080604,8.3,8.3,8.3,8.3,2200
PPG,20080603,8.6,8.6,8.6,8.6,200
PPG,20080602,8.9,8.9,8.9,8.9,600
PPG,20080530,9.1,9.4,9.1,9.2,1900
PPG,20080529,9.4,9.6,9.4,9.4,12700
PPG,20080528,9.7,10.2,9.7,9.7,12400
PPG,20080527,10,10,10,10,600
PPG,20080526,10.3,10.3,10.3,10.3,1100
PPG,20080522,10.4,11,10.4,10.8,7700
PPG,20080521,10.5,11,10.4,10.7,6200
PPG,20080520,10.6,11.3,10.6,10.7,3500
PPG,20080519,10.6,11.1,10.6,11,5800
PPG,20080516,10.6,11,10.6,10.8,106300
PPG,20080515,10.7,10.8,10.7,10.7,11700
PPG,20080514,11.1,11.1,11.1,11.1,10300
PPG,20080513,11.5,11.7,11.5,11.5,8000
PPG,20080512,11.9,11.9,11.9,11.9,5000
PPG,20080509,12.4,12.4,12.3,12.3,20900
PPG,20080508,12.7,12.9,12.7,12.7,24600
PPG,20080507,13.1,13.3,13,13.1,17900
PPG,20080506,13.5,13.5,13.4,13.4,46200
PPG,20080505,13.7,13.8,13.7,13.8,9300
PPG,20080429,14.3,14.3,13.5,14.2,16800
PPG,20080428,13.6,14,13.5,13.9,16800
PPG,20080425,13.2,13.6,13,13.6,13700
PPG,20080424,12.8,13.4,12.6,13.2,18800
PPG,20080423,13.1,13.1,13,13,30700
PPG,20080422,13.5,13.5,13.4,13.4,22700
PPG,20080421,13.6,14.2,13.6,13.8,14100
PPG,20080418,14.3,14.3,13.5,14,16500
PPG,20080417,13.5,14.3,13.5,13.9,58100
PPG,20080416,13.9,14.5,13.9,13.9,16000
PPG,20080411,14.4,14.4,14.4,14.4,1900
PPG,20080410,14.9,14.9,14.9,14.9,10200
PPG,20080409,15.5,15.5,15.4,15.4,7400
PPG,20080408,16.4,16.4,15.4,15.9,67600
PPG,20080407,15.9,15.9,15.9,15.9,7200
PPG,20080404,15.4,15.4,15.4,15.4,14100
PPG,20080403,15.1,15.1,15.1,15.1,100
PPG,20080402,14.8,14.8,14.8,14.8,8100
PPG,20080401,14.5,14.5,14.5,14.5,200
PPG,20080331,14.2,14.2,14.2,14.2,1200
PPG,20080328,13.9,13.9,13.9,13.9,1300
PPG,20080327,13.6,13.6,13.6,13.6,900
PPG,20080326,10.7,13.4,10.6,13.3,43200
PPG,20080325,12,12.4,11.7,12,40200
PPG,20080324,13.5,13.7,12.8,13.2,31800
PPG,20080321,14.6,15.2,13.9,14.5,15300
PPG,20080320,14.9,15.1,14.9,14.9,10000
PPG,20080319,15.9,16.1,14.4,15,16100
PPG,20080318,14.5,14.9,14.4,14.5,29400
PPG,20080317,17.1,17.1,15.8,16.2,17400
PPG,20080314,17.9,17.9,17.4,17.7,7700
PPG,20080313,17.4,18.8,17.2,18.5,18500
PPG,20080312,17.4,18.8,17.1,17.5,15800
PPG,20080311,19.1,19.1,16.9,17.1,22900
PPG,20080310,19.8,19.8,17.9,19.1,57800
PPG,20080307,17.8,17.8,17.8,17.8,2800
PPG,20080306,15.9,15.9,15.9,15.9,4200
PPG,20080305,14,14.9,14,14.2,46500
PPG,20080304,16.4,16.5,15.8,15.9,14500
PPG,20080303,18.4,18.4,17.1,17.8,29300
PPG,20080229,18.9,19.1,18.4,18.8,19200
PPG,20080228,19.4,19.9,19.4,19.5,9900
PPG,20080227,19.4,20.9,19.4,19.8,25700
PPG,20080226,22.4,22.7,18.9,20,20100
PPG,20080225,20.4,20.7,20.4,20.6,10900
PPG,20080222,18.1,20.4,17.7,18.6,30500
PPG,20080221,20.2,20.2,19.7,19.8,29700
PPG,20080220,23.5,23.5,21.3,22.2,18400
PPG,20080219,23.4,23.9,22.9,23.5,12300
PPG,20080218,23.9,24.2,22.5,23.1,22400
PPG,20080215,25.7,25.7,24.8,25,15900
PPG,20080214,25.9,27.2,25.4,26,6800
PPG,20080213,27.9,27.9,25.6,26.2,4500
PPG,20080212,30.1,30.1,25.5,26.8,9800
PPG,20080201,28.9,28.9,26.9,28,26900
PPG,20080131,27.4,27.4,25.4,26.9,18600
PPG,20080130,26.9,27.4,26.9,27.3,34800
PPG,20080129,22.9,25.2,22.9,24.7,12000
PPG,20080128,23.6,23.6,22.1,23.1,9800
PPG,20080125,23.4,23.9,23,23.5,11200
PPG,20080124,25.4,25.4,23.9,24.3,17500
PPG,20080123,23.9,24.4,23.6,24.1,31300
PPG,20080122,25.4,25.4,23.9,24.8,36100
PPG,20080121,25.7,26.9,25.4,26.3,15800
PPG,20080118,24.4,26.9,24.1,25.9,21400
PPG,20080117,26.8,27.2,24.1,25.7,25300
PPG,20080116,23.9,24.8,23.9,24.7,10200
PPG,20080115,23.9,23.9,22,22.3,24000
PPG,20080114,24.4,25,24.4,24.7,21100
PPG,20080111,25.9,28,25.9,27.1,21800
PPG,20080110,26.2,26.9,26,26.4,25000
PPG,20080109,28.9,28.9,27.4,28.1,14200
PPG,20080108,28.9,29.4,28.4,28.9,17600
PPG,20080107,30.4,30.4,27,28,18700
PPG,20080104,28.9,30.9,28.9,29.7,15800
PPG,20080103,31.8,31.8,30.6,30.9,8200
PPG,20080102,31.8,31.8,30.7,31.1,28900
PPG,20071228,31.9,31.9,31.4,31.6,11000
PPG,20071227,31.9,32.2,31.6,31.8,8400
PPG,20071226,31,32.4,31,32,21600
PPG,20071225,31.3,31.9,31.2,31.6,19300
PPG,20071224,31.9,32.1,30.9,31.5,14900
PPG,20071221,30,32.2,29.9,31,20200
PPG,20071220,32.4,32.4,30.8,31,29700
PPG,20071219,30.9,33.4,30.9,32.2,32700
PPG,20071218,29.4,31.9,29.1,30.7,19500
PPG,20071217,30.9,30.9,28.9,29.7,34900
PPG,20071214,32.1,32.4,31.5,32,11200
PPG,20071213,33.3,33.3,31.9,32.1,23400
PPG,20071212,31.9,34.4,31.5,33.2,50800
PPG,20071211,31.9,33.7,30.9,31.3,57200
PPG,20071210,34.1,34.1,31.9,32.9,47600
PPG,20071207,34.9,34.9,34.1,34.7,24300
PPG,20071206,33.9,34.4,32.9,34,20300
PPG,20071205,34.4,34.4,33.4,33.9,28100
PPG,20071204,35.8,36.5,35.2,35.9,66100
PPG,20071203,34.3,36,34.3,35.6,33400
PPG,20071130,36.4,36.5,33.4,34.3,26000
PPG,20071129,36.4,37.7,35.2,36.6,72400
PPG,20071128,32.4,35.7,32.4,34.3,156400
PPG,20071127,32.5,33.9,31.2,32.2,40800
PPG,20071126,31.2,32.2,30,31.4,33800
PPG,20071123,31,31.4,29.4,30.2,29800
PPG,20071122,29.9,31.6,29.9,30.9,27400
PPG,20071121,29.9,29.9,28.5,29.2,17000
PPG,20071120,30.4,30.8,29.9,30.3,16300
PPG,20071119,30.3,31.9,30.3,30.8,43700
PPG,20071116,29.4,30.9,27.9,29.9,36600
PPG,20071115,32.9,32.9,29.9,30.4,20400
PPG,20071114,29.9,32.8,29.9,32.6,84300
PPG,20071113,32.2,32.2,29.5,29.6,40400
PPG,20071112,35.7,35.9,32,33.1,34400
PPG,20071109,37.9,38.2,34.7,35.5,51900
PPG,20071108,39.4,39.8,37.4,38.2,23900
PPG,20071107,37.7,39.9,37.7,39.3,65600
PPG,20071106,38.4,38.4,36.8,37.2,42300
PPG,20071105,37.9,39.9,37.4,38.5,28600
PPG,20071102,41.9,43.6,38.9,40.3,64500
PPG,20071101,36.9,41,35.9,39.4,69000
PPG,20071031,37.4,37.4,35.9,37,46500
PPG,20071030,40.9,41.4,37.3,38.7,84400
PPG,20071029,43.9,45.9,40,41.7,76400
PPG,20071026,44.3,44.3,38.9,44.1,173900
PPG,20071025,40,40,40,40,35100
PPG,20071024,34.9,37.4,34.9,36.1,140000
PPG,20071023,36.9,36.9,33.4,34.4,39000
PPG,20071022,35.9,37.4,34.9,36.2,88100
PPG,20071019,35.4,37,31.4,34.5,75200
PPG,20071018,37.4,39.1,32.4,33.4,62700
PPG,20071017,36.1,37.9,31.9,35.3,47000
PPG,20071016,34.4,34.4,33.4,34.4,96700
PPG,20071015,29.4,31.3,29.4,31,62800
PPG,20071012,27.9,28.7,27.4,28.2,20600
PPG,20071011,28.9,29.4,27.4,28.1,35100
PPG,20071010,29.8,29.8,28.3,28.8,15900
PPG,20071009,29.6,30.4,28.9,29.4,25600
PPG,20071008,27.8,29.4,27.1,28.3,59400
PPG,20071005,28.4,28.7,26,27,32100
PPG,20071004,28.9,29.9,25.9,28.6,30700
PPG,20071003,31.9,31.9,27.7,29.1,23900
PPG,20071002,32.6,32.6,29.4,30.8,26000
PPG,20071001,25.9,29.7,25.9,29.4,21900
PPG,20070928,25.4,27.4,25.2,26.8,26800
PPG,20070927,24.7,25.4,24.1,25.1,13800
PPG,20070926,26,26,23.9,25.1,31500
PPG,20070925,22.9,23.8,22.9,23.4,21300
PPG,20070924,20.4,22.9,20.4,21.4,23900
PPG,20070921,20.9,20.9,20.4,20.6,4400
PPG,20070920,20.9,21.3,20.9,21,21500
PPG,20070919,20.9,20.9,20.3,20.5,8200
PPG,20070918,20.9,20.9,19.9,19.6,3700
PPG,20070917,19.4,19.9,19,19.6,9000
PPG,20070914,18.5,19.9,18.5,19.4,6200
PPG,20070913,20.9,20.9,19.7,20.1,5200
PPG,20070912,22.7,23.4,19.5,22,15900
PPG,20070911,20.4,21.7,19.7,21,23700
PPG,20070910,18.9,19.9,18.9,19.5,23400
PPG,20070907,17.9,18.5,17.5,18,14200
PPG,20070906,17.9,17.9,17.5,17.8,3700
PPG,20070905,17.9,17.9,17.4,17.5,2100
PPG,20070904,17.1,17.4,17.1,17.3,800
PPG,20070831,17.1,17.2,17,17,3800
PPG,20070830,17.1,17.4,16.9,17.1,11600
PPG,20070829,16.9,17.3,16.7,17.1,4300
PPG,20070828,17,17,16.9,16.9,5300
PPG,20070827,17.5,17.5,17,17.1,11700
PPG,20070824,17.1,17.6,17.1,17.5,4700
PPG,20070823,16.9,17.9,16.9,17.3,6400
PPG,20070822,18.4,18.9,16.9,17.7,4900
PPG,20070821,17.3,17.4,17,17.2,9700
PPG,20070820,17.4,18.4,17.3,17.5,2800
PPG,20070817,18.9,18.9,17.1,17.9,14100
PPG,20070816,20.4,20.4,19.2,19.3,4400
PPG,20070815,19.8,19.8,19.1,19.4,1400
PPG,20070814,19.8,19.8,19.4,19.5,2900
PPG,20070813,19.5,19.5,19.2,19.3,3000
PPG,20070810,20.9,20.9,19.7,19.9,2300
PPG,20070809,20.2,20.4,19.9,20.1,2800
PPG,20070808,20.4,20.6,19.5,20.2,5500
PPG,20070807,19.8,19.8,19.8,19.8,100
PPG,20070806,21.4,21.4,21.4,21.4,100
PPG,20070803,19.9,19.9,19.9,19.9,700
PPG,20070802,21.9,21.9,19.9,21.2,3000
PPG,20070801,21.8,21.8,21.4,21.7,1200
PPG,20070731,21.9,21.9,19.9,20.2,700
PPG,20070730,19.9,19.9,19.7,19.9,2200
PPG,20070727,21.2,21.2,19.9,20.1,11500
PPG,20070726,21.4,21.6,21.3,21.5,2900
PPG,20070725,21.5,21.9,21.5,21.7,3100
PPG,20070724,21.9,22,21.1,21.8,7500
PPG,20070723,22.6,22.6,21.9,22.2,6200
PPG,20070720,22.5,22.7,22.4,22.6,7000
PPG,20070719,22.7,22.7,22.6,22.6,1700
PPG,20070718,23.7,23.7,22.1,22.6,4900
PPG,20070717,23.9,23.9,22.4,22.7,1400
PPG,20070716,22.9,22.9,22.5,22.6,2400
PPG,20070713,23.7,23.7,22.9,23.1,2200
PPG,20070712,24.7,24.7,23.4,23.5,4700
PPG,20070711,24.4,24.4,23.4,23.9,5800
PPG,20070710,23.2,24.4,23.2,23.7,6800
PPG,20070709,23.3,23.3,23.2,23.2,900
PPG,20070706,23.7,23.9,21.9,23,6200
PPG,20070705,23.9,23.9,23.7,23.8,4300
PPG,20070704,24.9,24.9,24.9,24.9,2600
PPG,20070703,22.8,22.8,22.8,22.8,1200
PPG,20070702,24,24,23,23.8,3300
PPG,20070629,22.9,25.4,22.9,24,5300
PPG,20070628,26.9,26.9,23.9,25,9800
PPG,20070627,25.4,25.5,25.2,25.4,10900
PPG,20070626,25.8,25.8,24.9,25.3,4300
PPG,20070625,24.9,25.9,24.9,25,14900
PPG,20070622,25.9,25.9,24.7,25.2,10000
PPG,20070621,25.7,25.7,25.4,25.4,7100
PPG,20070620,26.4,26.4,25.9,26.2,5100
PPG,20070619,26.5,26.5,26.1,26.4,7300
PPG,20070618,27.2,27.2,26.5,26.6,6800
PPG,20070615,27,27.4,26.6,27,11400
PPG,20070614,27,27.4,26.9,27.1,19600
PPG,20070613,26.9,26.9,26.8,26.9,15300
PPG,20070612,26.9,27.4,26.7,26.9,14200
PPG,20070611,27.4,27.4,26.9,27.1,4600
PPG,20070608,28.9,28.9,27.4,27.9,10700
PPG,20070607,28.4,29.9,28.4,28.7,5700
PPG,20070606,27.4,27.9,27.4,27.8,24300
PPG,20070605,26.9,27.9,26.9,27.4,13400
PPG,20070604,27.9,28.4,27.4,27.9,17300
PPG,20070601,28.9,29.1,27.9,28.4,16900
PPG,20070531,27.9,28.9,27.9,28.3,17200
PPG,20070530,28.1,28.8,27.9,28.1,4500
PPG,20070529,28.4,29.2,27.9,28.5,10900
PPG,20070528,30.9,30.9,27.9,29,25800
PPG,20070525,29.9,30.9,29.6,30.3,6600
PPG,20070524,32.9,32.9,29.6,31.6,1500
PPG,20070523,32.9,33.9,31.9,33,21800
PPG,20070522,31.9,33.5,31.3,32.2,23400
PPG,20070521,29.4,30.9,29,30.2,24300
PPG,20070518,29.4,29.9,28.6,29,19500
PPG,20070517,29.9,29.9,27.5,29.5,5600
PPG,20070516,31.1,33.6,28.4,30.8,27000
PPG,20070515,28.5,30.7,28.5,30.5,46200
PPG,20070514,26.9,28.5,26.9,27.7,24700
PPG,20070511,25.9,26.4,24.9,25.7,8800
PPG,20070510,25.9,25.9,25,25.4,6400
PPG,20070509,26.9,26.9,25.4,26.3,11700
PPG,20070508,28.9,28.9,25.9,26.7,23800
PPG,20070507,25.9,26.4,25.9,26.1,5000
PPG,20070504,25.9,26,24.5,25.8,4700
PPG,20070503,24.1,25.9,24.1,25.5,2100
PPG,20070502,27.9,27.9,26.9,27.1,600
PPG,20070425,26.9,27.4,26.9,27.2,11300
PPG,20070424,24.9,25.9,24.9,25.5,5700
PPG,20070423,25.9,25.9,24.9,25.2,7400
PPG,20070420,25.9,26.3,25.3,25.7,8400
PPG,20070419,28.3,28.3,26.9,27.9,19700
PPG,20070418,24.4,26.7,24.1,25.5,4500
PPG,20070417,24.3,24.3,23.5,24,12000
PPG,20070416,27.1,27.4,25,26,17200
PPG,20070413,29.8,29.8,27.9,28.1,15300
PPG,20070412,30.1,30.9,29.2,29.8,6000
PPG,20070411,31.9,31.9,30.9,31.3,4800
PPG,20070410,34.1,34.1,31.9,32.6,10100
PPG,20070409,34.9,35.4,33.9,34.1,5100
PPG,20070406,34.7,34.7,34.3,34.4,2500
PPG,20070405,35,35.1,33.9,34.6,6000
PPG,20070404,32.6,35.6,31.9,32.2,12500
PPG,20070403,30.5,32.9,30.5,32.1,19100
PPG,20070402,38.8,38.8,34,34.1,17400
PPG,20070330,38.3,38.3,36.9,38.1,39300
PPG,20070329,34.9,34.9,33.9,34.6,41000
PPG,20070328,31.4,34.9,28.4,31.5,42900
PPG,20070327,31.4,33.9,31.4,31.7,7200
PPG,20070326,37.9,37.9,34.4,35.2,16800
PPG,20070323,40.9,41.9,36.9,37.9,25500
PPG,20070322,43.4,44.4,38.8,40.9,17600
PPG,20070321,46.9,47.9,41.4,43.4,22800
PPG,20070320,50.2,50.2,40.9,45.6,77500
PPG,20070319,45.4,45.4,45.3,45.4,79400
PPG,20070319,45.4,45.4,45.3,45.4,79400
PPG,20070316,40.1,42.9,40.1,41,95700
PPG,20070315,44.8,44.8,44.8,44.8,700
PPG,20070314,53.9,53.9,49.5,50.1,12400
PPG,20070313,57.9,57.9,51.9,55.8,58400
PPG,20070312,52.4,52.4,52.4,52.4,27600
PPG,20070309,47.5,47.5,43.8,47.4,98500
PPG,20070308,42.8,43.7,39.5,42.9,99800
PPG,20070307,38.4,41.7,37.7,39.5,65300
PPG,20070306,38.9,39.4,34.9,37.7,41200
