<Ticker>,<DTYYYYMMDD>,<Open>,<High>,<Low>,<Close>,<Volume>
PRUBF1,20100729,4.9,5,4.8,5,22840
PRUBF1,20100728,4.9,4.9,4.8,4.9,46230
PRUBF1,20100727,5,5,4.9,4.9,142070
PRUBF1,20100726,5,5,4.8,4.9,65800
PRUBF1,20100723,5,5.1,4.9,4.9,43760
PRUBF1,20100722,5,5.1,5,5,32370
PRUBF1,20100721,5,5.1,5,5,57540
PRUBF1,20100720,5,5.1,5,5,192310
PRUBF1,20100719,5,5.1,5,5,6090
PRUBF1,20100716,5.1,5.1,5,5.1,13060
PRUBF1,20100715,5.1,5.1,5,5,19350
PRUBF1,20100714,5.1,5.2,5.1,5.1,72450
PRUBF1,20100713,5,5.1,5,5.1,83430
PRUBF1,20100712,5,5,4.9,5,3770
PRUBF1,20100709,4.9,5.1,4.9,5,22910
PRUBF1,20100708,5,5.1,4.9,5,33060
PRUBF1,20100707,5,5.1,4.9,4.9,48650
PRUBF1,20100706,5.1,5.1,5,5,28330
PRUBF1,20100705,5.1,5.1,5,5.1,62900
PRUBF1,20100702,5,5.1,5,5.1,64410
PRUBF1,20100701,5.1,5.2,5,5.1,94440
PRUBF1,20100630,5.1,5.2,5.1,5.1,143300
PRUBF1,20100629,5.2,5.2,5.1,5.2,44690
PRUBF1,20100628,5.2,5.2,5.1,5.2,30880
PRUBF1,20100625,5.2,5.3,5.2,5.2,46450
PRUBF1,20100624,5.2,5.3,5.2,5.2,39780
PRUBF1,20100623,5.2,5.3,5.2,5.2,58150
PRUBF1,20100622,5.3,5.3,5.2,5.3,28620
PRUBF1,20100621,5.3,5.3,5.2,5.3,39730
PRUBF1,20100618,5.2,5.3,5.2,5.3,31540
PRUBF1,20100617,5.2,5.3,5.2,5.2,30350
PRUBF1,20100616,5.2,5.3,5.2,5.2,46000
PRUBF1,20100615,5.2,5.3,5.2,5.2,33220
PRUBF1,20100614,5.2,5.3,5.2,5.2,14260
PRUBF1,20100611,5.3,5.3,5.2,5.3,41460
PRUBF1,20100610,5.2,5.3,5.1,5.3,114790
PRUBF1,20100609,5.4,5.4,5.3,5.3,23710
PRUBF1,20100608,5.2,5.4,5.2,5.4,12530
PRUBF1,20100607,5.3,5.3,5.2,5.2,83810
PRUBF1,20100604,5.4,5.4,5.3,5.4,27570
PRUBF1,20100603,5.4,5.5,5.3,5.4,43910
PRUBF1,20100602,5.3,5.4,5.2,5.4,26230
PRUBF1,20100601,5.4,5.4,5.3,5.3,25800
PRUBF1,20100531,5.5,5.5,5.4,5.4,23690
PRUBF1,20100528,5.4,5.5,5.3,5.5,36480
PRUBF1,20100527,5.3,5.4,5.2,5.3,38030
PRUBF1,20100526,5.3,5.4,5.2,5.3,22660
PRUBF1,20100525,5.2,5.3,5.2,5.3,80550
PRUBF1,20100524,5.2,5.4,5.2,5.3,728930
PRUBF1,20100521,5.3,5.4,5.3,5.4,81790
PRUBF1,20100520,5.5,5.5,5.4,5.5,19190
PRUBF1,20100519,5.6,5.6,5.4,5.5,167640
PRUBF1,20100518,5.6,5.7,5.6,5.6,48640
PRUBF1,20100517,5.7,5.7,5.6,5.7,74440
PRUBF1,20100514,5.7,5.8,5.6,5.7,38720
PRUBF1,20100513,5.8,5.8,5.6,5.7,77970
PRUBF1,20100512,5.7,5.8,5.7,5.7,69570
PRUBF1,20100511,5.8,5.9,5.8,5.8,71350
PRUBF1,20100510,5.8,5.9,5.7,5.9,91580
PRUBF1,20100507,5.8,5.9,5.8,5.9,75340
PRUBF1,20100506,5.9,5.9,5.8,5.9,181590
PRUBF1,20100505,5.9,5.9,5.8,5.9,113310
PRUBF1,20100504,5.8,5.9,5.7,5.9,263950
PRUBF1,20100429,5.8,5.8,5.7,5.7,42790
PRUBF1,20100428,5.8,5.8,5.7,5.8,103060
PRUBF1,20100427,5.8,5.8,5.7,5.8,70530
PRUBF1,20100426,5.7,5.8,5.7,5.8,58110
PRUBF1,20100422,5.8,5.8,5.7,5.7,126960
PRUBF1,20100421,5.7,5.8,5.7,5.7,83170
PRUBF1,20100420,5.7,5.8,5.7,5.7,68260
PRUBF1,20100419,5.7,5.8,5.7,5.8,104360
PRUBF1,20100416,5.7,5.8,5.7,5.8,70320
PRUBF1,20100415,5.7,5.8,5.7,5.8,42730
PRUBF1,20100414,5.7,5.8,5.7,5.8,118460
PRUBF1,20100413,5.7,5.8,5.7,5.8,42800
PRUBF1,20100412,5.7,5.8,5.7,5.8,47340
PRUBF1,20100409,5.7,5.7,5.6,5.7,68180
PRUBF1,20100408,5.7,5.7,5.6,5.6,131810
PRUBF1,20100407,5.7,5.8,5.6,5.7,46600
PRUBF1,20100406,5.8,5.8,5.6,5.6,78490
PRUBF1,20100405,5.7,5.7,5.6,5.7,127690
PRUBF1,20100402,5.7,5.7,5.7,5.7,100920
PRUBF1,20100401,5.7,5.7,5.6,5.7,38160
PRUBF1,20100331,5.7,5.7,5.6,5.6,60310
PRUBF1,20100330,5.7,5.8,5.7,5.7,34900
PRUBF1,20100329,5.7,5.8,5.6,5.7,162580
PRUBF1,20100326,5.9,5.9,5.7,5.8,98250
PRUBF1,20100325,5.8,5.9,5.8,5.9,36700
PRUBF1,20100324,5.9,6,5.8,5.9,168900
PRUBF1,20100323,5.9,6,5.9,5.9,35120
PRUBF1,20100322,5.9,6,5.8,5.9,45320
PRUBF1,20100319,5.9,6,5.8,6,33690
PRUBF1,20100318,6,6.1,6,6,86660
PRUBF1,20100317,5.9,6.1,5.9,6,97040
PRUBF1,20100316,5.9,6,5.8,5.9,71870
PRUBF1,20100315,6,6.1,6,6,107460
PRUBF1,20100312,5.9,6,5.9,6,38110
PRUBF1,20100311,5.9,6,5.9,6,192490
PRUBF1,20100310,5.9,6,5.9,6,64700
PRUBF1,20100309,5.9,6,5.8,5.9,87040
PRUBF1,20100308,5.8,6,5.8,5.9,124010
PRUBF1,20100305,5.9,6,5.9,5.9,142700
PRUBF1,20100304,6,6,5.8,5.9,90900
PRUBF1,20100303,5.8,5.9,5.8,5.9,53800
PRUBF1,20100302,5.9,6,5.8,5.8,152030
PRUBF1,20100301,5.8,5.9,5.8,5.9,42800
PRUBF1,20100226,6,6,5.9,5.9,50250
PRUBF1,20100225,5.8,6,5.8,6,171190
PRUBF1,20100224,5.8,5.9,5.8,5.9,274510
PRUBF1,20100223,5.8,5.8,5.7,5.7,137490
PRUBF1,20100222,5.7,5.8,5.7,5.8,93980
PRUBF1,20100212,5.8,5.9,5.8,5.8,19780
PRUBF1,20100211,5.9,5.9,5.8,5.8,35350
PRUBF1,20100210,5.7,5.9,5.7,5.9,326670
PRUBF1,20100209,5.6,5.8,5.6,5.7,228140
PRUBF1,20100208,5.7,5.8,5.6,5.6,29660
PRUBF1,20100205,5.7,5.7,5.6,5.7,28730
PRUBF1,20100204,5.7,5.8,5.6,5.7,49320
PRUBF1,20100203,5.6,5.8,5.6,5.7,42860
PRUBF1,20100202,5.7,5.7,5.6,5.7,35110
PRUBF1,20100201,5.7,5.8,5.6,5.7,13320
PRUBF1,20100129,5.6,5.8,5.6,5.6,118360
PRUBF1,20100128,5.7,5.8,5.7,5.7,50270
PRUBF1,20100127,5.8,5.9,5.6,5.7,138040
PRUBF1,20100126,5.7,5.8,5.7,5.8,125240
PRUBF1,20100125,5.7,5.8,5.6,5.6,60550
PRUBF1,20100122,5.8,5.9,5.7,5.7,65360
PRUBF1,20100121,5.6,5.9,5.6,5.9,120750
PRUBF1,20100120,5.8,5.9,5.7,5.7,28790
PRUBF1,20100119,5.9,5.9,5.7,5.8,85690
PRUBF1,20100118,5.8,5.9,5.7,5.7,96340
PRUBF1,20100115,5.9,6,5.8,6,81400
PRUBF1,20100114,6.2,6.2,5.9,5.9,48200
PRUBF1,20100113,6,6,5.8,6,100710
PRUBF1,20100112,5.9,6.1,5.9,5.9,109150
PRUBF1,20100111,6.1,6.2,6,6,131420
PRUBF1,20100108,6.2,6.3,6,6.1,238070
PRUBF1,20100107,6.3,6.3,6.1,6.2,94510
PRUBF1,20100106,6,6.3,6,6.3,232580
PRUBF1,20100105,6.3,6.4,6.1,6.2,192840
PRUBF1,20100104,5.9,6.1,5.9,6.1,193670
PRUBF1,20091231,6,6.1,5.9,5.9,110730
PRUBF1,20091230,5.8,6,5.7,6,121390
PRUBF1,20091229,5.8,5.8,5.7,5.8,28750
PRUBF1,20091228,5.9,6,5.7,5.8,95380
PRUBF1,20091225,5.7,5.9,5.7,5.9,308550
PRUBF1,20091224,5.6,5.7,5.5,5.7,105480
PRUBF1,20091223,5.6,5.7,5.6,5.6,42940
PRUBF1,20091222,5.7,5.8,5.5,5.6,72620
PRUBF1,20091221,5.6,5.7,5.6,5.7,92230
PRUBF1,20091218,5.5,5.5,5.4,5.5,91000
PRUBF1,20091217,5.3,5.5,5.3,5.3,98560
PRUBF1,20091216,5.6,5.7,5.5,5.5,78210
PRUBF1,20091215,5.8,5.8,5.6,5.7,60230
PRUBF1,20091214,5.4,5.7,5.4,5.7,178490
PRUBF1,20091211,5.5,5.6,5.4,5.5,141240
PRUBF1,20091210,6,6,5.6,5.6,291320
PRUBF1,20091209,5.8,5.9,5.8,5.8,463020
PRUBF1,20091208,6.3,6.3,6.1,6.1,471860
PRUBF1,20091207,6.5,6.5,6.2,6.4,83710
PRUBF1,20091204,6.4,6.5,6.2,6.4,167640
PRUBF1,20091203,6.1,6.3,6.1,6.3,78760
PRUBF1,20091202,6.2,6.4,6.1,6.1,387890
PRUBF1,20091201,6.2,6.4,6.2,6.4,266040
PRUBF1,20091130,6.1,6.2,6,6.1,190330
PRUBF1,20091127,5.6,6,5.6,6,156070
PRUBF1,20091126,5.9,6,5.8,5.8,457930
PRUBF1,20091125,6.4,6.4,6.1,6.1,436440
PRUBF1,20091124,6.5,6.5,6.3,6.4,274050
PRUBF1,20091123,6.8,6.8,6.5,6.5,731790
PRUBF1,20091120,6.8,7,6.7,6.8,1204970
PRUBF1,20091119,6.7,6.9,6.7,6.8,534770
PRUBF1,20091118,6.7,6.9,6.6,6.8,614240
PRUBF1,20091117,6.5,6.8,6.4,6.8,969670
PRUBF1,20091116,6.3,6.5,6.3,6.5,355810
PRUBF1,20091113,6.3,6.5,6.3,6.5,305590
PRUBF1,20091112,6.3,6.5,6.2,6.5,971270
PRUBF1,20091111,6.1,6.2,6,6.2,267360
PRUBF1,20091110,5.9,6.1,5.9,6.1,398820
PRUBF1,20091109,6.1,6.1,5.9,5.9,510770
PRUBF1,20091106,6.5,6.5,6.2,6.2,230780
PRUBF1,20091105,6.1,6.4,6.1,6.4,299360
PRUBF1,20091104,5.9,6.1,5.9,6.1,423620
PRUBF1,20091103,6,6.2,5.9,5.9,436630
PRUBF1,20091102,6.3,6.3,6.2,6.2,504210
PRUBF1,20091030,6.5,6.6,6.4,6.5,457370
PRUBF1,20091029,6.5,6.5,6.4,6.4,1483620
PRUBF1,20091028,6.6,6.7,6.5,6.7,448150
PRUBF1,20091027,6.3,6.6,6.3,6.5,1633300
PRUBF1,20091026,6.8,7,6.6,6.6,3010470
PRUBF1,20091023,6.9,6.9,6.7,6.9,2502750
PRUBF1,20091022,6.6,6.6,6.6,6.6,1465300
PRUBF1,20091021,6,6.3,5.9,6.3,1220030
PRUBF1,20091020,5.8,6,5.8,6,813350
PRUBF1,20091019,6,6,5.8,5.8,643780
PRUBF1,20091016,5.8,5.8,5.7,5.8,939090
PRUBF1,20091015,5.5,5.6,5.4,5.6,1056650
PRUBF1,20091014,5.3,5.4,5.2,5.4,156720
PRUBF1,20091013,5.3,5.4,5.3,5.3,279470
PRUBF1,20091012,5.4,5.5,5.3,5.4,731800
PRUBF1,20091009,5.3,5.3,5.2,5.3,134900
PRUBF1,20091008,5.3,5.3,5.2,5.2,51770
PRUBF1,20091007,5.2,5.3,5.2,5.3,110060
PRUBF1,20091006,5.2,5.3,5.1,5.2,44050
PRUBF1,20091005,5.1,5.2,5,5.2,114670
PRUBF1,20091002,5.2,5.2,5,5.1,427720
PRUBF1,20091001,5.3,5.4,5.2,5.2,151640
PRUBF1,20090930,5.3,5.4,5.3,5.3,193850
PRUBF1,20090929,5.3,5.4,5.2,5.3,262750
PRUBF1,20090928,5.4,5.4,5.3,5.3,205480
PRUBF1,20090925,5.3,5.4,5.3,5.3,179300
PRUBF1,20090924,5.4,5.4,5.3,5.3,157190
PRUBF1,20090923,5.4,5.5,5.4,5.4,800010
PRUBF1,20090922,5.2,5.3,5.2,5.3,225200
PRUBF1,20090921,5.3,5.4,5.2,5.2,306800
PRUBF1,20090918,5.3,5.3,5.2,5.3,138930
PRUBF1,20090917,5.3,5.4,5.2,5.3,187370
PRUBF1,20090916,5.3,5.4,5.2,5.3,264860
PRUBF1,20090915,5.2,5.3,5.2,5.2,183350
PRUBF1,20090914,5.3,5.3,5.2,5.3,122940
PRUBF1,20090911,5.3,5.3,5.2,5.3,123330
PRUBF1,20090910,5.2,5.3,5.2,5.2,142660
PRUBF1,20090909,5.3,5.4,5.2,5.2,202060
PRUBF1,20090908,5.4,5.4,5.2,5.3,209640
PRUBF1,20090907,5.3,5.3,5.2,5.2,198940
PRUBF1,20090904,5.3,5.4,5.2,5.3,299380
PRUBF1,20090903,5.4,5.4,5.3,5.4,248880
PRUBF1,20090901,5.4,5.5,5.3,5.4,444630
PRUBF1,20090831,5.4,5.5,5.3,5.4,475790
PRUBF1,20090828,5.3,5.4,5.3,5.3,154220
PRUBF1,20090827,5.3,5.3,5.2,5.3,232270
PRUBF1,20090826,5.3,5.4,5.3,5.3,195840
PRUBF1,20090825,5.4,5.5,5.3,5.4,299470
PRUBF1,20090824,5.4,5.5,5.4,5.5,309420
PRUBF1,20090821,5.4,5.5,5.4,5.4,369620
PRUBF1,20090820,5.3,5.4,5.3,5.4,263930
PRUBF1,20090819,5.3,5.4,5.2,5.3,235060
PRUBF1,20090818,5.2,5.3,5.1,5.3,413230
PRUBF1,20090817,5.3,5.4,5.2,5.3,372230
PRUBF1,20090814,5.4,5.6,5.3,5.4,480400
PRUBF1,20090813,5.3,5.5,5.2,5.5,1202230
PRUBF1,20090812,5.1,5.3,5.1,5.3,1161760
PRUBF1,20090811,5,5.1,5,5.1,188800
PRUBF1,20090810,5.1,5.1,5,5.1,156200
PRUBF1,20090807,5.1,5.1,5,5,154420
PRUBF1,20090806,5.1,5.1,5,5,175810
PRUBF1,20090805,5,5.2,5,5.1,263430
PRUBF1,20090804,5,5.1,5,5.1,330610
PRUBF1,20090803,5.1,5.1,5,5,180100
PRUBF1,20090731,5.1,5.1,5,5,243620
PRUBF1,20090730,5,5,4.9,5,189670
PRUBF1,20090729,5.1,5.2,5,5,152310
PRUBF1,20090728,5.1,5.2,5,5.1,332390
PRUBF1,20090727,5.3,5.3,5.1,5.2,455150
PRUBF1,20090724,5.2,5.2,5.1,5.2,428500
PRUBF1,20090723,4.9,5,4.8,5,116130
PRUBF1,20090722,4.9,4.9,4.8,4.9,89830
PRUBF1,20090721,4.8,4.9,4.8,4.9,108880
PRUBF1,20090720,4.9,4.9,4.8,4.9,222130
PRUBF1,20090717,5,5.1,4.9,5,227630
PRUBF1,20090716,5.1,5.1,5,5.1,142540
PRUBF1,20090715,4.9,5,4.9,5,104130
PRUBF1,20090714,5,5,4.8,4.9,357650
PRUBF1,20090713,5,5,4.8,4.8,181130
PRUBF1,20090710,5,5,4.9,4.9,140850
PRUBF1,20090709,5,5.1,4.9,5,167620
PRUBF1,20090708,4.9,5.1,4.9,5,119990
PRUBF1,20090707,5.1,5.1,5,5,200810
PRUBF1,20090706,5,5.1,4.9,5.1,321540
PRUBF1,20090703,4.8,5,4.8,4.9,140900
PRUBF1,20090702,4.9,5,4.7,5,203890
PRUBF1,20090701,4.8,4.9,4.8,4.8,472870
PRUBF1,20090630,5.2,5.2,5,5,664620
PRUBF1,20090629,5.3,5.4,5.2,5.2,201090
PRUBF1,20090626,5.2,5.4,5.2,5.3,407120
PRUBF1,20090625,5.7,5.7,5.4,5.4,474010
PRUBF1,20090624,5.2,5.6,5.2,5.6,1482420
PRUBF1,20090623,5.4,5.4,5.4,5.4,39300
PRUBF1,20090622,5.6,5.6,5.6,5.6,341810
PRUBF1,20090619,6.1,6.2,5.8,5.8,665650
PRUBF1,20090618,6.3,6.4,6,6.1,879960
PRUBF1,20090617,6.3,6.5,6.3,6.3,822050
PRUBF1,20090616,6.4,6.6,6.3,6.6,3736590
PRUBF1,20090615,6.3,6.3,6.3,6.3,845310
PRUBF1,20090612,6,6,6,6,381350
PRUBF1,20090611,5.8,5.8,5.7,5.8,973770
PRUBF1,20090610,5.6,5.6,5.3,5.6,2071120
PRUBF1,20090609,5.4,5.4,5.2,5.4,1417130
PRUBF1,20090608,5.2,5.2,5.2,5.2,429880
PRUBF1,20090605,5,5,4.9,5,1173110
PRUBF1,20090604,4.8,4.9,4.7,4.8,417000
PRUBF1,20090603,4.8,4.8,4.7,4.8,341940
PRUBF1,20090602,4.9,4.9,4.7,4.7,611870
PRUBF1,20090601,4.8,4.8,4.7,4.8,255570
PRUBF1,20090529,4.8,4.8,4.7,4.7,266410
PRUBF1,20090528,4.8,4.9,4.7,4.8,297710
PRUBF1,20090527,4.9,4.9,4.7,4.8,389480
PRUBF1,20090526,4.9,5,4.8,4.9,221030
PRUBF1,20090525,4.8,4.9,4.8,4.9,277940
PRUBF1,20090522,4.8,4.9,4.7,4.8,302010
PRUBF1,20090521,4.9,5,4.8,4.9,491350
PRUBF1,20090520,5,5.1,4.9,5,567850
PRUBF1,20090519,5,5.1,4.9,5,578220
PRUBF1,20090518,4.9,5,4.8,5,368820
PRUBF1,20090515,4.8,5,4.7,4.9,445900
PRUBF1,20090514,4.7,4.8,4.6,4.8,231570
PRUBF1,20090513,4.8,4.9,4.7,4.8,286990
PRUBF1,20090512,4.7,4.9,4.7,4.9,349980
PRUBF1,20090511,4.9,4.9,4.8,4.8,511220
PRUBF1,20090508,4.8,4.9,4.8,4.9,425910
PRUBF1,20090507,4.9,5,4.8,5,311210
PRUBF1,20090506,4.9,5,4.8,4.8,335850
PRUBF1,20090505,5.1,5.1,5,5,733600
PRUBF1,20090504,4.9,4.9,4.8,4.9,895600
PRUBF1,20090429,4.5,4.7,4.5,4.7,93080
PRUBF1,20090428,4.4,4.6,4.4,4.6,76880
PRUBF1,20090427,4.4,4.7,4.4,4.5,62210
PRUBF1,20090424,4.6,4.6,4.4,4.5,157540
PRUBF1,20090423,4.7,4.8,4.6,4.6,260610
PRUBF1,20090422,4.8,4.8,4.6,4.8,433530
PRUBF1,20090421,4.8,4.8,4.8,4.8,159200
PRUBF1,20090420,5,5,5,5,68250
PRUBF1,20090417,5.3,5.3,5,5.2,495100
PRUBF1,20090416,5.1,5.2,5,5.2,792720
PRUBF1,20090415,5,5.2,4.9,5,410000
PRUBF1,20090414,5.1,5.1,4.9,5.1,924810
PRUBF1,20090413,4.9,4.9,4.8,4.9,903300
PRUBF1,20090410,4.7,4.7,4.7,4.7,658380
PRUBF1,20090409,4.5,4.6,4.4,4.5,114370
PRUBF1,20090408,4.6,4.7,4.5,4.5,395400
PRUBF1,20090407,4.6,4.7,4.5,4.7,357600
PRUBF1,20090403,4.5,4.5,4.3,4.5,578770
PRUBF1,20090402,4.4,4.4,4.3,4.3,202930
PRUBF1,20090401,4.3,4.4,4.3,4.3,105970
PRUBF1,20090331,4.2,4.3,4.2,4.2,107590
PRUBF1,20090330,4.3,4.4,4.2,4.3,132850
PRUBF1,20090327,4.4,4.5,4.3,4.4,302120
PRUBF1,20090326,4.4,4.5,4.4,4.4,218840
PRUBF1,20090325,4.3,4.4,4.3,4.4,178370
PRUBF1,20090324,4.4,4.4,4.3,4.4,101560
PRUBF1,20090323,4.3,4.4,4.2,4.3,107270
PRUBF1,20090320,4.3,4.4,4.3,4.3,78690
PRUBF1,20090319,4.3,4.4,4.3,4.3,110910
PRUBF1,20090318,4.4,4.5,4.3,4.4,721740
PRUBF1,20090317,4.2,4.3,4.2,4.3,138010
PRUBF1,20090316,4.2,4.3,4.2,4.2,19280
PRUBF1,20090313,4.3,4.3,4.2,4.2,41270
PRUBF1,20090312,4.3,4.3,4.2,4.3,23720
PRUBF1,20090311,4.4,4.4,4.3,4.3,102730
PRUBF1,20090310,4.3,4.3,4.2,4.3,21660
PRUBF1,20090309,4.2,4.3,4.1,4.3,31450
PRUBF1,20090306,4.2,4.3,4.2,4.2,57820
PRUBF1,20090305,4.3,4.3,4.2,4.3,9430
PRUBF1,20090304,4.3,4.3,4.2,4.3,21700
PRUBF1,20090303,4.3,4.3,4.2,4.3,146470
PRUBF1,20090302,4.3,4.3,4.2,4.3,77450
PRUBF1,20090227,4.3,4.4,4.3,4.3,75380
PRUBF1,20090226,4.4,4.4,4.3,4.4,59440
PRUBF1,20090225,4.3,4.4,4.3,4.4,151300
PRUBF1,20090224,4.4,4.4,4.3,4.3,111210
PRUBF1,20090223,4.3,4.5,4.3,4.4,139340
PRUBF1,20090220,4.3,4.3,4.3,4.3,65690
PRUBF1,20090219,4.3,4.4,4.3,4.3,161580
PRUBF1,20090218,4.4,4.4,4.3,4.3,383350
PRUBF1,20090217,4.3,4.4,4.3,4.4,130200
PRUBF1,20090216,4.4,4.4,4.3,4.3,233310
PRUBF1,20090213,4.3,4.4,4.2,4.3,59680
PRUBF1,20090212,4.3,4.3,4.2,4.2,172420
PRUBF1,20090211,4.2,4.3,4.2,4.2,262520
PRUBF1,20090210,4.3,4.3,4.2,4.3,562040
PRUBF1,20090209,4.2,4.4,4.2,4.3,181950
PRUBF1,20090206,4.1,4.2,4.1,4.2,171330
PRUBF1,20090205,4.1,4.2,4,4.1,214670
PRUBF1,20090204,4.1,4.2,4,4.1,207510
PRUBF1,20090203,4.1,4.1,4,4,124150
PRUBF1,20090202,4,4,4,4,38360
PRUBF1,20090123,4.2,4.2,3.9,3.9,180120
PRUBF1,20090122,4.1,4.2,4.1,4.1,61000
PRUBF1,20090121,4.1,4.2,4,4.1,76830
PRUBF1,20090120,4,4.1,4,4.1,39010
PRUBF1,20090119,4.1,4.1,4,4,54550
PRUBF1,20090116,4.1,4.2,4.1,4.1,69890
PRUBF1,20090115,4,4.2,4,4.1,206150
PRUBF1,20090114,4,4.1,4,4,77390
PRUBF1,20090113,4,4.1,4,4.1,150360
PRUBF1,20090112,4,4.1,3.9,4.1,104860
PRUBF1,20090109,4.1,4.1,4,4,127850
PRUBF1,20090108,4,4.1,4,4.1,181170
PRUBF1,20090107,4.1,4.2,4,4.1,143610
PRUBF1,20090106,4,4,3.9,4,113070
PRUBF1,20090105,3.9,4,3.8,4,31670
PRUBF1,20090102,3.9,3.9,3.9,3.9,23690
PRUBF1,20081231,3.9,4,3.8,3.9,101030
PRUBF1,20081230,3.9,3.9,3.8,3.9,72190
PRUBF1,20081229,3.9,3.9,3.8,3.9,49420
PRUBF1,20081226,3.8,3.9,3.8,3.9,68380
PRUBF1,20081225,3.9,3.9,3.8,3.9,50650
PRUBF1,20081224,3.9,3.9,3.8,3.9,19270
PRUBF1,20081223,3.9,3.9,3.8,3.9,73960
PRUBF1,20081222,4,4,3.9,3.9,96080
PRUBF1,20081219,3.9,4,3.8,3.9,47860
PRUBF1,20081218,3.9,4,3.9,3.9,82660
PRUBF1,20081217,3.9,4,3.8,3.9,112770
PRUBF1,20081216,4,4.1,3.9,3.9,63090
PRUBF1,20081215,4,4.1,4,4.1,65750
PRUBF1,20081212,3.9,4,3.9,4,144060
PRUBF1,20081211,3.9,3.9,3.9,3.9,72340
PRUBF1,20081210,3.9,4,3.9,3.9,24540
PRUBF1,20081209,3.9,4,3.9,4,135760
PRUBF1,20081208,4,4,3.9,3.9,74610
PRUBF1,20081205,4,4,3.9,4,62440
PRUBF1,20081204,4,4.1,4,4,29260
PRUBF1,20081203,4,4,4,4,105220
PRUBF1,20081202,4,4.1,4,4,68300
PRUBF1,20081201,4,4.1,4,4,66550
PRUBF1,20081128,4,4,4,4,179150
PRUBF1,20081127,3.9,4,3.9,3.9,56470
PRUBF1,20081126,4,4.1,4,4,65490
PRUBF1,20081125,4,4.1,4,4,49340
PRUBF1,20081124,4.1,4.1,4,4.1,42670
PRUBF1,20081124,4.1,4.1,4,4.1,42670
PRUBF1,20081121,4.1,4.1,3.9,4.1,67900
PRUBF1,20081120,4,4.1,4,4,85820
PRUBF1,20081119,4.1,4.2,4.1,4.1,50880
PRUBF1,20081118,4.1,4.1,4,4.1,35510
PRUBF1,20081117,4.1,4.2,4.1,4.1,40260
PRUBF1,20081114,4.2,4.3,4.1,4.2,65380
PRUBF1,20081113,4.1,4.2,4.1,4.1,31450
PRUBF1,20081112,4.1,4.2,4.1,4.1,89270
PRUBF1,20081111,4.2,4.3,4.1,4.2,56600
PRUBF1,20081110,4.3,4.3,4.2,4.3,72770
PRUBF1,20081107,4.2,4.3,4.2,4.2,131820
PRUBF1,20081106,4.4,4.6,4.4,4.4,245150
PRUBF1,20081105,4.6,4.6,4.5,4.6,232570
PRUBF1,20081104,4.5,4.5,4.3,4.5,138920
PRUBF1,20081103,4.3,4.5,4.3,4.3,250780
PRUBF1,20081031,4.5,4.5,4.4,4.5,87690
PRUBF1,20081030,4.5,4.5,4.2,4.5,109570
PRUBF1,20081029,4.3,4.3,4.2,4.3,254310
PRUBF1,20081028,4.1,4.1,3.9,4.1,124590
PRUBF1,20081027,4,4.1,4,4,196870
PRUBF1,20081024,4.1,4.2,4,4.1,90870
PRUBF1,20081023,4.1,4.3,4.1,4.1,171160
PRUBF1,20081022,4.3,4.5,4.3,4.3,51160
PRUBF1,20081021,4.5,4.5,4.4,4.5,83530
PRUBF1,20081020,4.4,4.5,4.3,4.4,97690
PRUBF1,20081017,4.5,4.5,4.3,4.5,100020
PRUBF1,20081016,4.4,4.5,4.3,4.4,127360
PRUBF1,20081015,4.5,4.5,4.3,4.5,311800
PRUBF1,20081014,4.3,4.3,4.3,4.3,9880
PRUBF1,20081013,4.1,4.2,4,4.1,158180
PRUBF1,20081010,4.1,4.2,4,4,153580
PRUBF1,20081009,4.2,4.5,4.2,4.2,132610
PRUBF1,20081008,4.3,4.4,4.3,4.3,90350
PRUBF1,20081007,4.4,4.5,4.4,4.4,198890
PRUBF1,20081006,4.7,4.7,4.5,4.6,90940
PRUBF1,20081003,4.6,4.8,4.6,4.7,113440
PRUBF1,20081002,4.6,4.8,4.6,4.8,139730
PRUBF1,20081001,4.7,4.8,4.5,4.6,264000
PRUBF1,20080930,4.6,4.6,4.6,4.6,232210
PRUBF1,20080929,4.8,5,4.8,4.8,101460
PRUBF1,20080926,5.1,5.1,4.9,5,195570
PRUBF1,20080925,4.9,5,4.9,5,102040
PRUBF1,20080924,4.9,5,4.8,5,88640
PRUBF1,20080923,4.9,5.1,4.9,5,135710
PRUBF1,20080922,5.1,5.1,5.1,5.1,62630
PRUBF1,20080919,4.7,4.9,4.7,4.9,130560
PRUBF1,20080918,4.6,4.7,4.6,4.7,306380
PRUBF1,20080917,4.8,4.9,4.7,4.8,139680
PRUBF1,20080916,5,5,4.9,4.9,185080
PRUBF1,20080915,5,5.2,4.9,5.1,163890
PRUBF1,20080912,5,5.1,5,5,263990
PRUBF1,20080911,5.1,5.2,5,5.2,218470
PRUBF1,20080910,5.4,5.4,5.1,5.2,199030
PRUBF1,20080909,5.4,5.4,5.2,5.2,207890
PRUBF1,20080908,5.2,5.3,5.1,5.2,296080
PRUBF1,20080905,5.3,5.4,5.2,5.3,298700
PRUBF1,20080904,5.5,5.5,5.3,5.4,192620
PRUBF1,20080903,5.5,5.5,5.5,5.5,122750
PRUBF1,20080829,5.3,5.4,5.3,5.3,234650
PRUBF1,20080828,5.5,5.5,5.5,5.5,133790
PRUBF1,20080827,5.4,5.8,5.4,5.7,606410
PRUBF1,20080826,5.6,5.6,5.5,5.6,307760
PRUBF1,20080825,5.3,5.4,5.3,5.4,348430
PRUBF1,20080822,5.4,5.4,5.2,5.2,249690
PRUBF1,20080821,5.2,5.4,5.1,5.3,161410
PRUBF1,20080820,5.1,5.3,5.1,5.2,227810
PRUBF1,20080819,5.5,5.6,5.3,5.3,248110
PRUBF1,20080818,5.5,5.5,5.4,5.5,339220
PRUBF1,20080815,5.3,5.3,5.3,5.3,84590
PRUBF1,20080814,5,5.2,5,5.2,489270
PRUBF1,20080813,5.1,5.2,5.1,5.1,175190
PRUBF1,20080812,5.3,5.3,5.1,5.2,424750
PRUBF1,20080811,5.2,5.2,5.2,5.2,179140
PRUBF1,20080808,5,5.1,4.9,5.1,187190
PRUBF1,20080807,5,5,4.9,5,169980
PRUBF1,20080806,4.8,4.9,4.8,4.9,167370
PRUBF1,20080805,4.8,4.9,4.8,4.8,169850
PRUBF1,20080804,4.9,5,4.9,4.9,227220
PRUBF1,20080801,5,5.2,5,5,255890
PRUBF1,20080731,5.1,5.1,5.1,5.1,110270
PRUBF1,20080730,5.2,5.3,5.2,5.2,224120
PRUBF1,20080729,5.5,5.5,5.3,5.3,386590
PRUBF1,20080728,5.4,5.5,5.4,5.4,376200
PRUBF1,20080725,5.5,5.5,5.5,5.5,9460
PRUBF1,20080724,5.6,5.6,5.6,5.6,37960
PRUBF1,20080723,5.7,5.7,5.7,5.7,2430
PRUBF1,20080722,5.8,5.8,5.8,5.8,5630
PRUBF1,20080721,5.9,5.9,5.9,5.9,2300
PRUBF1,20080718,6,6,6,6,176630
PRUBF1,20080717,6.1,6.1,5.9,6.1,658480
PRUBF1,20080716,6,6,5.8,6,664290
PRUBF1,20080715,5.9,5.9,5.9,5.9,47930
PRUBF1,20080714,5.8,5.8,5.8,5.8,160990
PRUBF1,20080711,5.7,5.7,5.6,5.7,497080
PRUBF1,20080710,5.5,5.6,5.5,5.6,521170
PRUBF1,20080709,5.4,5.5,5.3,5.5,455240
PRUBF1,20080708,5.4,5.4,5.4,5.4,161100
PRUBF1,20080707,5.7,5.7,5.5,5.5,469970
PRUBF1,20080704,5.6,5.6,5.6,5.6,223500
PRUBF1,20080703,5.5,5.5,5.4,5.5,322510
PRUBF1,20080702,5.4,5.4,5.3,5.4,444720
PRUBF1,20080701,5.3,5.3,5.2,5.3,364490
PRUBF1,20080630,5.2,5.3,5.2,5.2,230420
PRUBF1,20080627,5.1,5.3,5.1,5.3,239470
PRUBF1,20080626,5.4,5.4,5.2,5.2,313370
PRUBF1,20080625,5.3,5.3,5.3,5.3,213740
PRUBF1,20080624,5.2,5.2,5.1,5.2,314750
PRUBF1,20080623,5,5.1,4.9,5.1,325480
PRUBF1,20080620,5,5,5,5,78850
PRUBF1,20080619,5.1,5.1,5.1,5.1,127610
PRUBF1,20080618,5.4,5.4,5.2,5.2,574760
PRUBF1,20080617,5.3,5.3,5.3,5.3,16140
PRUBF1,20080616,5.2,5.2,5.2,5.2,46670
PRUBF1,20080613,5.1,5.1,5.1,5.1,194030
PRUBF1,20080612,5,5,5,5,86760
PRUBF1,20080611,4.7,4.9,4.7,4.9,311550
PRUBF1,20080610,4.8,4.8,4.8,4.8,18290
PRUBF1,20080609,4.9,4.9,4.9,4.9,23650
PRUBF1,20080606,5,5,5,5,73450
PRUBF1,20080605,5.1,5.1,5.1,5.1,14780
PRUBF1,20080604,5.2,5.2,5.2,5.2,18970
PRUBF1,20080603,5.3,5.3,5.3,5.3,30930
PRUBF1,20080602,5.4,5.4,5.4,5.4,13250
PRUBF1,20080530,5.5,5.5,5.5,5.5,18630
PRUBF1,20080526,5.6,5.6,5.6,5.6,7880
PRUBF1,20080522,5.8,5.8,5.8,5.8,17780
PRUBF1,20080521,5.9,5.9,5.9,5.9,17930
PRUBF1,20080520,6,6,6,6,30280
PRUBF1,20080519,6.1,6.1,6.1,6.1,23130
PRUBF1,20080516,6.2,6.2,6.2,6.2,55100
PRUBF1,20080515,6.3,6.3,6.3,6.3,13550
PRUBF1,20080514,6.4,6.4,6.4,6.4,10920
PRUBF1,20080513,6.5,6.5,6.5,6.5,19510
PRUBF1,20080512,6.6,6.6,6.6,6.6,43700
PRUBF1,20080509,6.7,6.7,6.7,6.7,26290
PRUBF1,20080508,6.8,6.8,6.8,6.8,29720
PRUBF1,20080507,6.9,6.9,6.9,6.9,30360
PRUBF1,20080506,7,7,7,7,34000
PRUBF1,20080505,7.1,7.1,7.1,7.1,57910
PRUBF1,20080429,7.2,7.4,7.2,7.2,431120
PRUBF1,20080428,7.3,7.3,7.3,7.3,189370
PRUBF1,20080425,7.4,7.4,7.4,7.4,30570
PRUBF1,20080424,7.5,7.5,7.5,7.5,60180
PRUBF1,20080423,7.6,7.6,7.6,7.6,28800
PRUBF1,20080422,7.7,7.7,7.7,7.7,16790
PRUBF1,20080421,7.8,7.8,7.8,7.8,41270
PRUBF1,20080418,7.9,7.9,7.9,7.9,124700
PRUBF1,20080417,7.9,8,7.9,8,564490
PRUBF1,20080416,8,8,8,8,70560
PRUBF1,20080411,8.1,8.1,8.1,8.1,78080
PRUBF1,20080410,8.2,8.2,8.2,8.2,27130
PRUBF1,20080409,8.3,8.3,8.3,8.3,142880
PRUBF1,20080408,8.5,8.5,8.4,8.4,612520
PRUBF1,20080407,8.5,8.5,8.5,8.5,67180
PRUBF1,20080404,8.4,8.4,8.4,8.4,39040
PRUBF1,20080403,8.3,8.3,8.3,8.3,38220
PRUBF1,20080402,8.2,8.2,8.2,8.2,44950
PRUBF1,20080401,8.1,8.1,8.1,8.1,23290
PRUBF1,20080331,8,8,8,8,21670
PRUBF1,20080328,7.9,7.9,7.9,7.9,36540
PRUBF1,20080327,7.8,7.8,7.8,7.8,266840
PRUBF1,20080326,7.6,7.9,7.6,7.7,608440
PRUBF1,20080325,7.9,7.9,7.9,7.9,77360
PRUBF1,20080324,8.3,8.3,8.3,8.3,145910
PRUBF1,20080321,8.7,8.9,8.7,8.7,565510
PRUBF1,20080320,10.6,10.7,10.6,10.6,648330
PRUBF1,20080319,10.6,10.8,10.5,10.6,760070
PRUBF1,20080318,10.3,10.5,10.3,10.5,551670
PRUBF1,20080317,10.6,10.7,10.5,10.5,767360
PRUBF1,20080314,10.5,10.7,10.5,10.7,621660
PRUBF1,20080313,10.7,10.7,10.5,10.7,388280
PRUBF1,20080312,10.3,10.7,10.3,10.5,363480
PRUBF1,20080311,10.4,10.4,10.2,10.2,445990
PRUBF1,20080310,11.2,11.2,10.6,10.6,1322860
PRUBF1,20080307,10.7,10.7,10.7,10.7,276610
PRUBF1,20080306,10.2,10.2,10.2,10.2,76100
PRUBF1,20080305,9.6,9.8,9.5,9.8,668750
PRUBF1,20080304,9.6,9.7,9.4,9.4,476740
PRUBF1,20080303,10,10.1,9.8,9.8,445340
PRUBF1,20080229,10.2,10.3,10.1,10.2,247400
PRUBF1,20080228,10.3,10.3,10.2,10.2,166550
PRUBF1,20080227,10,10.5,10,10.3,233660
PRUBF1,20080226,10.5,10.6,10.2,10.2,294330
PRUBF1,20080225,10.7,10.7,10.5,10.7,536140
PRUBF1,20080222,10,10.2,9.8,10.2,504470
PRUBF1,20080221,10.1,10.1,9.6,9.8,480700
PRUBF1,20080220,10.3,10.3,10.1,10.1,262300
PRUBF1,20080219,10.2,10.3,10.1,10.2,214000
PRUBF1,20080218,10.3,10.4,10.2,10.2,266400
PRUBF1,20080215,10.7,10.8,10.6,10.6,109960
PRUBF1,20080214,10.5,11,10.5,10.8,163790
PRUBF1,20080213,10.8,10.8,10.6,10.6,121770
PRUBF1,20080212,11.2,11.2,10.8,10.9,191090
PRUBF1,20080201,11,11.2,11,11.1,345760
PRUBF1,20080131,11,11,10.6,11,390950
PRUBF1,20080130,10.8,11.1,10.8,11.1,766090
PRUBF1,20080129,10.2,10.6,10.1,10.6,385590
PRUBF1,20080128,10,10.1,9.9,10.1,232120
PRUBF1,20080125,10,10,9.9,10,228720
PRUBF1,20080124,10,10.1,9.9,9.9,260670
PRUBF1,20080123,10,10,9.7,9.7,302220
PRUBF1,20080122,10,10,9.9,9.9,174640
PRUBF1,20080121,10.2,10.2,10,10,204970
PRUBF1,20080118,9.8,10,9.8,10,171710
PRUBF1,20080117,10,10.1,9.8,9.9,202120
