<Ticker>,<DTYYYYMMDD>,<Open>,<High>,<Low>,<Close>,<Volume>
RHC,20100729,29.7,29.7,27.8,29.5,106700
RHC,20100728,30.6,30.6,27,29.6,143200
RHC,20100727,28.6,28.6,28.6,28.6,50700
RHC,20100726,26.8,26.8,26.8,26.8,105100
RHC,20100723,25.1,25.1,25,25.1,88300
RHC,20100722,22,23.9,21.9,23.5,48700
RHC,20100721,22.8,22.8,22.1,22.4,4900
RHC,20100720,23,23,22.6,22.8,1900
RHC,20100719,22.6,23,22.6,22.6,6700
RHC,20100716,22.6,22.6,22.6,22.6,200
RHC,20100715,26.5,26.5,23.3,23.6,10200
RHC,20100714,25,25,25,25,100
RHC,20100713,23.5,23.5,23.2,23.4,11300
RHC,20100712,23.5,23.5,23.1,23.3,10200
RHC,20100709,25,25,23.4,23.6,16900
RHC,20100708,24.5,24.5,23.6,23.9,26700
RHC,20100707,23.3,23.3,23,23.3,27800
RHC,20100706,21.7,21.7,21.7,21.7,800
RHC,20100705,22.9,22.9,22.9,22.9,100
RHC,20100702,22.6,22.6,22.5,22.6,700
RHC,20100701,22.5,22.5,22.5,22.5,2700
RHC,20100629,21.9,21.9,21.8,21.9,400
RHC,20100628,23.3,23.3,23.3,23.3,100
RHC,20100625,23,23,23,23,200
RHC,20100624,22.8,23,22,22.7,500
RHC,20100623,23,23,21.8,22,1300
RHC,20100622,20.5,23,20.5,22.4,400
RHC,20100621,22,22,22,22,300
RHC,20100618,23.1,23.1,23.1,23.1,100
RHC,20100617,22,23.3,22,22.7,200
RHC,20100616,23.1,23.1,23.1,23.1,100
RHC,20100615,22,22.5,22,22.4,4000
RHC,20100614,22.7,23,22.7,22.8,9700
RHC,20100611,24.4,24.4,22.5,22.7,900
RHC,20100610,22.9,22.9,22.9,22.9,200
RHC,20100607,23,23,23,23,100
RHC,20100604,22,22,22,22,1200
RHC,20100603,23,23,22.1,22.3,500
RHC,20100602,22.5,22.5,21.9,22.1,3100
RHC,20100601,23.5,23.5,23.5,23.5,1000
RHC,20100531,22.6,23.2,22.6,23.1,400
RHC,20100528,23,23,22.6,22.6,2100
RHC,20100527,21,23.2,20.9,22,1200
RHC,20100526,24.6,24.6,22,22.6,700
RHC,20100520,22.9,22.9,22.9,22.9,100
RHC,20100519,22,22,21.9,22,2200
RHC,20100518,22.1,22.5,22.1,22.2,2800
RHC,20100517,23.5,23.5,22,22.6,16700
RHC,20100514,23.5,23.5,22.8,23.2,4500
RHC,20100513,22.8,23,22.8,22.9,1500
RHC,20100512,23,23,22.5,22.9,4200
RHC,20100511,24,24,23,23.4,10500
RHC,20100507,23.2,24,22.8,23.1,10700
RHC,20100506,24.8,24.8,23.8,24.3,11200
RHC,20100505,23.1,23.2,23,23.1,3500
RHC,20100504,24.6,24.6,23.5,24.5,21800
RHC,20100429,22.9,23.7,22.8,22.9,18300
RHC,20100428,22.5,22.8,22.5,22.6,6000
RHC,20100427,23,23,22.4,22.9,900
RHC,20100426,22.5,24,22.5,23.7,2100
RHC,20100422,24,24,24,24,100
RHC,20100421,23.1,23.3,22.3,23,9800
RHC,20100420,22.2,22.6,21.9,22.3,5600
RHC,20100419,23.4,23.4,22,22.1,2500
RHC,20100416,22,22,22,22,3500
RHC,20100415,22,22,22,22,1000
RHC,20100414,23,23,22.2,22.7,300
RHC,20100413,21.5,22.9,21.5,22.2,200
RHC,20100412,23.9,23.9,21.6,21.8,1100
RHC,20100409,21.5,23.2,21.5,22.4,200
RHC,20100408,21.7,21.7,21.7,21.7,800
RHC,20100407,22,22.8,21.6,21.8,1200
RHC,20100405,23.2,23.2,23.2,23.2,100
RHC,20100402,21.7,21.7,21.7,21.7,1000
RHC,20100401,22.9,22.9,22.9,22.9,100
RHC,20100331,21.4,21.4,21.4,21.4,1000
RHC,20100330,21.7,22,21.4,21.8,6900
RHC,20100329,21,22,21,21.7,7000
RHC,20100326,22.7,22.7,22,22,5100
RHC,20100325,22,22,22,22,1000
RHC,20100324,22,22.5,22,22.1,3400
RHC,20100323,22.9,22.9,22,22.5,200
RHC,20100322,22,22,22,22,2200
RHC,20100319,22,22,22,22,4700
RHC,20100318,21.9,21.9,21.9,21.9,200
RHC,20100317,22,22,21.7,21.9,6300
RHC,20100316,22,22,21.6,21.7,4900
RHC,20100315,22.1,22.1,22,22,13600
RHC,20100312,22.5,22.5,22.5,22.5,500
RHC,20100311,20.6,22.9,20.6,22.1,3700
RHC,20100310,22,22,22,22,5200
RHC,20100308,21.9,22,21.9,22,3400
RHC,20100305,22,22,22,22,1100
RHC,20100304,21.7,22.1,21.7,22,7000
RHC,20100303,22.9,22.9,21.1,22,9300
RHC,20100302,22.3,23,22.3,22.3,2300
RHC,20100301,23.4,23.4,23.4,23.4,100
RHC,20100226,21,22.9,21,22.6,2800
RHC,20100225,23.6,23.6,22,22.5,5600
RHC,20100224,22.5,22.5,22,22.1,600
RHC,20100223,21.5,22,21.5,21.6,500
RHC,20100222,21,21,21,21,1700
RHC,20100212,21.5,21.5,20.5,21,600
RHC,20100211,21,21,21,21,200
RHC,20100209,21.5,21.5,21.5,21.5,2000
RHC,20100205,23.2,23.2,23.2,23.2,100
RHC,20100203,22.3,22.3,22.3,22.3,100
RHC,20100202,20.5,21.3,20.5,20.8,1000
RHC,20100201,20.2,20.2,20,20.1,8600
RHC,20100128,20,20,20,20,3800
RHC,20100127,20.1,20.1,20.1,20.1,400
RHC,20100126,21.1,21.1,21.1,21.1,400
RHC,20100125,21,21,21,21,1000
RHC,20100121,21,21,21,21,500
RHC,20100120,20.4,21,20.4,20.5,4300
RHC,20100119,22,22,22,22,100
RHC,20100118,22,22,22,22,1000
RHC,20100113,22.5,22.5,22.4,22.5,2800
RHC,20100112,22.9,22.9,22.9,22.9,1000
RHC,20100108,22.8,23,22.8,22.9,2500
RHC,20100107,23.9,23.9,22.5,22.8,16800
RHC,20100106,22.5,22.7,22,22.5,1200
RHC,20100105,23.1,23.1,22.4,22.7,2900
RHC,20100104,20.6,22.5,20.6,21.5,3900
RHC,20091231,22,23.4,22,22.3,7300
RHC,20091230,21,22.2,21,22,2800
RHC,20091229,22,22,22,22,100
RHC,20091228,20.6,20.6,20.5,20.6,500
RHC,20091225,22.2,22.2,22,22.1,3400
RHC,20091224,21.8,21.8,21.7,21.8,2900
RHC,20091223,20.2,20.5,20.2,20.3,5300
RHC,20091222,22,22,20.6,21.1,3200
RHC,20091221,22,22,22,22,6100
RHC,20091218,26,26,23.5,23.7,1100
RHC,20091217,25.4,25.4,25.4,25.4,100
RHC,20091216,23.7,23.7,23.7,23.7,100
RHC,20091215,22.8,22.8,21.5,22.1,7200
RHC,20091214,21.6,21.6,21,21.2,300
RHC,20091211,21.9,21.9,20,20.1,2200
RHC,20091210,19.3,21.7,19.3,21.5,1200
RHC,20091209,20.9,20.9,20.9,20.9,100
RHC,20091207,21.1,22,21.1,22,4300
RHC,20091204,21.1,23,21.1,22.3,5900
RHC,20091203,21.6,22,21.6,22,2700
RHC,20091202,22.5,22.5,22.5,22.5,900
RHC,20091201,21.5,22,21.5,22,1100
RHC,20091130,22.1,22.1,22,22.1,2100
RHC,20091127,19.1,21,19.1,20.6,17700
RHC,20091126,19.9,20.7,19.9,20.6,15400
RHC,20091125,21.2,22.1,21.2,21.4,25100
RHC,20091124,22.1,23.7,22.1,22.9,3500
RHC,20091123,22.1,22.1,22.1,22.1,100
RHC,20091120,23.1,23.1,23.1,23.1,500
RHC,20091119,23.2,24.3,23.2,24.2,24300
RHC,20091118,23,23.7,23,23.6,4300
RHC,20091117,24.1,24.5,24.1,24.3,28200
RHC,20091116,24.5,24.8,24.5,24.7,700
RHC,20091113,24,25.5,24,24.8,18200
RHC,20091112,25,25,25,25,900
RHC,20091111,22,24.9,22,24.5,8300
RHC,20091110,22.3,24.1,22.3,23.2,200
RHC,20091109,24.2,24.2,24,24.1,6700
RHC,20091106,26,26,25,25.1,24600
RHC,20091105,26.3,26.3,26,26,5400
RHC,20091104,26,26,26,26,1000
RHC,20091103,24.7,24.7,24.7,24.7,900
RHC,20091102,26.2,26.2,24.7,25.1,15300
RHC,20091030,26.9,26.9,26.5,26.5,11700
RHC,20091029,26,27.5,26,26.4,700
RHC,20091028,26.2,26.3,25,26.1,27200
RHC,20091027,25.5,25.5,24.1,24.5,15700
RHC,20091026,26,26.1,26,26,9100
RHC,20091023,28,28,26,26.9,11500
RHC,20091022,27.5,27.5,27.4,27.5,3600
RHC,20091021,27,29,27,27.4,5600
RHC,20091020,27.5,27.8,27.5,27.5,12600
RHC,20091019,26,27.6,26,27.5,12300
RHC,20091016,27.5,27.5,27.5,27.5,3000
RHC,20091015,27,28.8,27,28.7,36400
RHC,20091014,25.1,27,25.1,26.8,15400
RHC,20091013,28.5,28.5,25,26.9,19100
RHC,20091012,26,27.2,26,26.9,36900
RHC,20091009,24,25.4,24,25.3,43000
RHC,20091008,23.2,24.7,23.2,23.7,21600
RHC,20091007,23,23.6,23,23.1,32200
RHC,20091006,23,23,23,23,11000
RHC,20091005,22.7,22.9,22.5,22.9,4900
RHC,20091002,22.9,23,22.8,22.9,13200
RHC,20091001,23,23,23,23,4000
RHC,20090930,23,23.5,22.6,22.9,7100
RHC,20090929,22.5,23.2,22.5,23,15900
RHC,20090928,22.3,22.4,22.3,22.4,900
RHC,20090925,22.6,23.3,22,22.1,11500
RHC,20090924,23.1,23.1,22,22.6,4100
RHC,20090923,23,23.3,23,23.1,3500
RHC,20090922,23.5,23.5,23,23.3,5600
RHC,20090921,23,23.7,23,23.2,7900
RHC,20090918,23,23,23,23,3700
RHC,20090917,23,23,23,23,2300
RHC,20090916,24,24,22.2,23.5,6200
RHC,20090915,23.1,23.2,23,23.1,16500
RHC,20090914,23,23.5,23,23.2,14800
RHC,20090911,23,23.7,23,23.1,4800
RHC,20090910,22.9,23,22.9,23,4400
RHC,20090909,22.4,22.5,22.4,22.5,6000
RHC,20090908,22.3,23,22.3,22.4,13000
RHC,20090907,22.6,22.6,22,22.3,11000
RHC,20090904,23,23,22.1,22.6,18100
RHC,20090903,23,23,22.9,23,13200
RHC,20090901,23,23.1,21,22.7,11300
RHC,20090831,22.2,23,22.2,22.7,6300
RHC,20090828,22.2,22.5,22.2,22.5,9800
RHC,20090827,22,22.5,22,22.3,2500
RHC,20090826,22,22,21.8,21.9,4300
RHC,20090825,22.3,22.3,21.1,21.7,600
RHC,20090824,22.5,22.5,22,22.3,5700
RHC,20090821,22.5,22.5,22,22.3,5100
RHC,20090820,22.4,22.4,22.3,22.3,2400
RHC,20090819,22,22.2,21.2,22,23000
RHC,20090818,21.2,22,21.2,21.6,8300
RHC,20090817,22,22.1,21,21.8,5900
RHC,20090814,20.8,21.1,20.8,21,13300
RHC,20090813,20,21.2,20,21.1,5600
RHC,20090812,19.5,20.9,19.5,20.4,3400
RHC,20090811,19.5,20.2,19.5,19.9,1700
RHC,20090810,21.3,21.4,20.2,20.7,2800
RHC,20090807,19.5,20.2,19.5,19.9,6000
RHC,20090806,19.5,19.5,19.5,19.5,2700
RHC,20090805,19,19,19,19,100
RHC,20090804,19.8,20.5,19.8,20,1700
RHC,20090803,20.3,20.5,20.3,20.3,2500
RHC,20090731,20.2,20.5,20.2,20.3,3300
RHC,20090730,20.2,20.2,20.2,20.2,1000
RHC,20090729,20,20.5,20,20.2,21400
RHC,20090728,20.6,20.6,20,20.2,14500
RHC,20090727,21,21,20.5,20.6,2500
RHC,20090724,20.5,20.5,20.5,20.5,6300
RHC,20090723,19,20.3,18.6,19.1,18000
RHC,20090722,20.8,20.8,20,20.1,700
RHC,20090721,20.2,20.3,20.2,20.2,8200
RHC,20090717,21.8,21.8,21.8,21.8,100
RHC,20090715,20.8,20.8,20.7,20.8,7200
RHC,20090714,19,20.9,19,19.5,18200
RHC,20090713,20.5,20.5,20.5,20.5,500
RHC,20090710,20.5,21,20.5,21,4200
RHC,20090709,21,21,21,21,5000
RHC,20090708,21,21,21,21,4100
RHC,20090707,20.5,20.8,20.5,20.7,1000
RHC,20090706,19.3,19.7,19.3,19.4,5600
RHC,20090703,17.6,19.5,17.6,18.3,6300
RHC,20090702,19.9,21.4,18.4,18.5,38500
RHC,20090701,20,20,19.9,19.9,1500
RHC,20090630,21.3,21.6,21.3,21.5,10600
RHC,20090619,24.1,24.1,24,24.1,60540
RHC,20090618,22.9,22.9,22.9,22.9,9910
RHC,20090617,21.4,22,21.4,21.5,8380
RHC,20090616,22.5,23,22.5,22.5,17240
RHC,20090615,23.7,24.8,23.7,23.7,17780
RHC,20090612,25.2,25.2,24.7,25.1,28850
RHC,20090611,24,24.4,24,24.2,20130
RHC,20090610,24.5,24.5,23.2,23.8,11180
RHC,20090609,25.3,25.3,24.5,24.8,21410
RHC,20090608,24.2,24.2,24.2,24.2,16290
RHC,20090605,22.9,23,22.9,23,62340
RHC,20090604,21.5,21.9,21.3,21.5,27310
RHC,20090603,21.3,21.5,20.8,21.4,16950
RHC,20090602,22.5,22.5,21.5,21.9,24920
RHC,20090601,21,21.6,21,21.5,7720
RHC,20090529,21,21,21,21,5680
RHC,20090528,20.6,21,20.6,20.7,3800
RHC,20090527,21.5,22,21.2,21.4,11810
RHC,20090526,22.8,22.8,21.5,22.3,6300
RHC,20090525,21.5,21.9,21.4,21.8,16970
RHC,20090522,20.8,20.9,20.7,20.8,9140
RHC,20090521,21.3,21.5,21,21.4,33090
RHC,20090520,21.3,21.3,21,21.2,42220
RHC,20090519,21.3,21.4,20.9,21.2,27380
RHC,20090518,20.4,21.4,20.4,20.6,17190
RHC,20090515,20.8,21.3,20.8,21,17930
RHC,20090514,21.5,21.5,21,21.3,1780
RHC,20090513,21.9,21.9,20.3,21.3,5770
RHC,20090512,20.2,21,20.2,20.4,42250
RHC,20090511,21.5,22.9,21.3,21.6,27180
RHC,20090508,22.5,22.7,22.4,22.5,60070
RHC,20090507,23.3,23.3,22,23,50580
RHC,20090506,22,22.2,21.9,22,76950
RHC,20090505,21,21,21,21,25190
RHC,20090504,19.9,19.9,19.9,19.9,31080
RHC,20090429,17.3,18.8,17.3,17.8,3620
RHC,20090428,18.2,18.2,18.2,18.2,780
RHC,20090427,17,17.8,17,17.1,1940
RHC,20090424,18.8,18.8,17,18.6,21790
RHC,20090423,17.8,17.8,17.8,17.8,9080
RHC,20090422,16.8,16.8,16.8,16.8,520
RHC,20090421,15.9,16,15.9,15.9,8180
RHC,20090420,17.5,17.5,16.9,17.1,1500
RHC,20090417,18.5,18.5,18,18.1,2040
RHC,20090416,20,20,18.2,18.8,4790
RHC,20090415,19.1,19.4,19,19.1,5210
RHC,20090414,19.1,20.2,18.1,19.6,19670
RHC,20090413,18,19.1,18,19,7530
RHC,20090410,16.5,18,16.5,17.2,16340
RHC,20090409,17,17,17,17,990
RHC,20090408,16.5,18.5,16.5,17.4,1560
RHC,20090407,17.5,17.5,16.2,17.4,10260
RHC,20090403,17,17.4,17,17.3,4560
RHC,20090402,16.2,16.6,16.2,16.4,4070
RHC,20090401,16,17,16,16,3330
RHC,20090331,16,16,16,16,1520
RHC,20090330,16,16,16,16,1590
RHC,20090327,16.7,16.7,16.6,16.6,4120
RHC,20090326,17,17,16.9,16.9,710
RHC,20090325,18.7,18.7,17.9,17.9,710
RHC,20090324,17.9,17.9,17.9,17.9,10
RHC,20090323,17,17,17,17,1100
RHC,20090319,17.9,17.9,17.9,17.9,500
RHC,20090318,18.5,18.5,18,18,1220
RHC,20090317,18,18,18,18,100
RHC,20090316,18.5,18.5,17.5,17.5,5200
RHC,20090312,18,18,17.9,17.9,5090
RHC,20090311,18,18,18,18,10
RHC,20090310,17,17.5,17,17.3,900
RHC,20090309,17,17,17,17,100
RHC,20090306,17,17,17,17,1000
RHC,20090305,17,17,17,17,990
RHC,20090304,17,17,17,17,1980
RHC,20090303,16.8,16.8,16.8,16.8,15250
RHC,20090302,17,17.1,17,17.1,1510
RHC,20090226,17,17,16.1,17,5010
RHC,20090225,17,17,17,17,17830
RHC,20090224,17,17,17,17,20000
RHC,20090223,17,17,17,17,6320
RHC,20090220,18,18,17,17,6890
RHC,20090219,16,18,16,17,3150
RHC,20090217,17,17,17,17,160
RHC,20090216,17,17,17,17,800
RHC,20090213,18,18,17,17.7,720
RHC,20090212,16.7,17.3,16.7,16.9,1580
RHC,20090211,16.3,16.3,16.3,16.3,1000
RHC,20090210,16.3,16.4,16.3,16.3,800
RHC,20090209,15.5,15.5,15.5,15.5,10
RHC,20090206,14.6,14.6,14.6,14.6,30
RHC,20090205,15,15.2,15,15.2,1140
RHC,20090204,15.7,15.7,15.7,15.7,10
RHC,20090203,18,18,16,17.2,1070
RHC,20090202,17,17,17,17,100
RHC,20090123,18.1,18.1,18.1,18.1,10
RHC,20090122,16,17.5,16,17.5,5010
RHC,20090121,17,17,17,17,600
RHC,20090120,16.2,17,16.2,16.6,900
RHC,20090116,17,17,17,16.5,130
RHC,20090115,16.4,16.5,16.4,16.5,7380
RHC,20090114,17.3,17.3,17,17.1,1010
RHC,20090113,17,17,17,17,2140
RHC,20090112,17.2,17.2,17.2,17.2,2000
RHC,20090109,16.2,16.5,16.2,16.4,8010
RHC,20090108,16.2,16.2,16.2,16.2,10
RHC,20090107,17,17,17,17,1000
RHC,20090106,17,17,17,17,20
RHC,20090105,17,17,16.5,16.5,3230
RHC,20090102,16.5,16.5,16.5,16.5,1110
RHC,20081231,16.3,16.7,16.3,16.6,10120
RHC,20081230,16.2,16.8,16.2,16.7,560
RHC,20081229,16.5,16.5,16.5,16.5,500
RHC,20081226,16.5,16.5,16.5,16.5,20
RHC,20081225,16,16.5,16,16,1760
RHC,20081224,16.3,16.3,16.3,16.3,10
RHC,20081223,16,16,16,16,1870
RHC,20081222,17.3,17.3,16.3,16.3,8120
RHC,20081219,16.3,16.3,16.3,16.3,1490
RHC,20081217,16.3,17.5,16.3,17.3,8600
RHC,20081216,17.1,17.1,17.1,17.1,500
RHC,20081215,18.2,18.2,18.2,18.2,1310
RHC,20081212,17,17.5,17,17.3,2320
RHC,20081211,16.5,17,16.5,17,10000
RHC,20081210,15.1,16.5,15.1,15.9,11910
RHC,20081209,15,15.9,15,15.7,3720
RHC,20081208,15.8,15.8,15.5,15.7,1850
RHC,20081205,15.7,16,15.7,15.8,2440
RHC,20081204,16.7,16.7,16.7,16.7,11650
RHC,20081203,19,19,17.7,17.7,1310
RHC,20081202,18.8,19,18.8,18.8,2560
RHC,20081201,19.9,19.9,19,19.8,2800
RHC,20081128,19.9,19.9,18.6,19.7,19400
RHC,20081127,19.5,19.5,17.8,19.3,38050
RHC,20081126,18.9,18.9,18,18.8,11600
RHC,20081125,18.8,18.8,17.9,18.7,16310
RHC,20081124,18.8,18.9,17,18.5,13240
RHC,20081121,17.9,17.9,16.2,17.2,6190
RHC,20081120,16.3,17.2,16.3,16.9,3260
RHC,20081119,17.3,17.3,16,17,10040
RHC,20081118,16.9,17,16.9,17,1400
RHC,20081117,17,17.3,16,16.7,5500
RHC,20081114,16.4,16.4,15.5,16,12060
RHC,20081114,16.4,16.4,15.5,16,12060
RHC,20081113,15.9,15.9,15.5,15.8,8600
RHC,20081112,15.5,15.5,14.1,14.6,3590
RHC,20081111,15,15.1,14.1,14.6,9980
RHC,20081110,15,15,13.6,14.2,11410
RHC,20081107,14.2,15,14.1,14.4,7760
RHC,20081106,14.9,15.8,14.9,15.3,1210
RHC,20081105,15.8,15.8,14.9,15.5,4000
RHC,20081104,14.9,14.9,13.3,14.3,8010
RHC,20081103,14,14,13.1,13.4,12540
RHC,20081031,14,14.8,14,14.4,13200
RHC,20081030,14.5,14.5,13,14.1,23310
RHC,20081029,13.8,13.8,13.7,13.8,5840
RHC,20081028,13,13.9,12.7,12.9,11780
RHC,20081027,13.2,14,13.2,13.3,22770
RHC,20081024,13.6,14.1,13.1,13.9,11870
RHC,20081023,13.6,14.4,13.6,13.7,26310
RHC,20081022,14.5,15,14.3,14.7,30290
RHC,20081021,15.2,16.5,15,15.1,27270
RHC,20081020,16,17.3,16,16.1,38080
RHC,20081017,17,17,17,17,1050
RHC,20081016,17,18,16.8,17.3,5140
RHC,20081015,17.8,17.9,16.5,17,15130
RHC,20081014,17.5,17.5,17.5,17.5,250060
RHC,20081013,17,17,16.5,16.5,670
RHC,20081010,17.2,17.3,16,16.5,5880
RHC,20081009,16.2,18.1,16.2,16.4,1400
RHC,20081008,17.2,18,17.1,17.1,5520
RHC,20081007,18.2,18.2,18.2,18.2,4730
RHC,20081006,19.4,19.4,19.3,19.3,2700
RHC,20081003,20,20.5,19,19.5,400
RHC,20081002,20,20,20,20,14870
RHC,20081001,17.6,18.9,17.6,18.2,5890
RHC,20080930,17.9,17.9,17.9,17.9,10330
RHC,20080929,19.7,19.9,19,19.4,850
RHC,20080926,19.9,20.9,19.8,19.8,10250
RHC,20080925,20,21,19.3,20,710
RHC,20080924,19.2,21,19.2,19.4,4110
RHC,20080923,20.4,21.5,20.4,20.4,6300
RHC,20080922,21.6,21.6,20.6,21.6,22880
RHC,20080919,20.4,20.4,20.4,20.4,5100
RHC,20080918,19.3,19.3,19.3,19.3,2200
RHC,20080917,18.5,20.5,18.5,18.5,13310
RHC,20080916,20.7,21.9,19.5,20,17140
RHC,20080915,20.7,23.3,20.7,21.7,9510
RHC,20080912,21.2,22,21.2,21.5,4210
RHC,20080911,23,23,21.7,22.2,6300
RHC,20080910,23,23,23,23,32570
RHC,20080909,21.8,21.8,21.5,21.8,35850
RHC,20080908,20,20.6,19.2,20.2,7320
RHC,20080905,19.5,20.1,19.5,19.6,2900
RHC,20080904,20.5,20.5,20.5,20.5,290
RHC,20080903,22,22,20.8,21.5,2700
RHC,20080829,20.8,20.8,20.8,20.8,10130
RHC,20080828,22,22.1,22,22,1900
RHC,20080827,22,22.1,22,22.1,5240
RHC,20080826,20.9,20.9,20.9,20.9,9510
RHC,20080825,19,20.9,19,20,10990
RHC,20080822,21,21,19.8,20,7620
RHC,20080821,19.9,21,19.8,20.5,9970
RHC,20080820,18.8,21,18.8,18.9,300
RHC,20080819,19.8,20.2,19.8,20,1860
RHC,20080818,20,21,20,20.7,4370
RHC,20080815,20.7,20.7,20.7,20.7,11900
RHC,20080814,20.1,20.1,20,20.1,3990
RHC,20080813,18.8,19.4,18.8,19.1,1850
RHC,20080812,20.2,20.2,18.8,19.7,3680
RHC,20080811,20.3,20.3,19.5,19.9,2300
RHC,20080808,19.6,19.6,19.1,19.6,9100
RHC,20080807,18.9,19,18.9,19,13180
RHC,20080806,18.4,18.4,18.4,18.4,10
RHC,20080805,19,19.5,19,19,9020
RHC,20080804,19.4,19.7,19.4,19.5,3030
RHC,20080801,20.8,20.8,20.1,20.3,2310
RHC,20080731,20.8,20.8,20.8,20.8,10700
RHC,20080730,20.1,21.5,20.1,21.2,19560
RHC,20080729,20.8,20.8,20.8,20.8,2410
RHC,20080728,20.1,20.1,20.1,20.1,900
RHC,20080725,19.4,19.4,18.2,19.4,23060
RHC,20080724,17.7,18.8,17.7,17.9,26020
RHC,20080723,18.3,18.3,18.3,18.3,28340
RHC,20080722,18.9,18.9,18.9,18.9,250
RHC,20080721,19.6,19.6,19.6,19.6,80
RHC,20080718,21,21,20.3,20.4,3760
RHC,20080717,22,22,21,21.2,3470
RHC,20080716,21.7,23.1,21.7,22.3,4700
RHC,20080715,22.4,22.4,22.3,22.4,12820
RHC,20080714,20.3,21.7,20.3,20.9,22410
RHC,20080711,20.3,21.6,20.3,21.1,10180
RHC,20080710,21,21,20.9,21,1300
RHC,20080709,19.1,20.5,19.1,19.6,20680
RHC,20080708,19.8,19.8,19.8,19.8,420
RHC,20080707,21.9,21.9,20.5,21.9,2640
RHC,20080704,21.2,21.2,21.2,20.1,11400
RHC,20080703,19.1,20.5,19.1,20.1,7870
RHC,20080702,19.8,19.8,19.8,19.8,5160
RHC,20080701,18.6,19.2,18.6,19,6010
RHC,20080630,17.9,19,17.9,18.5,8470
RHC,20080627,17.9,18.4,17.9,18.2,5980
RHC,20080626,18.4,18.4,17.8,18.2,1400
RHC,20080625,17.7,17.8,17.7,17.8,7540
RHC,20080624,17.2,17.2,16.6,17.1,4330
RHC,20080623,15.5,16.6,15.5,16,3450
RHC,20080620,16,16,16,16,9590
RHC,20080619,16.6,16.6,16.6,16.6,1000
RHC,20080618,17.8,17.8,17,17.6,15230
RHC,20080617,17.4,17.4,17.4,17.4,9960
RHC,20080616,17,17,17,17,2100
RHC,20080613,15.9,16.6,15.9,16.5,9370
RHC,20080612,15.9,16.2,15.9,16,3770
RHC,20080611,15.3,15.9,15.3,15.4,27290
RHC,20080610,15.6,15.6,15.6,15.6,8600
RHC,20080609,15.9,15.9,15.9,15.9,330
RHC,20080606,16.3,16.3,16.3,16.3,1070
RHC,20080605,16.7,16.7,16.7,16.7,10
RHC,20080604,17.1,17.1,17.1,17.1,20
RHC,20080603,17.5,17.5,17.5,17.5,20
RHC,20080602,17.9,17.9,17.9,17.9,200
RHC,20080530,18.3,18.3,18.3,18.3,20
RHC,20080526,18.3,18.3,18.3,18.3,5000
RHC,20080522,19.1,19.1,19.1,19.1,5010
RHC,20080521,22,22,21.5,21.8,19310
RHC,20080520,22.1,22.1,21.7,22.1,12590
RHC,20080519,21.3,21.7,21.2,21.5,3800
RHC,20080516,21.1,22,21.1,21.3,11840
RHC,20080515,21.5,22.5,21.5,21.6,6870
RHC,20080514,22,22,22,22,2210
RHC,20080513,22.5,23.5,22.5,22.5,2610
RHC,20080512,23,23.5,23,23,7440
RHC,20080509,24.1,24.1,23.5,23.9,18420
RHC,20080508,24,25,24,24.4,4910
RHC,20080507,24.5,24.5,24.5,24.5,2050
RHC,20080506,25,25,25,25,4190
RHC,20080505,25.9,25.9,25.5,25.6,3810
RHC,20080429,26,26,25.9,26,1120
RHC,20080428,25.3,25.5,25.3,25.4,1700
RHC,20080425,24.4,25.1,24.4,24.5,1200
RHC,20080424,24.9,24.9,24.9,24.9,100
RHC,20080423,24.9,25.4,24.9,25.1,20
RHC,20080422,25.4,25.4,25.4,25.4,670
RHC,20080421,26,26,25.9,26,3370
RHC,20080418,25.4,26.5,25.4,25.4,1200
RHC,20080417,25,26,25,25,18520
RHC,20080416,25.5,25.5,25.5,25.5,500
RHC,20080411,26.1,26.1,26.1,26.1,8050
RHC,20080410,26.7,27.3,26.7,26.7,12160
RHC,20080409,27.3,27.3,26.3,27.3,7200
RHC,20080408,26.7,26.7,25.5,26.7,9250
RHC,20080407,26.1,26.1,26.1,26.1,10
RHC,20080404,25.6,25.6,25.6,25.6,20
RHC,20080403,25.4,25.4,25.4,25.4,10
RHC,20080402,25.2,25.2,25.2,25.2,80
RHC,20080401,25,25,25,25,10
RHC,20080331,24.8,24.8,24.8,24.8,1100
RHC,20080328,24.6,24.6,24.6,24.6,180
RHC,20080327,24.4,24.4,24.4,24.4,1610
RHC,20080326,24,25,24,24.3,2430
RHC,20080325,24,24,24,24,37150
RHC,20080324,25.4,25.4,25.4,25.4,350
RHC,20080321,29,29,26.9,27.2,2410
RHC,20080320,31.2,31.2,28.5,29.7,1780
RHC,20080319,29.9,31,29.9,30,3560
RHC,20080318,31.6,31.6,31.6,31.6,2550
RHC,20080317,31.5,33.4,31.2,31.2,3470
RHC,20080314,33.1,33.1,32.5,32.8,2900
RHC,20080313,35,35,33.1,33.2,2070
RHC,20080312,31.4,34.8,31.4,31.8,1300
RHC,20080311,35.9,35.9,33.2,34.8,11430
RHC,20080310,35.6,35.6,35,35.6,14070
RHC,20080307,33.8,33.8,33.8,33.8,5020
RHC,20080306,32,32,32,32,920
RHC,20080305,30.3,30.3,30.3,30.3,2850
RHC,20080304,32.1,32.1,32.1,32.1,7790
RHC,20080303,35.9,35.9,33.9,34,4850
RHC,20080229,33,35.8,33,34.4,2020
RHC,20080228,34.5,34.5,34.5,34.5,2220
RHC,20080227,36,36,34.5,35.8,470
RHC,20080226,36.2,36.2,34.3,35.1,7080
RHC,20080225,34,34.3,34,34.1,4840
RHC,20080222,33,33,32.5,32.6,5600
RHC,20080221,34,34,34,34,2700
RHC,20080220,38,38,36,36.2,4610
RHC,20080219,36,38,36,37.9,670
RHC,20080218,36.9,37,36.9,36.9,4000
RHC,20080215,39.5,39.5,39,39.3,5100
RHC,20080214,40,41,40,40.5,3990
RHC,20080213,40,40.9,40,40.1,1380
RHC,20080212,42.2,42.2,40,40.7,4210
RHC,20080201,39,40.1,39,39.5,26160
RHC,20080131,40.5,40.5,38,39.4,4500
RHC,20080130,38.6,38.6,38.6,38.6,18610
RHC,20080129,35,36.6,35,35.5,460
RHC,20080128,34.7,34.7,34.7,34.7,500
RHC,20080125,34.5,34.7,34.5,34.6,3000
RHC,20080124,35,35.5,33.4,34.4,7940
RHC,20080123,36,36,35,35.2,7820
RHC,20080122,38.5,38.5,37,38,330
RHC,20080121,38.5,38.5,38.5,0,1880
RHC,20080118,36.9,37,36.6,0,2440
RHC,20080117,35.7,35.7,35.5,0,4250
RHC,20080116,32.1,33.9,32.1,0,1200
RHC,20080115,32.2,32.2,32.1,0,5240
RHC,20080114,36,36,34,0,124510
RHC,20080111,36.9,36.9,36,0,1990
RHC,20080110,37.8,37.8,36,0,33680
RHC,20080109,37.9,37.9,37.2,0,3980
RHC,20080108,37.3,37.3,37.3,0,145110
RHC,20080107,38,38,37.5,0,13840
RHC,20080104,40.5,40.5,39.5,0,6130
RHC,20080103,41,41,41,0,900
RHC,20080102,41.5,41.5,41,0,1100
RHC,20071228,42,42,41,0,2400
RHC,20071227,41.5,41.5,41,0,1500
RHC,20071226,41.5,41.5,41.5,0,2000
RHC,20071225,42,42,39.8,0,2310
RHC,20071224,43.9,43.9,42,0,400
RHC,20071221,42,43,42,0,2200
RHC,20071220,43.3,43.3,41.8,0,650
RHC,20071219,43,43,41.6,0,1250
RHC,20071218,41.5,41.5,41.5,0,1000
RHC,20071217,41.3,42,41.3,0,2730
RHC,20071214,44.5,44.5,42.5,0,1840
RHC,20071213,43.4,43.4,42.2,0,2600
RHC,20071212,41.8,43,41.8,0,1750
RHC,20071211,41.7,42,41.7,0,1830
RHC,20071210,44.1,44.1,44.1,0,200
RHC,20071207,43,44,43,0,2180
RHC,20071206,43,43.3,43,0,14500
RHC,20071205,43,43.1,43,0,5450
RHC,20071204,44.9,44.9,43.2,0,4940
RHC,20071203,44,44,43,0,1350
RHC,20071130,43.5,43.5,43.2,0,3430
RHC,20071129,44.5,44.5,44,0,1210
RHC,20071128,43.5,44,43.4,0,7000
RHC,20071127,45.5,45.5,43.5,0,5840
RHC,20071126,44,44,43,0,14700
RHC,20071123,44,44,43,0,4950
RHC,20071122,43.8,44,43.8,0,1330
RHC,20071121,44,44,42,0,6210
RHC,20071120,44,44,44,0,1000
RHC,20071119,43,44,42.5,0,1900
RHC,20071116,44.5,44.5,42.5,0,6560
RHC,20071115,41.1,45,41.1,0,5260
RHC,20071114,43,43.4,43,0,6810
RHC,20071113,42,43.5,41.2,0,9340
RHC,20071112,45.2,45.5,43.5,0,9500
RHC,20071109,46,46,45.5,0,28760
RHC,20071108,48,48,46,0,9130
RHC,20071107,48,48,46,0,16770
RHC,20071106,50,50,48,0,21400
RHC,20071105,50.5,51,48.5,0,31790
RHC,20071102,51,51,48.5,0,26300
RHC,20071101,51,51,51,0,19650
RHC,20071031,48.5,48.5,48.5,0,35380
RHC,20071030,45,46,45,0,21220
RHC,20071029,44,45,44,0,15600
RHC,20071026,43.5,44.5,43.5,0,7690
RHC,20071025,45.5,45.5,44.2,0,6660
RHC,20071024,42.1,43.2,42.1,0,12060
RHC,20071023,44,44,43.2,0,5850
RHC,20071022,44,44.2,44,0,3900
RHC,20071019,44.5,47,44,0,9140
RHC,20071018,47.5,47.5,45.3,0,12090
RHC,20071017,47,48,46.5,0,20260
RHC,20071016,46,47,46,0,9860
RHC,20071015,46,46.5,45.5,0,21710
RHC,20071012,46,46,45,0,5620
RHC,20071011,47,47,46,0,19440
RHC,20071010,45.5,46,45,0,19900
RHC,20071009,45.3,45.3,42.5,0,10500
RHC,20071008,41.2,43,41.2,0,18570
RHC,20071005,43,43.5,43,0,3870
RHC,20071004,45,45,44,0,14550
RHC,20071003,43,44.3,43,0,13100
RHC,20071002,44,45,43.5,0,13050
RHC,20071001,46,46,45.5,0,3210
RHC,20070928,42,44,42,0,12350
RHC,20070927,44,44.5,43,0,9050
RHC,20070926,43.3,43.4,41.5,0,26790
RHC,20070925,41,41.2,40.5,0,20300
RHC,20070924,41,41,39.1,0,11840
RHC,20070921,41,41,40.2,0,2850
RHC,20070920,41,41,40.5,0,1800
RHC,20070919,40.9,40.9,40.3,0,7300
RHC,20070918,39,39,38.8,0,5300
RHC,20070917,37.9,39,37.9,0,5760
RHC,20070914,41,41,39.5,0,2590
RHC,20070913,39.5,41.3,39.5,0,4930
RHC,20070912,42.5,42.5,41,0,21700
RHC,20070911,39,40.6,39,0,11630
RHC,20070910,37,38.5,37,0,7740
RHC,20070907,36.5,37.5,36,0,7600
RHC,20070906,37,37,36.5,0,1750
RHC,20070905,38,38,36.5,0,4770
RHC,20070904,38,38,37,0,2960
RHC,20070831,37,37.5,36.7,0,7680
RHC,20070830,36.4,36.4,35.2,0,920
RHC,20070829,37,37,35.4,0,1560
RHC,20070828,37,37.2,37,0,4050
RHC,20070827,36.6,37,36.6,0,4030
RHC,20070824,36.5,36.5,35.9,0,9540
RHC,20070823,35,35.9,35,0,13030
RHC,20070822,34,34,34,0,700
RHC,20070821,34.6,34.6,34.2,0,1690
RHC,20070820,33.1,36,33.1,0,2150
RHC,20070817,36,36,34.5,0,1150
RHC,20070816,35,35.1,35,0,1920
RHC,20070815,36,36,35.1,0,880
RHC,20070814,35,35.5,35,0,1910
RHC,20070813,35,35.5,35,0,2280
RHC,20070810,36,36,35,0,2300
RHC,20070809,35.5,35.5,35,0,8360
RHC,20070808,35.4,36,35,0,4840
RHC,20070807,36,36,35.4,0,1350
RHC,20070806,35.5,36,35.5,0,1970
RHC,20070803,35,36,35,0,1510
RHC,20070802,37,39,37,0,2370
RHC,20070801,36,39,36,0,4090
RHC,20070731,38.1,38.1,37.7,0,7850
RHC,20070727,39.8,40,39.8,0,4950
RHC,20070726,40,40,39.8,0,940
RHC,20070725,39.4,40,39.4,0,2610
RHC,20070724,40.5,40.5,39.2,0,2300
RHC,20070723,40.8,41,40.8,0,2310
RHC,20070720,40.8,40.8,40.7,0,7780
RHC,20070719,40.7,40.8,40.7,0,7000
RHC,20070718,41.6,41.6,39.7,0,1600
RHC,20070717,42,42,41.9,0,1950
RHC,20070716,39.8,41.9,39.8,0,2600
RHC,20070713,43,43,42,0,1510
RHC,20070712,43,43,42,0,650
RHC,20070711,43,43,43,0,6290
RHC,20070710,41,42,41,0,1300
RHC,20070709,43,43,42,0,840
RHC,20070706,41,42,41,0,880
RHC,20070705,41.7,41.7,41,0,3700
RHC,20070704,38,41,38,0,1370
RHC,20070703,40.2,40.2,40.2,0,2300
RHC,20070702,42.5,43,42.5,0,2000
RHC,20070629,42,42,42,0,1650
RHC,20070628,43,44,43,0,3590
RHC,20070627,45,45,43.9,0,1810
RHC,20070626,44.5,45,44,0,5900
RHC,20070625,46,46,45,0,4750
RHC,20070622,45.5,45.5,45,0,1700
RHC,20070621,46,46,45.5,0,1110
RHC,20070620,47,47,46.5,0,4450
RHC,20070619,47,47,47,0,6000
RHC,20070618,46,46,45,0,3500
RHC,20070615,47,47,45.2,0,2540
RHC,20070614,46,46,46,0,1800
RHC,20070613,47,48,47,0,1550
RHC,20070612,46,48,46,0,950
RHC,20070611,48,48,48,0,5410
RHC,20070608,47,48,47,0,12500
RHC,20070607,47.5,47.5,47.5,0,10800
RHC,20070606,45.5,47,44.5,0,2620
RHC,20070605,48,48,46,0,2390
RHC,20070604,47.5,48,47,0,4760
RHC,20070601,48,48,46.5,0,2500
RHC,20070531,46,48,46,0,2630
RHC,20070530,47,47.5,47,0,5900
RHC,20070529,49,49,49,0,1500
RHC,20070528,50,50,49,0,13840
RHC,20070525,49,49,47.5,0,9880
RHC,20070524,50,50,50,0,3630
RHC,20070523,52.5,52.5,52.5,0,19780
RHC,20070522,50,50,50,0,25610
RHC,20070521,49,49,49,0,12420
RHC,20070518,50,50,49,0,9200
RHC,20070517,47.1,48.6,47.1,0,5580
RHC,20070516,49.5,49.5,49,0,11750
RHC,20070515,49.5,49.5,49,0,13060
RHC,20070514,45.7,47.6,45.7,0,13940
RHC,20070511,45.2,45.2,45.2,0,1800
RHC,20070510,46.1,46.1,44.2,0,1950
RHC,20070509,46.1,46.1,45.2,0,9860
RHC,20070508,46.1,46.1,44.2,0,14750
RHC,20070507,45.2,45.2,45.2,0,2400
RHC,20070504,44.2,44.2,44.2,0,1750
RHC,20070503,44.2,44.2,44.2,0,4350
RHC,20070502,42.3,44.2,42.3,0,1610
RHC,20070425,42.3,42.3,41.8,0,11710
RHC,20070424,43.3,43.3,42.8,0,1200
RHC,20070423,47.1,47.1,45.2,0,2580
RHC,20070420,47.1,47.1,47.1,0,2500
RHC,20070419,47.1,47.1,47.1,0,6970
RHC,20070418,42.8,44.7,42.8,0,1140
RHC,20070417,45.2,45.2,42.8,0,1850
RHC,20070416,45.2,45.2,45.2,0,10700
RHC,20070413,45.2,45.2,45.2,0,7990
RHC,20070412,47.6,47.6,47.6,0,2950
RHC,20070411,51.9,51.9,50,0,980
RHC,20070410,51.4,51.4,51,0,1210
RHC,20070409,48.1,50.5,48.1,0,1710
RHC,20070406,51.9,51.9,50.5,0,1940
RHC,20070405,54.8,54.8,51.9,0,6000
RHC,20070404,51,54.8,51,0,5180
RHC,20070403,52.9,52.9,52.9,0,6920
RHC,20070402,57.7,57.7,55.8,0,8000
RHC,20070330,56.8,57.7,56.8,0,17470
RHC,20070329,52.4,54.8,52.4,0,7600
RHC,20070328,50.5,52.4,50,0,26040
RHC,20070327,52.9,52.9,52.4,0,14500
RHC,20070326,55.3,55.3,55.3,0,18640
RHC,20070323,55.3,57.7,55.3,0,18680
RHC,20070322,57.7,57.7,57.7,0,20400
RHC,20070321,63.5,63.5,60.1,0,19830
RHC,20070320,63.5,63.5,63.5,0,34420
RHC,20070319,60.6,60.6,60.6,0,20220
RHC,20070316,57.7,57.7,57.7,0,28580
RHC,20070315,60.6,60.6,60.6,0,2740
RHC,20070314,67.4,67.4,64,0,4550
RHC,20070313,68.3,68.3,66.4,0,11560
RHC,20070312,73.6,73.6,68.3,0,32990
RHC,20070309,71.7,71.7,68.3,0,24300
RHC,20070308,67.4,68.3,67.4,0,41710
RHC,20070307,65.4,65.4,65.4,0,17330
RHC,20070306,62.5,62.5,62.5,0,36720
RHC,20070306,62.5,62.5,62.5,0,36720
RHC,20070305,56.8,59.6,56.8,0,36200
RHC,20070302,55.8,56.8,55.8,0,21880
RHC,20070301,53.9,56.8,53.9,0,40500
RHC,20070228,58.7,58.7,56.8,0,43780
RHC,20070227,57.7,57.7,55.3,0,31990
RHC,20070226,53.9,55.3,53.9,0,19160
RHC,20070215,54.8,54.8,52.9,0,28930
RHC,20070214,52.9,52.9,52.9,0,14400
RHC,20070213,52.9,52.9,51,0,23400
