<Ticker>,<DTYYYYMMDD>,<Open>,<High>,<Low>,<Close>,<Volume>
SAM,20100729,25.3,25.8,25.2,25.4,432660
SAM,20100728,26.3,26.3,25.8,25.8,246050
SAM,20100727,26.6,26.9,26.3,26.3,145540
SAM,20100726,26.9,27,26.6,26.6,126840
SAM,20100723,27,27.1,26.8,26.9,297070
SAM,20100722,27.3,27.3,26.9,26.9,253990
SAM,20100721,27.6,27.7,27.3,27.3,145730
SAM,20100720,27.8,27.8,27.4,27.4,348120
SAM,20100719,27.8,27.9,27.5,27.6,298690
SAM,20100716,27.9,28.1,27.6,27.6,315140
SAM,20100715,28.2,28.4,28,28,179240
SAM,20100714,29.3,29.3,28.5,28.5,194550
SAM,20100713,28,29.4,28,29,605220
SAM,20100712,27.6,28,27.4,28,246350
SAM,20100709,27.6,27.7,27.4,27.5,192960
SAM,20100708,27.6,27.8,27.5,27.5,142330
SAM,20100707,27.7,27.9,27.5,27.5,135830
SAM,20100706,27.7,27.7,27.5,27.6,214750
SAM,20100705,27.9,28.2,27.9,27.9,204180
SAM,20100702,27.8,28.1,27.8,27.9,176140
SAM,20100701,28.1,28.2,27.8,27.8,299160
SAM,20100630,27.9,28.2,27.8,27.8,370930
SAM,20100629,28.4,28.7,28.4,28.4,208070
SAM,20100628,28.6,28.8,28.4,28.4,157020
SAM,20100625,28.7,28.8,28.6,28.6,275100
SAM,20100624,28.9,29,28.8,28.9,272740
SAM,20100623,28.8,29,28.8,28.8,270090
SAM,20100622,29.1,29.3,28.9,28.9,296090
SAM,20100621,29,29.2,28.9,29.1,229380
SAM,20100618,28.9,29,28.8,28.8,316440
SAM,20100617,28.7,29.1,28.7,28.9,222840
SAM,20100616,29.1,29.2,28.8,28.9,272930
SAM,20100615,28.8,29.1,28.8,28.8,218990
SAM,20100614,29.3,29.3,28.8,29,363400
SAM,20100611,29.2,29.3,28.9,28.9,668451
SAM,20100610,28.5,28.9,28.3,28.5,251340
SAM,20100609,28.9,29,28.5,28.5,435090
SAM,20100608,28.4,28.8,28.3,28.6,407790
SAM,20100607,28.5,29.5,28.5,28.5,571780
SAM,20100604,29.7,30.6,29.7,29.8,659980
SAM,20100603,30,30,29.6,29.7,371860
SAM,20100602,29.4,29.7,29.3,29.6,374480
SAM,20100601,29,29.6,29,29.6,171970
SAM,20100531,29.9,30.1,29.2,29.2,411020
SAM,20100528,30,30.5,29.7,30.1,604400
SAM,20100527,28.4,30,28.3,29.5,620480
SAM,20100526,28.8,28.9,28.4,28.8,471270
SAM,20100525,28.2,29.1,28.2,28.4,672790
SAM,20100524,27.9,28.2,27,28.2,788390
SAM,20100521,27,27.4,26.9,26.9,971720
SAM,20100520,26,28.3,26,28.3,630840
SAM,20100519,28.1,28.2,27.2,27.2,828770
SAM,20100518,29,29,28.5,28.5,479950
SAM,20100517,29.9,29.9,29,29,748360
SAM,20100514,30,30.2,29.9,29.9,665350
SAM,20100513,30.3,30.7,30,30,857990
SAM,20100512,30.8,30.9,30,30,971080
SAM,20100511,31.4,31.4,31,31,708320
SAM,20100510,31,31.2,30.7,31,861690
SAM,20100507,31.4,31.4,30.8,31,768660
SAM,20100506,31.5,31.7,31.4,31.6,1201100
SAM,20100505,31.6,31.7,31.4,31.4,722660
SAM,20100504,31.6,31.9,31.5,31.7,867610
SAM,20100429,31.5,31.7,31.2,31.2,650190
SAM,20100428,31,31.6,31,31.4,1200410
SAM,20100427,31.5,31.6,31.3,31.3,945250
SAM,20100426,32,32,31.6,31.6,961820
SAM,20100422,31.7,32.6,31.6,32,1678600
SAM,20100421,31.3,31.3,31.1,31.1,1152940
SAM,20100420,31.2,31.3,31,31,1175680
SAM,20100419,31.3,31.3,30.9,31.1,1072410
SAM,20100416,31.7,31.7,31.1,31.2,1047380
SAM,20100415,31,31.5,30.9,31.5,1558930
SAM,20100414,30.7,30.7,30.5,30.6,857950
SAM,20100413,30.8,30.8,30.6,30.6,897200
SAM,20100412,30.8,31,30.6,30.6,1370050
SAM,20100409,30.8,30.9,30.6,30.6,1352250
SAM,20100408,30.8,30.9,30.5,30.7,1026050
SAM,20100407,30.8,31,30.5,30.6,1314800
SAM,20100406,31,31.2,30.8,30.8,1604290
SAM,20100405,31.3,31.4,31,31,1876650
SAM,20100402,30.9,31.2,30.7,30.9,919030
SAM,20100401,30.1,31.1,30.1,30.7,1698750
SAM,20100331,30.9,31,30.3,30.5,1880080
SAM,20100330,31.8,31.8,30.9,30.9,4818700
SAM,20100329,30.7,30.7,30.7,30.7,363760
SAM,20100326,29.8,29.8,29,29.2,1694780
SAM,20100325,30,30.3,29.4,29.5,1220620
SAM,20100324,30.8,30.8,30.2,30.7,1445640
SAM,20100323,30.8,31.2,30.3,30.3,1562260
SAM,20100322,30.4,31.7,30.3,31.4,4517490
SAM,20100319,29.9,30.8,29.8,30.2,1338800
SAM,20100318,30,30.2,29.4,30.1,1182600
SAM,20100317,29.6,30.2,29.3,29.3,1314460
SAM,20100316,30,30.4,29.3,29.4,1667670
SAM,20100315,31,31.3,30.4,30.4,1225410
SAM,20100312,30.7,31.3,30.4,31,1936460
SAM,20100311,30,30.5,29.8,30.5,1433650
SAM,20100310,30.3,30.7,29.8,30,1584580
SAM,20100309,30.3,30.8,29.8,30.6,1486020
SAM,20100308,30.3,30.7,29.8,30.5,1601030
SAM,20100305,28.6,30,28.6,29.8,2199640
SAM,20100304,28.8,29.4,28.7,28.8,1229700
SAM,20100303,27.8,28.2,27.7,28.2,959080
SAM,20100302,27.8,28.1,27.5,27.6,768140
SAM,20100301,27.2,27.9,27.2,27.7,674980
SAM,20100226,27.1,27.3,27,27.2,517650
SAM,20100225,27.7,27.8,27.2,27.2,498150
SAM,20100224,26.9,27.3,26.9,27.2,733450
SAM,20100223,27.5,27.7,27.2,27.2,776320
SAM,20100222,28.3,28.3,27.7,28.2,821580
SAM,20100212,27.7,28.2,27.6,27.7,487780
SAM,20100211,27.1,27.5,27,27.5,772400
SAM,20100210,26.8,27.6,26.8,27.1,358200
SAM,20100209,26.8,26.9,26.5,26.8,894720
SAM,20100208,27.1,27.3,26.9,26.9,605460
SAM,20100205,27.1,27.7,26.6,27.2,1073830
SAM,20100204,27.3,28.4,27.1,27.8,910920
SAM,20100203,27.1,27.3,26.8,27.3,1029420
SAM,20100202,27.2,27.2,26.8,26.8,495830
SAM,20100201,26.5,26.9,26.4,26.8,1072240
SAM,20100129,26.4,26.8,26.1,26.4,765150
SAM,20100128,27,27.1,26.4,26.4,626040
SAM,20100127,27.6,28.3,26.9,27,715060
SAM,20100126,27.1,27.9,27.1,27.9,1149350
SAM,20100125,26.6,26.9,26.3,26.6,681240
SAM,20100122,26.3,27,25.9,26.6,814120
SAM,20100121,27.3,28.2,26.9,26.9,1349230
SAM,20100120,29.4,29.4,28.3,28.3,1278730
SAM,20100119,29.3,29.7,28.8,29.3,726310
SAM,20100118,30.1,30.3,29.3,29.3,969360
SAM,20100115,31.7,31.7,30.7,30.9,2926690
SAM,20100114,30.6,30.6,30.4,30.6,2179810
SAM,20100113,27.4,29.1,26.3,29.1,1131180
SAM,20100112,28.9,29.3,27.7,27.7,1028030
SAM,20100111,29.8,29.8,28.5,29.2,1055610
SAM,20100108,30.3,30.3,29.4,29.4,1580010
SAM,20100107,29.8,30.3,29.3,29.5,839160
SAM,20100106,29.7,30.8,29.3,29.8,1060300
SAM,20100105,30.3,30.3,29.4,30.3,1247960
SAM,20100104,27.8,28.8,27.8,28.8,656990
SAM,20091231,27.8,28.3,27.4,27.4,1052520
SAM,20091230,27.2,28.3,26.8,27.4,1359040
SAM,20091229,27.3,28.1,27.3,27.3,860310
SAM,20091228,27.2,28.3,27,27.7,1187030
SAM,20091225,26.9,27.2,26.8,27.2,1045010
SAM,20091224,24.8,25.9,24.5,25.9,1654770
SAM,20091223,24.2,24.8,24.2,24.7,922470
SAM,20091222,24.1,25,23.8,24.4,1554080
SAM,20091221,23.4,23.8,23,23.8,647920
SAM,20091218,22.5,22.7,22,22.7,911900
SAM,20091217,21.3,21.6,20.5,21.6,482070
SAM,20091216,22.3,22.3,21.3,21.3,1711580
SAM,20091215,23.3,23.6,22.4,22.4,1037160
SAM,20091214,22.8,23.3,22.2,23.3,723390
SAM,20091211,22.6,22.9,22.2,22.2,944340
SAM,20091210,24.8,25.1,23.4,23.4,1230780
SAM,20091209,24.9,25.3,24.6,24.6,1583230
SAM,20091208,26.9,26.9,25.8,25.9,1333350
SAM,20091207,27.4,27.5,26.8,26.9,388570
SAM,20091204,27.8,27.8,27.3,27.4,659720
SAM,20091203,27.3,27.8,26.3,27.4,696170
SAM,20091202,28.3,28.9,27.3,27.3,994340
SAM,20091201,28.6,29.7,28.4,28.8,1083580
SAM,20091130,28.2,28.9,28.2,28.4,1081600
SAM,20091127,26.8,29.6,26.8,28.2,1564720
SAM,20091126,28.2,28.4,28.2,28.2,684060
SAM,20091125,30.3,30.8,29.7,29.7,1143170
SAM,20091124,32.3,32.3,31.3,31.3,753720
SAM,20091123,32.8,33.1,32,32,1120450
SAM,20091120,33.2,33.6,32.4,32.9,1036720
SAM,20091119,32.5,33.5,32.3,33.4,1545390
SAM,20091118,32,32.3,31.7,32.3,859730
SAM,20091117,32,32.8,31.9,32,951500
SAM,20091116,32.5,33,32,32,1064770
SAM,20091113,31.7,32.8,31.5,32.8,818540
SAM,20091112,31.8,33,31.7,32.2,1055280
SAM,20091111,31.1,31.8,30.5,31.8,1109150
SAM,20091110,31.8,31.8,30,30.6,1173050
SAM,20091109,32.8,32.9,31.6,31.6,1184150
SAM,20091106,34.8,34.8,33.3,33.3,1548440
SAM,20091105,33.7,34.8,33.2,34.3,1129990
SAM,20091104,33.8,34.4,32.8,33.2,1435360
SAM,20091103,34.7,34.8,33,33.3,1613830
SAM,20091102,34.3,34.4,33.7,34.3,2496750
SAM,20091030,35.4,35.5,34.4,35.5,2169540
SAM,20091029,34.1,34.4,33.5,33.8,2027000
SAM,20091028,35.8,36.1,35,35.3,1454090
SAM,20091027,35.8,36.2,34.9,35.1,2543480
SAM,20091026,38.3,39.2,36.6,36.7,2437200
SAM,20091023,41.9,41.9,38.3,38.3,4511180
SAM,20091022,39.9,39.9,39.9,39.9,1457300
SAM,20091021,37.8,38.7,37.5,38,2492200
SAM,20091020,37.7,38.3,37.3,37.5,2328660
SAM,20091019,37.9,39.5,37.3,37.3,2988410
SAM,20091016,38,38,37,38,4200840
SAM,20091015,36.1,36.1,35.2,36.1,3584700
SAM,20091014,32.7,34.3,32.7,34.3,2000830
SAM,20091013,32.9,33.3,32.5,32.6,1549620
SAM,20091012,33.4,33.8,32.9,33.2,1675230
SAM,20091009,32.4,32.6,32.1,32.4,1650420
SAM,20091008,31.6,31.7,31.3,31.6,874170
SAM,20091007,31.6,32.4,31.6,31.8,1241120
SAM,20091006,31.8,31.8,31,31.1,1117060
SAM,20091005,32.3,32.4,31.1,31.3,1007720
SAM,20091002,30.5,31.8,30.1,31.8,2361600
SAM,20091001,32.8,33,31.7,31.8,1459360
SAM,20090930,33.9,34.6,33.1,33.1,1726540
SAM,20090929,35.6,35.6,34.3,34.9,3815370
SAM,20090928,33.3,33.8,32.7,33.8,3155600
SAM,20090925,31.6,32.1,31.5,32.1,1154210
SAM,20090924,31.9,32.1,31.5,31.7,1058930
SAM,20090923,32.3,33.1,31.9,31.9,2069260
SAM,20090922,31.5,32.1,31.5,31.6,1654150
SAM,20090921,32.8,32.8,32,32.1,1266630
SAM,20090918,31.3,33,31.2,32.8,1846940
SAM,20090917,32.3,32.3,31.4,31.4,1847590
SAM,20090916,33.4,34,32.3,32.3,2835690
SAM,20090915,33.3,33.3,32.8,33.3,3899490
SAM,20090914,30.8,31.7,30.8,31.7,2039660
SAM,20090911,30.5,30.6,30.1,30.1,1134470
SAM,20090910,30.4,30.7,30.2,30.2,769820
SAM,20090909,30.8,31,30.5,30.5,954690
SAM,20090908,30.8,31.1,30.3,30.8,840070
SAM,20090907,30.3,30.6,29.1,30.3,1654770
SAM,20090904,31.5,31.8,29.8,30.3,1922900
SAM,20090903,31.3,31.8,31,31,1182400
SAM,20090901,32.1,32.6,31.8,31.8,1558170
SAM,20090831,32.8,32.9,32.1,32.6,1573570
SAM,20090828,32.2,32.3,31.8,32.2,1930300
SAM,20090827,32.3,32.5,31.5,32,1413330
SAM,20090826,32.8,33,32,32.3,2100030
SAM,20090825,32.4,33.8,32.2,33,3336260
SAM,20090824,31.3,32.4,31.2,32.4,3192780
SAM,20090821,31.8,31.9,30.8,30.8,3411520
SAM,20090820,30.8,31,30.3,30.3,1294780
SAM,20090819,29.8,30.7,29.6,30.7,1471060
SAM,20090818,29,30.3,28.9,29.6,1926150
SAM,20090817,30.6,30.7,29.4,29.4,1100480
SAM,20090814,30.8,31.9,30.6,30.8,1182330
SAM,20090813,31.6,31.9,30.6,31.8,3090910
SAM,20090812,30.8,30.8,30,30.3,1713350
SAM,20090811,29.8,30.2,29.6,29.7,1182000
SAM,20090810,29.8,30.7,29.4,30,1616380
SAM,20090807,29.5,29.6,29.2,29.3,756720
SAM,20090806,29,30.4,29,29.5,1881110
SAM,20090805,28.4,29.3,28.3,28.9,1008330
SAM,20090804,29.3,29.5,28.6,28.8,1200730
SAM,20090803,29.1,29.6,28.5,28.5,905940
SAM,20090731,27.8,28.9,27.8,28.9,1483370
SAM,20090730,27.8,28.8,27.3,27.5,1127750
SAM,20090729,29.8,30.7,28.6,28.6,1561060
SAM,20090728,30.6,32,29.5,29.5,2530460
SAM,20090727,30.6,30.6,29.6,30.6,2605580
SAM,20090724,29.1,29.1,29.1,29.1,505290
SAM,20090723,26.4,27.7,25.9,27.7,1224510
SAM,20090722,27.1,27.1,26.3,26.3,803790
SAM,20090721,26.8,27.3,26.5,26.7,932600
SAM,20090720,25.7,27,25.2,26.8,1484020
SAM,20090717,26.4,27.2,26.3,26.5,1021880
SAM,20090716,27.3,27.3,26.7,27.3,1779290
SAM,20090715,25.1,25.9,25,25.9,952430
SAM,20090714,25.2,25.6,24.2,24.6,938720
SAM,20090713,26.3,26.6,25.2,25.2,1870710
SAM,20090710,27.8,27.8,26.3,26.6,1266180
SAM,20090709,28.4,29,27.8,27.8,959300
SAM,20090708,29.8,30,28.3,28.8,1457660
SAM,20090707,28.7,29.4,27.7,29.4,3980790
SAM,20090706,27.9,27.9,27.7,27.9,1387760
SAM,20090703,24.3,26.5,24.3,26.5,1475080
SAM,20090702,23.8,25.2,23.2,25.2,2043730
SAM,20090701,24.5,24.5,24.5,24.5,550390
SAM,20090630,27.3,27.3,25.9,25.9,918070
SAM,20090629,27.8,28.6,27.3,27.3,758570
SAM,20090626,26.8,28.1,26.5,27.8,1223990
SAM,20090625,28.6,28.6,27.1,27.1,2045610
SAM,20090624,28.6,28.6,27.8,28.6,3568890
SAM,20090623,27.2,27.2,27.2,27.2,141590
SAM,20090622,28.8,29.8,28.7,28.7,672570
SAM,20090619,30.8,30.8,29.3,30.3,2145300
SAM,20090618,32.3,32.3,30.3,30.9,1760350
SAM,20090617,31.3,32.8,31.3,31.3,3457390
SAM,20090616,33,33,33,33,627270
SAM,20090615,34.8,36.8,34.8,34.8,2984830
SAM,20090612,36.7,36.7,36.7,36.7,2202210
SAM,20090611,34.9,34.9,34.9,34.9,759350
SAM,20090610,33.2,33.2,31.6,33.2,7478890
SAM,20090609,31.6,31.6,31.6,31.6,1658390
SAM,20090608,30,30,30,30,372614
SAM,20090605,28.5,28.5,28.3,28.5,1528260
SAM,20090604,26.8,27.6,26.8,27.1,1638370
SAM,20090603,26.6,27.4,26.2,26.6,1371950
SAM,20090602,27.9,27.9,27.3,27.4,1408040
SAM,20090601,25.8,26.5,25.6,26.5,1656850
SAM,20090529,25.1,25.7,24.4,25.2,792190
SAM,20090528,25.8,26.4,25.1,25.1,2150453
SAM,20090527,27,27.7,26.3,26.5,1449890
SAM,20090526,28.7,28.8,27.8,27.8,1623860
SAM,20090525,27.3,27.5,27.1,27.5,552290
SAM,20090522,26.1,26.6,26.1,26.1,2162460
SAM,20090521,28.8,28.8,27.5,27.5,2011970
SAM,20090520,27.5,29.7,27.4,29,2113620
SAM,20090519,28.2,28.2,27.3,28.2,2670710
SAM,20090518,26.8,28.1,26.6,26.8,2732020
SAM,20090515,26.7,26.8,25.7,26.8,1810220
SAM,20090514,24.6,25.5,24.2,25.5,2057280
SAM,20090513,24.8,26.8,24.8,25.5,2563060
SAM,20090512,24.2,25.5,23.2,25.5,2433270
SAM,20090511,23.8,25.1,23.3,24.2,2059280
SAM,20090508,23.6,23.8,23.3,23.8,2928210
SAM,20090507,22.6,22.6,22.6,22.6,791350
SAM,20090506,22.4,22.5,21.3,21.5,5956340
SAM,20090505,21.4,21.4,21.4,21.4,844980
SAM,20090504,20.3,20.3,20.3,20.3,44300
SAM,20090429,18.8,19.3,18.4,19.3,1025690
SAM,20090428,17.4,18.3,17.4,18.3,2204910
SAM,20090427,17.6,18.8,17.4,17.4,2841570
SAM,20090424,18.8,19.3,18.4,18.4,1268750
SAM,20090423,21.3,21.5,19.4,19.4,1520330
SAM,20090422,20.5,20.5,19.3,20.5,2143720
SAM,20090421,19.5,20.3,19.5,19.5,3678990
SAM,20090420,20.6,20.6,20.6,20.6,377420
SAM,20090417,22.8,22.8,20.6,21.8,6739430
SAM,20090416,21.7,21.7,21.7,21.7,373090
SAM,20090415,20.6,20.6,20.6,20.6,711542
SAM,20090414,19.6,19.6,19.6,19.6,279590
SAM,20090413,18.6,18.6,18.6,18.6,330795
SAM,20090410,17.7,17.7,17.7,17.7,237060
SAM,20090409,16.8,16.8,16.6,16.8,2184060
SAM,20090408,15.5,15.9,15.4,15.9,3835240
SAM,20090407,15.1,15.1,14.6,15.1,1466900
SAM,20090403,14.3,14.3,14.3,14.3,819790
SAM,20090402,13.3,13.6,12.9,13.6,1811530
SAM,20090401,12.7,12.9,12.4,12.9,803990
SAM,20090331,12.3,12.6,12,12.2,819520
SAM,20090330,12.6,12.9,12.4,12.6,910420
SAM,20090327,13.6,13.6,13,13,1710300
SAM,20090326,12.8,13.3,12.7,13.2,1269620
SAM,20090325,12.2,13,12,12.7,1095680
SAM,20090324,12.3,12.3,11.9,12.3,1164990
SAM,20090323,12.3,12.4,11.7,11.7,686880
SAM,20090320,12.2,13,12.2,12.4,812450
SAM,20090319,12.7,13.4,12.3,12.4,2055090
SAM,20090318,12.7,12.7,12.6,12.7,1603590
SAM,20090317,12,12,11.9,12,594560
SAM,20090316,11.3,11.4,11.2,11.4,628640
SAM,20090313,10.9,11.1,10.8,10.8,378100
SAM,20090312,10.7,11.1,10.6,10.8,486860
SAM,20090311,11.1,11.1,10.7,11.1,953360
SAM,20090310,10.1,10.7,10.1,10.5,436340
SAM,20090309,10.3,10.4,10.1,10.2,174910
SAM,20090306,10.2,10.4,10.1,10.3,236540
SAM,20090305,10.4,10.4,10.2,10.4,290840
SAM,20090304,10.1,10.2,10,10.1,229680
SAM,20090303,9.9,10,9.7,10,388180
SAM,20090302,9.8,10.1,9.8,10,260470
SAM,20090227,10.1,10.5,9.9,9.9,216030
SAM,20090226,10,10.3,9.7,10.3,504560
SAM,20090225,10.2,10.2,10,10.2,618820
SAM,20090224,9.5,9.8,9.4,9.7,230830
SAM,20090223,10.1,10.1,9.6,9.7,422420
SAM,20090220,9.9,10.2,9.7,10.2,620930
SAM,20090219,9.6,9.7,9.4,9.7,617770
SAM,20090218,9.2,9.4,9,9.2,479970
SAM,20090217,9.8,9.9,9.5,9.5,498520
SAM,20090216,10.1,10.2,9.9,10.1,369270
SAM,20090213,9.3,10.1,9.3,10,509090
SAM,20090212,10.3,10.5,9.9,9.9,330680
SAM,20090211,10.5,10.8,10.5,10.5,438340
SAM,20090210,11.3,11.3,11.1,11.1,456230
SAM,20090209,11.6,11.7,11.4,11.7,144660
SAM,20090206,11.2,11.4,11,11.4,218180
SAM,20090205,11.4,11.5,11,11.1,291730
SAM,20090204,11.4,11.7,11.1,11.4,180490
SAM,20090203,11.4,11.5,11.2,11.2,284020
SAM,20090202,12.2,12.2,11.7,11.7,147800
SAM,20090123,11.8,12.3,11.8,12.3,102250
SAM,20090122,12,12.2,12,12.1,61660
SAM,20090121,12.2,12.2,12,12,117820
SAM,20090120,12.1,12.2,12,12.1,153860
SAM,20090119,12.3,12.4,12.2,12.2,115950
SAM,20090116,12.1,12.3,12,12.3,150330
SAM,20090115,12.1,12.2,12,12,196490
SAM,20090114,12.3,12.7,12.1,12.3,215260
SAM,20090113,12.3,12.4,12.1,12.3,305940
SAM,20090112,12.8,12.8,12.4,12.6,267210
SAM,20090109,12.8,13,12.6,12.8,225570
SAM,20090108,12.8,13.6,12.6,12.8,643240
SAM,20090107,13,13,12.4,13,617820
SAM,20090106,11.8,12.3,11.7,12.3,489840
SAM,20090105,11.6,11.8,11.5,11.7,123520
SAM,20090102,11.7,11.7,11.5,11.6,92960
SAM,20081231,11.9,11.9,11.6,11.7,193880
SAM,20081230,11.5,11.9,11.4,11.8,367620
SAM,20081229,11.6,11.6,11.5,11.5,197520
SAM,20081226,11.4,11.7,11.4,11.6,235610
SAM,20081225,11.8,11.8,11.4,11.6,107430
SAM,20081224,11.5,11.7,11.4,11.4,331220
SAM,20081223,11.8,12,11.7,11.7,349150
SAM,20081222,12.8,12.8,12.3,12.3,341110
SAM,20081219,12.1,12.5,12,12.4,254190
SAM,20081218,12.3,12.5,12.1,12.3,353520
SAM,20081217,12.2,12.7,12,12.3,405750
SAM,20081216,12.8,12.8,12.2,12.2,324840
SAM,20081215,12.9,12.9,12.2,12.9,352330
SAM,20081212,12,12.2,12,12.2,280900
SAM,20081211,11.6,11.8,11.4,11.6,122910
SAM,20081210,11.8,11.8,11.5,11.5,169990
SAM,20081209,11.8,12.2,11.6,12.1,184810
SAM,20081208,12,12,11.7,11.7,334700
SAM,20081205,12.7,12.8,12.3,12.4,284420
SAM,20081204,12.9,13.3,12.8,13,189720
SAM,20081203,12.9,13,12.7,12.9,221300
SAM,20081202,12.9,13.4,12.8,12.9,211580
SAM,20081201,13.4,13.8,12.7,13.4,272910
SAM,20081128,13.2,13.2,13.1,13.2,207590
SAM,20081127,12.5,13.1,12.5,12.5,350210
SAM,20081126,13.1,13.6,13.1,13.1,184400
SAM,20081125,13.7,13.8,13.5,13.7,255570
SAM,20081124,13.6,13.8,13.5,13.6,258870
SAM,20081124,13.6,13.8,13.5,13.6,258870
SAM,20081121,13.5,13.8,13.2,13.5,354630
SAM,20081120,13.8,14.4,13.7,13.7,638490
SAM,20081119,14.5,14.6,14.3,14.5,238360
SAM,20081118,14.6,14.6,14.4,14.5,245940
SAM,20081117,14.7,15.4,14.6,14.7,263300
SAM,20081114,15.4,15.6,15,15.4,513620
SAM,20081113,15,15.1,14.2,15,456580
SAM,20081112,14.6,14.6,14.1,14.6,874880
SAM,20081111,14.9,15.8,14.9,14.9,352810
SAM,20081110,15.8,16.7,15.7,15.8,586060
SAM,20081107,16.4,17,16.4,16.4,605240
SAM,20081106,17.3,18.2,16.7,17.3,1599020
SAM,20081105,17.3,17.3,17.3,17.3,124120
SAM,20081104,16.4,16.4,15.3,16.4,575650
SAM,20081103,15.6,15.7,14.5,15.6,930230
SAM,20081031,14.9,14.9,14.7,14.9,657520
SAM,20081030,14.1,14.1,13.1,14.1,754500
SAM,20081029,13.4,13.4,12.6,13.4,893820
SAM,20081028,12.7,12.7,12.7,12.7,389610
SAM,20081027,13.4,13.4,13.4,13.4,102920
SAM,20081024,14.2,14.7,14.2,14.2,371900
SAM,20081023,15,15.1,15,15,354580
SAM,20081022,15.9,16,15.7,15.9,340040
SAM,20081021,16.2,16.2,15.6,16.2,549150
SAM,20081020,15.9,16.6,15.8,15.9,399540
SAM,20081017,16.4,16.6,15.8,16.4,379930
SAM,20081016,16.4,16.7,16.4,16.4,620040
SAM,20081015,17.3,17.3,16.4,17.3,1620920
SAM,20081014,16.4,16.4,16.4,16.4,3850
SAM,20081013,16.8,16.8,15.6,15.6,625440
SAM,20081010,16.5,16.8,16.5,16.5,1017420
SAM,20081009,17.4,19.3,17.4,17.4,1104550
SAM,20081008,18.4,18.8,18.4,18.4,488030
SAM,20081007,19.4,19.4,19.4,19.4,183650
SAM,20081006,20.8,21.2,20.5,20.5,525660
SAM,20081003,21.3,21.8,21.2,21.6,695640
SAM,20081002,21.3,21.3,20.2,21.3,780760
SAM,20081001,20.3,20.6,18.8,20.2,756280
SAM,20080930,19.6,19.6,19.6,19.6,76700
SAM,20080929,21.2,21.6,20.7,20.7,583180
SAM,20080926,22.4,22.4,21.2,21.7,785740
SAM,20080925,21.2,22.1,21.2,22,780550
SAM,20080924,21.2,21.8,21.2,21.2,546680
SAM,20080923,21.2,23.5,21.2,21.6,2022200
SAM,20080922,22.4,22.4,22.4,22.4,440920
SAM,20080919,21.3,21.3,20.8,21.3,1251170
SAM,20080918,20.2,20.2,20.2,20.2,429260
SAM,20080917,21.3,21.3,21.3,21.3,105740
SAM,20080916,22.5,22.5,22.5,22.5,229200
SAM,20080915,23.8,26.4,23.8,23.8,1325800
SAM,20080912,25.1,25.1,25.1,25.1,77860
SAM,20080911,26.5,26.5,26.5,26.5,76250
SAM,20080910,28.9,29.4,28,28,716350
SAM,20080909,29.5,31.3,29.5,29.5,1156560
SAM,20080908,31.1,31.1,31.1,31.1,415770
SAM,20080905,34,34,32.8,32.8,1011560
SAM,20080904,33.6,34,32.3,34,2336130
SAM,20080903,32.3,32.3,32.3,32.3,284900
SAM,20080829,29.1,30.7,29.1,30.7,1864860
SAM,20080828,34.1,34.1,30.7,30.7,2993750
SAM,20080827,32.4,32.4,32.4,32.4,365620
SAM,20080826,30.8,30.8,30.8,30.8,339500
SAM,20080825,29.3,29.3,29.3,29.3,211900
SAM,20080822,27.8,27.8,27.2,27.8,1404220
SAM,20080821,25.2,26.4,24.7,26.4,1399240
SAM,20080820,23.1,25.1,23.1,25.1,1615140
SAM,20080819,23.8,23.8,22.9,23.8,1954850
SAM,20080818,22.6,22.6,22.6,22.6,214250
SAM,20080815,21.5,21.5,21.5,21.5,549550
SAM,20080814,20.9,20.9,20.9,20.9,289060
SAM,20080813,20.3,20.3,20,20.3,1414960
SAM,20080812,19.7,19.7,19.4,19.7,1165960
SAM,20080811,19.1,19.1,19.1,19.1,454770
SAM,20080808,18.5,18.5,18.2,18.5,663920
SAM,20080807,17.9,17.4,16.4,17.4,832650
SAM,20080806,16.4,17.4,16.4,17.4,832650
SAM,20080805,16.9,16.9,16.9,16.9,49210
SAM,20080804,17.4,17.4,17.4,17.4,49060
SAM,20080801,18,18,18,18,298130
SAM,20080731,18.6,18.6,18.6,18.6,202610
SAM,20080730,19.2,19.2,19.2,19.2,386310
SAM,20080729,19.8,20.9,19.8,19.8,1158140
SAM,20080728,20.4,20.4,20.4,20.4,64430
SAM,20080725,21,21,21,21,9790
SAM,20080724,21.7,21.7,21.7,21.7,11600
SAM,20080723,22.4,22.4,22.4,22.4,7670
SAM,20080722,23.1,23.1,23.1,23.1,4950
SAM,20080721,23.8,23.8,23.8,23.8,13270
SAM,20080718,24.6,24.6,24.6,24.6,96160
SAM,20080717,26.2,26.3,25.4,25.4,628880
SAM,20080716,25.7,26.5,25.7,26.2,632600
SAM,20080715,26.5,26.5,26.2,26.5,790790
SAM,20080714,25.7,25.7,25.7,25.7,93780
SAM,20080711,24.9,24.9,24.6,24.9,543390
SAM,20080710,23.8,24.5,23.4,24.2,653590
SAM,20080709,23.7,24.8,23.7,23.8,589350
SAM,20080708,24.5,24.5,24.5,24.5,193190
SAM,20080707,26.1,26.3,25.3,25.3,350210
SAM,20080704,26.1,26.1,26.1,26.1,305600
SAM,20080703,25.1,25.3,25.1,25.3,251890
SAM,20080702,24.5,24.5,23.3,24.5,395370
SAM,20080701,23.7,23.8,23.6,23.8,280940
SAM,20080630,22.8,23.2,22.3,23.1,269250
SAM,20080627,21.3,22.7,21.3,22.6,165060
SAM,20080626,22,22,20.6,22,228270
SAM,20080625,21.3,21.3,21.3,21.3,35530
SAM,20080624,20.7,20.7,20.7,20.7,24630
SAM,20080623,19.1,20.1,19.1,20.1,146640
SAM,20080620,19.5,19.5,19.5,19.5,21740
SAM,20080619,20.1,20.1,20.1,20.1,22420
SAM,20080618,21.5,21.5,20.7,20.7,311680
SAM,20080617,21.1,21.1,21.1,21.1,96540
SAM,20080616,20.7,20.7,20.6,20.7,253950
SAM,20080613,19.5,20.3,19.5,20.3,302730
SAM,20080612,19.9,20.7,19.9,19.9,228870
SAM,20080611,20.3,20.5,20.3,20.3,181470
SAM,20080610,20.7,20.7,20.7,20.7,3820
SAM,20080609,21.1,21.1,21.1,21.1,14840
SAM,20080606,21.5,21.5,21.5,21.5,28650
SAM,20080605,21.9,21.9,21.9,21.9,1400
SAM,20080604,22.8,22.8,22.3,22.3,8310
SAM,20080603,22.8,22.8,22.8,22.8,15400
SAM,20080602,23.3,23.3,23.3,23.3,10610
SAM,20080530,23.8,23.8,23.8,23.8,43710
SAM,20080526,24.3,24.3,24.3,24.3,1960
SAM,20080522,25.3,25.3,25.3,25.3,1880
SAM,20080521,25.8,25.8,25.8,25.8,41730
SAM,20080520,26.3,26.3,26.3,26.3,1790
SAM,20080519,26.8,26.8,26.8,26.8,17810
SAM,20080516,27.3,27.3,27.3,27.3,84890
SAM,20080515,27.9,27.9,27.9,27.9,2530
SAM,20080514,28.5,28.5,28.5,28.5,1120
SAM,20080513,29.1,29.1,29.1,29.1,11250
SAM,20080512,29.7,29.7,29.7,29.7,6260
SAM,20080509,30.3,30.3,30.3,30.3,5920
SAM,20080508,31.5,31.5,30.9,30.9,9050
SAM,20080507,31.5,31.5,31.5,31.5,24990
SAM,20080506,32.1,32.1,32.1,32.1,9780
SAM,20080505,32.8,32.8,32.8,32.8,19610
SAM,20080429,34.9,34.9,33.5,33.5,73800
SAM,20080428,33.5,34.6,33.5,34.2,75160
SAM,20080425,34.2,34.2,34.2,34.2,17100
SAM,20080424,34.9,34.9,34.9,34.9,21090
SAM,20080423,35.6,35.6,35.6,35.6,20700
SAM,20080422,36.3,36.3,36.3,36.3,5250
SAM,20080421,37,37,37,37,15600
SAM,20080418,37.8,37.9,37.8,37.8,33650
SAM,20080417,37.4,39,37.4,38.6,99170
SAM,20080416,38.2,38.2,38.2,38.2,73980
SAM,20080411,37.9,39,37.9,39,147460
SAM,20080410,37.6,38.7,37.6,38.7,172100
SAM,20080409,38.8,38.8,37.8,38.4,147220
SAM,20080408,38.2,38.2,36.8,38.2,289070
SAM,20080407,37.5,37.5,37.5,37.5,5530
SAM,20080404,36.8,36.8,36.8,36.8,1600
SAM,20080403,38.2,38.2,38.2,38.2,1360
SAM,20080402,37.8,37.8,37.8,37.8,300
SAM,20080401,37.5,37.5,37.5,37.5,170
SAM,20080331,37.2,37.2,37.2,37.2,4030
SAM,20080328,36.9,36.9,36.9,36.9,10050
SAM,20080327,36.6,36.6,36.6,36.6,211180
SAM,20080326,35.1,37.8,34.8,36.3,255230
SAM,20080325,36.7,36.7,36.7,36.7,69390
SAM,20080324,38.7,38.7,38.7,38.7,81420
SAM,20080321,40.8,40.8,40.8,40.8,98460
SAM,20080320,43.1,44.3,43,43,181470
SAM,20080319,45.3,46.8,45.3,45.3,159570
SAM,20080318,47.7,47.7,47.7,47.7,40090
SAM,20080317,50.5,50.5,50.5,50.5,71580
SAM,20080314,51.5,53,51.5,53,95500
SAM,20080313,53,53.5,52.5,53,48530
SAM,20080312,53,55,53,53.5,183450
SAM,20080311,54.5,56,54.5,54.5,118410
SAM,20080310,59.5,59.5,57,57,517740
SAM,20080307,57,57,56,57,306810
SAM,20080306,54.5,54.5,54,54.5,222040
SAM,20080305,52,52,52,52,52370
SAM,20080304,54.5,54.5,54.5,54.5,29210
SAM,20080303,57,58,57,57,64290
SAM,20080229,60,62,60,60,97820
SAM,20080228,65.5,65.5,63,63,48030
SAM,20080227,66,68.5,65,65,97910
SAM,20080226,72,72,68.5,68.5,36110
SAM,20080225,72.5,73,70,72,106530
SAM,20080222,69.5,69.5,69.5,69.5,98820
SAM,20080221,73,73,73,73,58310
SAM,20080220,80,81,76.5,76.5,68050
SAM,20080219,79.5,81,79.5,80.5,47080
SAM,20080218,82.5,83,82.5,82.5,68890
SAM,20080215,87.5,87.5,86.5,86.5,26060
SAM,20080214,88,88,87.5,87.5,49470
SAM,20080213,88.5,91,87.5,87.5,40010
SAM,20080212,92,92,88.5,92,19930
SAM,20080201,93,93,92,92.5,60800
SAM,20080131,91,91.5,88,91.5,46490
SAM,20080130,91,91.5,90,91.5,170290
SAM,20080129,86,88,86,87.5,64410
SAM,20080128,88,88,84,86,59690
SAM,20080125,84,87,84,86,26410
SAM,20080124,90,91,85,85,51070
SAM,20080123,89,89,87,87,71410
SAM,20080122,91.5,92,90.5,91.5,80170
SAM,20080121,96.5,96.5,94.5,94.5,67410
SAM,20080118,94.5,96.5,94.5,96.5,60880
SAM,20080117,98,98,93,94.5,111880
SAM,20080116,94.5,94.5,94.5,94.5,182260
SAM,20080115,94,94,89.5,90.5,75730
SAM,20080114,98,98,94,94,1609280
SAM,20080111,99,100,98,98,1250
SAM,20080110,98,99,97,97,782060
SAM,20080109,106,106,102,102,5250
SAM,20080108,106,106,105,106,63860
SAM,20080107,107,108,105,105,142240
SAM,20080104,108,108,107,107,32730
SAM,20080103,110,111,109,109,20020
SAM,20080102,111,112,111,111,9420
SAM,20071228,111,112,111,112,15340
SAM,20071227,112,112,111,111,45090
SAM,20071226,110,111,110,111,23860
SAM,20071225,111,111,110,111,30560
SAM,20071224,111,111,110,111,24030
SAM,20071221,112,112,111,111,127990
SAM,20071220,116,116,112,112,30630
SAM,20071219,114,116,114,115,51080
SAM,20071218,112,112,111,112,17640
SAM,20071217,112,114,111,111,44840
SAM,20071214,115,115,113,113,24190
SAM,20071213,116,116,115,116,21380
SAM,20071212,116,118,116,116,69960
SAM,20071211,116,118,116,116,21400
SAM,20071210,118,121,118,118,129080
SAM,20071207,117,119,117,119,42320
SAM,20071206,120,120,119,120,23150
SAM,20071205,119,119,119,119,14850
SAM,20071204,122,122,121,121,24660
SAM,20071203,117,121,117,121,52830
SAM,20071130,121,121,119,119,76690
SAM,20071129,121,123,121,122,45560
SAM,20071128,122,123,121,123,86050
SAM,20071127,124,124,122,122,119460
SAM,20071126,119,121,118,121,56040
SAM,20071123,119,120,119,119,28260
SAM,20071122,120,121,120,120,30760
SAM,20071121,120,121,120,120,27310
SAM,20071120,122,124,121,124,156140
SAM,20071119,122,122,121,122,173500
SAM,20071116,116,117,116,116,58510
SAM,20071115,120,120,116,116,63700
SAM,20071114,118,123,117,117,210750
SAM,20071113,119,119,118,118,89220
SAM,20071112,120,123,118,118,44070
SAM,20071109,121,123,121,121,55930
SAM,20071108,123,124,123,123,31850
SAM,20071107,125,125,124,125,45040
SAM,20071106,126,126,125,125,38480
SAM,20071105,127,129,126,126,31980
SAM,20071102,131,131,128,130,108050
SAM,20071101,134,134,130,132,272250
SAM,20071031,127,129,127,128,76400
SAM,20071030,126,127,125,127,78530
SAM,20071029,127,127,123,123,121430
SAM,20071026,130,130,128,129,108990
SAM,20071025,128,129,127,127,76460
SAM,20071024,128,130,128,129,69270
SAM,20071023,131,131,129,130,138690
SAM,20071022,131,131,130,130,361200
SAM,20071019,128,130,127,130,70670
SAM,20071018,131,131,129,130,89110
SAM,20071017,131,131,130,131,116780
SAM,20071016,130,130,128,129,85110
SAM,20071015,131,131,130,130,104670
SAM,20071012,128,130,128,130,88770
SAM,20071011,131,131,130,130,89490
SAM,20071010,132,132,131,131,95640
SAM,20071009,131,131,131,131,103430
SAM,20071008,132,132,131,131,148570
SAM,20071005,133,134,131,133,142590
SAM,20071004,136,136,133,134,179670
SAM,20071003,133,136,131,136,143900
SAM,20071002,138,138,132,135,194770
SAM,20071001,131,135,131,135,230930
SAM,20070928,126,129,126,129,242250
SAM,20070927,124,125,124,125,122480
SAM,20070926,128,128,125,126,110420
SAM,20070925,128,128,126,128,175240
SAM,20070924,121,125,121,125,96640
SAM,20070921,122,122,121,122,110980
SAM,20070920,122,122,121,122,119720
SAM,20070919,120,121,119,121,125190
SAM,20070918,119,120,118,119,47530
SAM,20070917,118,119,118,119,173330
SAM,20070914,118,120,118,118,62990
SAM,20070913,118,118,117,118,42550
SAM,20070912,119,119,117,118,79420
SAM,20070911,120,120,119,119,72260
SAM,20070910,121,121,120,120,66670
SAM,20070907,121,122,121,121,72330
SAM,20070906,123,123,121,121,70470
SAM,20070905,125,125,122,123,116960
SAM,20070904,122,123,121,123,182070
SAM,20070831,121,124,121,122,262870
SAM,20070830,121,121,121,121,38790
SAM,20070829,120,121,119,121,90600
SAM,20070828,120,121,119,120,114690
SAM,20070827,123,123,121,121,100680
SAM,20070824,123,123,120,123,188570
SAM,20070823,121,121,119,119,54570
SAM,20070822,124,124,121,121,98960
SAM,20070821,121,123,121,123,200170
SAM,20070820,116,121,116,121,139870
SAM,20070817,115,119,115,116,82630
SAM,20070816,119,119,118,118,51420
SAM,20070815,121,121,119,120,34100
SAM,20070814,122,123,121,122,86170
SAM,20070813,121,121,119,119,73290
SAM,20070810,123,123,117,123,302170
SAM,20070809,117,117,117,117,43890
SAM,20070808,112,112,111,112,77980
SAM,20070807,107,107,106,107,77250
SAM,20070806,104,105,103,104,24600
SAM,20070803,103,106,102,102,57860
SAM,20070802,114,114,106,106,69840
SAM,20070801,104,109,103,109,54300
SAM,20070731,104,106,104,104,49080
SAM,20070730,109,114,109,109,15260
SAM,20070727,116,116,115,115,31450
SAM,20070726,122,122,117,117,12660
SAM,20070725,124,124,122,122,14680
SAM,20070724,125,125,123,123,14010
SAM,20070723,125,125,123,123,15910
SAM,20070720,125,125,125,125,11120
SAM,20070719,126,126,126,126,9760
SAM,20070718,126,126,126,126,17040
SAM,20070717,126,127,126,127,17030
SAM,20070716,126,127,126,126,17760
SAM,20070713,128,130,128,130,8860
SAM,20070712,129,130,129,129,18700
SAM,20070711,132,132,131,131,28790
SAM,20070710,128,131,128,131,25310
SAM,20070709,129,129,127,128,18470
SAM,20070706,127,129,127,129,14230
SAM,20070705,130,130,126,130,20710
SAM,20070704,125,130,125,130,13820
SAM,20070703,124,124,124,124,64160
SAM,20070702,136,136,129,129,48320
SAM,20070629,136,136,136,136,69600
SAM,20070628,136,136,136,136,113460
SAM,20070627,135,135,134,134,17210
SAM,20070626,133,135,133,135,54210
SAM,20070625,133,133,133,133,22870
SAM,20070622,135,135,133,133,27990
SAM,20070621,136,136,136,136,89340
SAM,20070620,136,136,136,136,121520
SAM,20070619,138,138,136,136,45310
SAM,20070618,132,136,132,136,136400
SAM,20070615,136,136,136,136,121200
SAM,20070614,136,136,136,136,169850
SAM,20070613,136,136,136,136,68820
SAM,20070612,131,135,131,135,105510
SAM,20070611,128,135,128,134,52460
SAM,20070608,136,136,135,135,88920
SAM,20070607,136,136,136,136,114980
SAM,20070606,136,136,136,136,107800
SAM,20070605,140,140,136,136,109360
SAM,20070604,144,144,142,142,60740
SAM,20070601,144,144,143,143,64190
SAM,20070531,145,145,144,144,47730
SAM,20070530,148,148,146,146,37030
SAM,20070529,151,151,146,146,78600
SAM,20070528,148,148,148,148,38240
SAM,20070525,146,148,146,148,29510
SAM,20070524,148,148,148,148,42350
SAM,20070523,152,152,151,151,106560
SAM,20070522,148,149,148,148,60060
SAM,20070521,150,150,149,149,36460
SAM,20070518,150,151,150,151,39050
SAM,20070517,151,151,151,151,49280
SAM,20070516,152,152,151,152,20170
SAM,20070515,154,154,152,152,44580
SAM,20070514,156,156,156,156,68200
SAM,20070511,125,127,125,127,120907
SAM,20070510,126,126,124,125,49008
SAM,20070509,133,133,127,127,124782
SAM,20070508,127,127,127,127,124099
SAM,20070507,121,122,121,121,137070
SAM,20070504,114,118,114,118,44920
SAM,20070503,116,116,114,116,41468
SAM,20070502,116,116,116,116,215495
SAM,20070425,110,111,110,111,41327
SAM,20070424,109,109,109,109,75433
SAM,20070423,110,110,109,109,51518
SAM,20070420,116,116,114,114,96838
SAM,20070419,121,121,120,120,86165
SAM,20070418,117,121,117,121,60589
SAM,20070417,116,116,116,116,138554
SAM,20070416,116,116,116,116,144998
SAM,20070413,115,116,115,116,72641
SAM,20070412,117,117,115,115,35661
SAM,20070411,119,119,118,118,27815
SAM,20070410,120,121,120,121,59823
SAM,20070409,119,119,119,119,37734
SAM,20070406,118,119,118,119,56195
SAM,20070405,120,120,118,118,45651
SAM,20070404,119,120,119,120,68741
SAM,20070403,114,116,114,116,36308
SAM,20070402,117,117,116,116,55252
SAM,20070330,130,130,120,120,136387
SAM,20070329,124,124,124,124,107241
SAM,20070328,113,118,113,118,77954
SAM,20070327,113,113,113,113,171329
SAM,20070326,124,124,119,119,120742
SAM,20070323,124,125,124,124,146235
SAM,20070322,129,129,125,126,109939
SAM,20070321,129,130,129,129,58021
SAM,20070320,131,131,129,129,100514
SAM,20070319,136,137,133,133,159665
SAM,20070316,133,133,133,133,36839
SAM,20070315,127,131,127,127,140969
SAM,20070314,131,131,131,131,77459
SAM,20070314,131,131,131,131,77459
SAM,20070313,145,145,138,138,114133
SAM,20070312,145,145,145,145,143490
SAM,20070309,139,139,139,139,58056
SAM,20070308,132,132,132,132,85929
SAM,20070307,127,127,126,126,395506
SAM,20070306,132,133,132,133,177926
SAM,20070305,141,141,139,139,81288
SAM,20070302,142,142,139,139,89982
SAM,20070301,145,145,137,139,189153
