<Ticker>,<DTYYYYMMDD>,<Open>,<High>,<Low>,<Close>,<Volume>
SCJ,20100729,30,30,28.8,29,7100
SCJ,20100728,29,29.5,28.8,29.1,6500
SCJ,20100727,29.6,29.8,29.4,29.5,3400
SCJ,20100726,30,30.1,29.5,29.9,4400
SCJ,20100723,30,30,29.6,29.9,3100
SCJ,20100722,30.1,30.1,29.4,29.8,6300
SCJ,20100721,30.2,30.2,30,30.1,4400
SCJ,20100720,30.2,30.8,30.2,30.3,23700
SCJ,20100719,30,30.5,29.9,30.2,46800
SCJ,20100716,30,30.1,29.7,30,15800
SCJ,20100715,30.5,30.5,30,30.1,7000
SCJ,20100714,31,31.1,30.3,30.8,35000
SCJ,20100713,30,31,29.6,30.6,46300
SCJ,20100712,30,30,29.5,29.9,10600
SCJ,20100709,29.6,29.8,29.3,29.5,26300
SCJ,20100708,30,30,29.7,29.8,18000
SCJ,20100707,30.2,30.2,29.6,29.8,32400
SCJ,20100706,30.2,30.3,29.6,30.1,31000
SCJ,20100705,30.5,30.9,30.1,30.2,20800
SCJ,20100702,30.8,31.3,30.3,30.8,27900
SCJ,20100701,30,30.7,29.5,30.2,20100
SCJ,20100630,30.6,30.6,30,30.3,37600
SCJ,20100629,30.2,31,30.2,30.7,45000
SCJ,20100628,30.1,30.4,30,30.1,37100
SCJ,20100625,30.7,31,30.1,30.5,17200
SCJ,20100624,31.5,31.5,31.1,31.2,10800
SCJ,20100623,31.4,31.4,30.6,31.1,19100
SCJ,20100622,31.6,31.6,31.1,31.4,19400
SCJ,20100621,31.3,31.9,31.1,31.5,161600
SCJ,20100618,31.4,31.4,30.3,30.9,60200
SCJ,20100617,31.7,31.7,31,31.2,24400
SCJ,20100616,31.9,31.9,31.4,31.7,45200
SCJ,20100615,31,31.6,31,31.4,16000
SCJ,20100614,32.7,32.7,31.2,31.5,29300
SCJ,20100611,31.5,32,31,31.4,23700
SCJ,20100610,30.4,30.8,30,30.4,16300
SCJ,20100609,30.7,31,30.1,30.3,43300
SCJ,20100608,29.5,31.5,29.5,30.1,153400
SCJ,20100607,31,32,29.1,29.6,26200
SCJ,20100604,32.1,32.1,30.8,31.1,11800
SCJ,20100603,33,33,31.7,32,40700
SCJ,20100602,31.6,32.5,31.5,32,97200
SCJ,20100601,32,32,31,31.6,59700
SCJ,20100531,32,32.8,31.3,32,27600
SCJ,20100528,32.7,32.8,32,32.8,121100
SCJ,20100527,30.5,31.2,30,30.7,59600
SCJ,20100526,29,31.3,29,30.7,52400
SCJ,20100525,30.1,30.5,29.2,29.9,39200
SCJ,20100524,29.8,30.1,28.5,29.6,54900
SCJ,20100521,29,29,28,28.2,164100
SCJ,20100520,29.6,32,28.5,30.1,122200
SCJ,20100519,32.1,32.1,30,30.5,92200
SCJ,20100518,32.7,32.7,31.5,32.1,40100
SCJ,20100517,34,34,31.5,32.7,77300
SCJ,20100514,33.3,34.3,33.3,33.7,78400
SCJ,20100513,33.9,34.1,32.9,33.5,85000
SCJ,20100512,34.5,35,32.9,33.7,128200
SCJ,20100511,35.6,36.5,34.7,35.3,191200
SCJ,20100510,36,36,34,34.9,49100
SCJ,20100507,36.6,36.6,35.5,36,113800
SCJ,20100506,35.9,37.2,35.6,36.7,177900
SCJ,20100505,37.5,37.5,36.2,36.4,149300
SCJ,20100504,37,37.9,36.9,37.3,101600
SCJ,20100429,36.6,37.2,36.5,36.8,132400
SCJ,20100428,37.2,37.2,36.3,36.5,172700
SCJ,20100427,36.9,37.8,36.7,37,56600
SCJ,20100426,37.2,37.5,36.7,36.9,152000
SCJ,20100422,38,38.5,37,37.4,224500
SCJ,20100421,38,38.9,37.5,37.9,195800
SCJ,20100420,37.5,38.2,37.5,37.9,211800
SCJ,20100419,38.3,39.1,37.1,37.6,181800
SCJ,20100416,39.5,40.4,38.8,39.2,319500
SCJ,20100415,38.6,39.8,38,39.1,328300
SCJ,20100414,37.4,38,36.6,37.2,119900
SCJ,20100413,37.9,39,36.5,37.5,216700
SCJ,20100412,38.5,39,38,38.2,291000
SCJ,20100409,43.3,43.5,39,40.8,400900
SCJ,20100408,40.9,40.9,39.5,40.8,282300
SCJ,20100407,38,38.4,36.5,38.3,523300
SCJ,20100406,34,36,33.9,35.9,511200
SCJ,20100405,33,34.2,33,33.7,99500
SCJ,20100402,33.3,33.5,32.6,32.9,65200
SCJ,20100401,32.5,33,32,32.5,94400
SCJ,20100331,33.6,33.6,31.5,32.5,139500
SCJ,20100330,34.5,34.5,33,33.6,226400
SCJ,20100329,34.8,36,34.6,34.9,130200
SCJ,20100326,36.4,36.4,34.2,34.7,42900
SCJ,20100325,35.3,36.5,35,36.4,284600
SCJ,20100324,33.5,34.8,33,34.2,248900
SCJ,20100323,34.2,34.4,33.6,34,27100
SCJ,20100322,34.5,34.6,33.9,34.3,23600
SCJ,20100319,37,37,34.6,35.1,32400
SCJ,20100318,35,36.1,34.7,35.6,28100
SCJ,20100317,35.5,36.2,34.6,35.6,17400
SCJ,20100316,37.5,37.5,35.5,36.2,23700
SCJ,20100315,38.5,38.5,37,37.6,24900
SCJ,20100312,36,38,36,36.7,72200
SCJ,20100311,35.8,36.5,35.8,36.1,10400
SCJ,20100310,36,36,35.2,35.8,25500
SCJ,20100309,36.5,36.5,36,36.4,37700
SCJ,20100308,37,37.3,36,36.3,44000
SCJ,20100305,35.6,37.3,35.6,36.1,14500
SCJ,20100304,34.8,36.5,34.8,36.3,48300
SCJ,20100303,34.1,35.4,33.6,34.2,140600
SCJ,20100302,34,34.3,33.8,34,12700
SCJ,20100301,33.8,34.2,33.6,33.9,10500
SCJ,20100226,33,33.7,33,33.5,8700
SCJ,20100225,34.1,34.1,33.3,33.7,5200
SCJ,20100224,34,34,34,34,7200
SCJ,20100223,34,34.5,34,34,15800
SCJ,20100222,34.4,35.2,34.4,34.5,2500
SCJ,20100212,34.4,34.5,34.4,34.5,2100
SCJ,20100211,33.2,34.5,33.1,33.8,12200
SCJ,20100210,33.5,33.6,33,33.2,4800
SCJ,20100209,33,33.2,32.6,32.9,4900
SCJ,20100208,33,33.6,33,33.1,1900
SCJ,20100205,34.1,34.1,32.5,33.1,11800
SCJ,20100204,34.1,34.6,34,34.1,11900
SCJ,20100203,34,34.1,34,34,45800
SCJ,20100202,34.2,34.2,34,34,10500
SCJ,20100201,34,34.2,33.7,34.1,14900
SCJ,20100129,33.5,34.5,33,34.1,18100
SCJ,20100128,36,36,33.8,34.4,14300
SCJ,20100127,38,38,34.5,34.7,20700
SCJ,20100126,37,37.1,36.8,37,45600
SCJ,20100125,33,35.1,33,34.7,41500
SCJ,20100122,32.6,33.2,32.6,33,14800
SCJ,20100121,32.5,34.1,32,32.3,29900
SCJ,20100120,34.3,34.3,34,34.1,7800
SCJ,20100119,34.9,35,34.6,34.8,9100
SCJ,20100118,34.5,35.5,33.6,34.4,24600
SCJ,20100115,37.5,37.5,35.3,35.5,13500
SCJ,20100114,37.8,37.9,36.3,37.3,13000
SCJ,20100113,36,37,34.6,35.5,138500
SCJ,20100112,37,37,35.1,35.8,50400
SCJ,20100111,38.5,38.5,37.1,37.7,18600
SCJ,20100108,40.1,41.5,37.5,39.6,39000
SCJ,20100107,41,41.9,40,40.3,77700
SCJ,20100106,37.5,41,37.5,40.1,128600
SCJ,20100105,40,40.1,39.3,40,127000
SCJ,20100104,37.4,37.5,37.1,37.5,57500
SCJ,20091231,35,35.3,34.3,35.1,75600
SCJ,20091230,33.7,33.8,32.5,33,58200
SCJ,20091229,34,34.2,33.3,33.7,28600
SCJ,20091228,36,36,33.2,35.3,28100
SCJ,20091225,34.5,35.6,34.5,35.4,81100
SCJ,20091224,32,34.2,32,33.3,98600
SCJ,20091223,33,33,32.5,32.5,88300
SCJ,20091222,32.5,33.8,31.9,32.6,23900
SCJ,20091221,31.4,31.9,31.4,31.8,46400
SCJ,20091218,29.5,30,29.3,29.9,45200
SCJ,20091217,28.6,29.1,27,28.1,12400
SCJ,20091216,29,29.5,28,28.7,47600
SCJ,20091215,30.5,30.5,29.3,29.7,26200
SCJ,20091214,29,30.9,26.9,29.3,85300
SCJ,20091211,30,30,28.8,28.9,59700
SCJ,20091210,32,32,30.6,30.9,51600
SCJ,20091209,33.5,33.5,32.8,32.9,103300
SCJ,20091208,36,36,34.6,35.2,19800
SCJ,20091207,36,36,35.9,36,23400
SCJ,20091204,36,36.1,35,35.8,48400
SCJ,20091203,36,36.6,34.5,35.4,104400
SCJ,20091202,38,38,35.5,36.8,61300
SCJ,20091201,37.5,38.5,37,37.7,70300
SCJ,20091130,37.3,37.5,35.5,36,58600
SCJ,20091127,34.6,37.5,34.6,35.5,114100
SCJ,20091126,37.5,37.5,37.2,37.2,45900
SCJ,20091125,40.1,42.5,39.7,39.9,46900
SCJ,20091124,43.5,44,41,42.6,33600
SCJ,20091123,45.9,45.9,42.5,43.5,69600
SCJ,20091120,43.4,43.5,42.5,43,121600
SCJ,20091119,44.3,44.5,43.1,43.8,103200
SCJ,20091118,43.8,44.5,43.4,44,86500
SCJ,20091117,46,46,44,44.4,64300
SCJ,20091116,45,46,44.8,45.5,41100
SCJ,20091113,43.5,45.6,43.3,44.8,169500
SCJ,20091112,44,44,42.5,43,86400
SCJ,20091111,41.3,42.9,40.3,41.8,81700
SCJ,20091110,41.5,42,40,40.6,66600
SCJ,20091109,42.3,42.3,41.1,41.4,25800
SCJ,20091106,43.8,45.1,43,43.7,122100
SCJ,20091105,42.5,43,42.3,42.7,34100
SCJ,20091104,41.3,42.3,40.8,41.5,44700
SCJ,20091103,41.5,42,39.9,40.8,88800
SCJ,20091102,43.5,43.5,41.7,41.7,117200
SCJ,20091030,45.8,45.8,43.5,44.3,96500
SCJ,20091029,45.3,45.3,42.6,43.5,89400
SCJ,20091028,46,46,44.5,45.3,61300
SCJ,20091027,45.6,46,44.3,44.9,95400
SCJ,20091026,46,48.5,45.3,46.8,172100
SCJ,20091023,48.1,48.8,45.2,47,87800
SCJ,20091022,47.7,48.5,47.7,48.1,106200
SCJ,20091021,47,48.5,47,47.7,56800
SCJ,20091020,47.8,48.3,47.4,47.6,99500
SCJ,20091019,48.3,48.3,46.8,47.4,99400
SCJ,20091016,51,51,47.5,48.3,167800
SCJ,20091015,50.8,51.1,48.5,49.6,188700
SCJ,20091014,45.6,49,45.3,48.2,322500
SCJ,20091013,48.5,48.5,45.4,46.2,97700
SCJ,20091012,47.1,48.1,47.1,47.9,235300
SCJ,20091009,44,45.9,44,45.4,317400
SCJ,20091008,44,44,42.8,43.3,66000
SCJ,20091007,42.8,43.7,42.8,43.3,67600
SCJ,20091006,44,44,42.2,42.7,79000
SCJ,20091005,44,44,42.4,42.6,76400
SCJ,20091002,43.8,44.3,41.8,43,144700
SCJ,20091001,43.5,45.8,43.5,44.1,234300
SCJ,20090930,44,44.5,42.6,43.5,67400
SCJ,20090929,44.9,46,44.3,44.7,55900
SCJ,20090928,46,46.5,44,44.9,98700
SCJ,20090925,41.5,44.5,41.5,44.1,277100
SCJ,20090924,42.4,42.4,41.5,42,85500
SCJ,20090923,42.5,43.5,41.3,42.5,188600
SCJ,20090922,42.3,42.3,41.5,41.9,104200
SCJ,20090921,42.5,42.6,41.6,42.2,130900
SCJ,20090918,41.7,42.5,41.6,41.9,73200
SCJ,20090917,41.7,42,41.5,41.7,110800
SCJ,20090916,43.3,43.3,41.5,41.9,61300
SCJ,20090915,43.5,43.7,42.2,42.9,89100
SCJ,20090914,41,43.5,40.5,42.2,270400
SCJ,20090911,41,41.5,40.8,41,72400
SCJ,20090910,40.8,41.4,40.3,40.9,90100
SCJ,20090909,42,42,40.6,41.3,50000
SCJ,20090908,42.4,42.4,40.4,41.2,80800
SCJ,20090907,40.3,40.9,39.8,40.3,124700
SCJ,20090904,42.7,42.7,40.3,40.8,227400
SCJ,20090903,43.5,43.5,42.3,42.8,158400
SCJ,20090901,46,46.5,43.3,44.2,289600
SCJ,20090831,42.5,44.4,42.5,44,170500
SCJ,20090828,40.5,42.8,40.5,41.9,272700
SCJ,20090827,41.7,41.7,40,40.4,180600
SCJ,20090826,41,42.3,40.8,41.8,196200
SCJ,20090825,39,40.5,39,40.2,417400
SCJ,20090824,38.7,39,37.1,38.3,366500
SCJ,20090821,38.3,39,36.5,37.7,89800
SCJ,20090820,38.3,38.3,37,37.8,79500
SCJ,20090819,37.8,38,37.1,37.8,104200
SCJ,20090818,36.1,37.5,36.1,37,87600
SCJ,20090817,36.5,37.5,36,37,36600
SCJ,20090814,38.3,38.3,37.3,37.8,77300
SCJ,20090813,40.5,41,37.6,39.2,85000
SCJ,20090812,40.1,40.5,38.8,39.9,99100
SCJ,20090811,38.1,40.1,37.8,38.8,199100
SCJ,20090810,39,39,37.1,37.9,86600
SCJ,20090807,37,37.6,36.5,37.1,123900
SCJ,20090806,37,37.3,36.5,36.9,68700
SCJ,20090805,36.5,37.2,36,36.9,115700
SCJ,20090804,37.3,38,36.5,37,137800
SCJ,20090803,37,37.5,35.9,36.3,144300
SCJ,20090731,37.9,38.3,36.1,37,146200
SCJ,20090730,40,40.2,37.3,37.9,274300
SCJ,20090729,38,38,37,38,291400
SCJ,20090728,36.1,36.1,34.5,36,388700
SCJ,20090727,34.4,34.4,33.3,34.2,250100
SCJ,20090724,32.4,32.6,32.4,32.6,171200
SCJ,20090723,29.5,31.4,29.5,30.9,28100
SCJ,20090722,29.7,30.3,29.7,29.8,17600
SCJ,20090721,29.4,30.2,29.4,29.7,25900
SCJ,20090720,30,30,29,29.3,37600
SCJ,20090717,30.6,30.6,30.2,30.5,21000
SCJ,20090716,31.8,32,30,30.6,20900
SCJ,20090715,30.3,30.7,30,30.4,16600
SCJ,20090714,30.3,30.3,29.8,30.1,33000
SCJ,20090713,30.4,30.5,30,30.3,23400
SCJ,20090710,31,31.4,30.3,30.7,30400
SCJ,20090709,30.1,31.2,30.1,30.4,52100
SCJ,20090708,30.3,30.3,29.7,30.1,24200
SCJ,20090707,31.5,31.5,30,30.8,51400
SCJ,20090706,29.9,31.6,29.9,31.1,113900
SCJ,20090703,29.5,30.5,29.4,30,57000
SCJ,20090702,30.4,30.4,28.8,29.9,67800
SCJ,20090701,30,30.1,28.7,28.8,145600
SCJ,20090630,31,31.1,29.9,30.4,62800
SCJ,20090629,31,31.2,30.2,30.7,27300
SCJ,20090626,31.3,31.3,30.2,30.9,24200
SCJ,20090625,33,33,29.6,31.2,32900
SCJ,20090624,31,31.3,31,31.3,15400
SCJ,20090623,29.6,29.7,29.6,29.6,90100
SCJ,20090622,32.9,32.9,31.3,31.4,100000
SCJ,20090619,33.5,34.5,32.5,33.2,43500
SCJ,20090618,32.5,33,32.5,32.9,61200
SCJ,20090617,29.5,32.6,29.3,31.2,153800
SCJ,20090616,30.9,31,30.9,30.9,128100
SCJ,20090615,33.8,34.7,32.7,32.8,91000
SCJ,20090612,34.5,36,33.3,34.7,133800
SCJ,20090611,33.3,36,33.3,35.3,115500
SCJ,20090610,37,37.5,35.1,35.3,155700
SCJ,20090609,38,39.5,36,37.3,168300
SCJ,20090608,38.5,38.5,36.5,37.6,251500
SCJ,20090605,36.6,36.6,35.3,36.6,150000
SCJ,20090604,34.6,34.6,34.5,34.6,85500
SCJ,20090603,32.8,32.8,32.5,32.8,162300
SCJ,20090602,30.9,31.1,30.8,31,149400
SCJ,20090601,29,29.6,28.8,29.5,96600
SCJ,20090529,28.5,29.5,27.5,28.1,77600
SCJ,20090528,28.4,29,28.3,28.6,71100
SCJ,20090527,31,31,29.3,30,48900
SCJ,20090526,32,32,30,30.6,52200
SCJ,20090525,29,30.5,29,30.4,89300
SCJ,20090522,30.2,30.2,28.5,28.9,111500
SCJ,20090521,27.3,29.1,27.3,28.7,166400
SCJ,20090520,27.5,28,27.3,27.6,76300
SCJ,20090519,27,27.8,27,27.5,147100
SCJ,20090518,26.8,27,26.5,26.7,78600
SCJ,20090515,26.5,26.9,26.5,26.7,58600
SCJ,20090514,25.8,26.5,25.7,26,51800
SCJ,20090513,26.6,27,26,26.5,55600
SCJ,20090512,26,26.9,25.5,26.5,72100
SCJ,20090511,27,27,26.3,26.6,44900
SCJ,20090508,27.3,27.5,26,26.9,59500
SCJ,20090507,26.8,27.4,26.8,27.3,127900
SCJ,20090506,27,27,25.6,26,71800
SCJ,20090505,27,27,26.6,27,169800
SCJ,20090504,25.5,25.7,25.5,25.7,44000
SCJ,20090429,24.3,24.7,23.8,24.4,30100
SCJ,20090428,24.3,24.5,23.8,24.3,17600
SCJ,20090427,24.6,24.6,23.8,24.2,11900
SCJ,20090424,25,25.3,24,24.6,36600
SCJ,20090423,24.9,25,24.8,25,110300
SCJ,20090422,23.5,23.8,23.5,23.8,42000
SCJ,20090421,22.3,23.8,22.3,22.7,75600
SCJ,20090420,23.5,24.3,23.5,23.5,52800
SCJ,20090417,26,26,24.6,24.8,126200
SCJ,20090416,26.3,27,25,25.9,104800
SCJ,20090415,26.4,26.5,26,26.2,84500
SCJ,20090414,29,29,27.2,27.5,136300
SCJ,20090413,27.7,27.7,27.3,27.6,91000
SCJ,20090410,26,26.3,26,26.3,91900
SCJ,20090409,25.3,25.5,24.7,25,60400
SCJ,20090408,26,26.1,24.7,25.3,70000
SCJ,20090407,25.6,26.5,25,26.1,101800
SCJ,20090403,25.3,25.4,24.8,25.2,159800
SCJ,20090402,24.7,24.7,23.9,24.2,41700
SCJ,20090401,24,24,23.5,23.9,54000
SCJ,20090331,23.1,23.5,22.8,23.2,19900
SCJ,20090330,23,23.9,22.9,23.2,43300
SCJ,20090327,24.2,24.8,23.5,24,54600
SCJ,20090326,24.3,24.7,23.8,24.1,43000
SCJ,20090325,23.2,24.3,23.2,23.7,48800
SCJ,20090324,23.5,23.5,22.5,23.2,68700
SCJ,20090323,23.2,23.2,22,22.4,54600
SCJ,20090320,22.8,23.8,22.8,23.2,24900
SCJ,20090319,24,25,23,23.9,59300
SCJ,20090318,23.5,24,23.5,23.9,113300
SCJ,20090317,22.3,23.3,22.3,22.8,97700
SCJ,20090316,22.4,22.5,22.2,22.3,13000
SCJ,20090313,22.5,22.8,22,22.3,35600
SCJ,20090312,21.9,22.2,21.5,21.9,32900
SCJ,20090311,21.5,22.1,21.5,22,72300
SCJ,20090310,20.8,21.5,20.8,21.1,29400
SCJ,20090309,20.8,20.9,20.6,20.8,3400
SCJ,20090306,20.8,20.8,20.3,20.6,11300
SCJ,20090305,20.7,20.9,20.5,20.6,32700
SCJ,20090304,19.7,20.5,19.7,20.1,18600
SCJ,20090303,19.5,19.9,19.3,19.7,32400
SCJ,20090302,19.4,20,19.4,19.8,25600
SCJ,20090227,19.6,20.4,19.5,19.9,18400
SCJ,20090226,20,20.4,19.5,19.8,33000
SCJ,20090225,19.7,20.1,19.7,20,52600
SCJ,20090224,20.8,20.8,18.8,19.2,48800
SCJ,20090223,20.8,20.8,19.6,19.8,22200
SCJ,20090220,20.5,20.5,20.2,20.3,23900
SCJ,20090219,21,21.6,20.7,20.8,22200
SCJ,20090218,21,21.2,20.7,20.8,43700
SCJ,20090217,21.3,21.4,21,21.3,22300
SCJ,20090216,21.7,21.7,21.4,21.5,37000
SCJ,20090213,21.5,21.7,21.4,21.7,11200
SCJ,20090212,21.7,21.7,21.2,21.5,13000
SCJ,20090211,21.5,21.8,21.3,21.5,44300
SCJ,20090210,23,23,21.8,22,17600
SCJ,20090209,22.1,22.7,21.7,22.5,50500
SCJ,20090206,21,22.1,21,21.6,38400
SCJ,20090205,22,22,21,21.4,35100
SCJ,20090204,22.4,22.7,21.9,22.2,30700
SCJ,20090203,23,23,21.8,22,30600
SCJ,20090202,23,24,23,23,9900
SCJ,20090123,23.2,23.5,23.2,23.3,3500
SCJ,20090122,23.2,23.4,23,23.2,3500
SCJ,20090121,23.4,23.4,22.8,22.9,22500
SCJ,20090120,23.5,23.5,23.2,23.4,21000
SCJ,20090119,23.7,23.8,23.7,23.7,13000
SCJ,20090116,23.7,24,23.7,23.8,64600
SCJ,20090115,24,24,23.5,23.7,11300
SCJ,20090114,24.2,24.2,24,24.1,13300
SCJ,20090113,24.2,24.2,24,24.1,23400
SCJ,20090112,24.7,24.7,24.2,24.5,19600
SCJ,20090109,24.7,24.8,24.6,24.7,24200
SCJ,20090108,24.7,25,24.2,24.7,38700
SCJ,20090107,25,25.4,24.5,25,60400
SCJ,20090106,24,24.5,24,24.2,30700
SCJ,20090105,23.7,24.1,23.7,23.9,20100
SCJ,20090102,23.7,23.8,23.5,23.7,19200
SCJ,20081231,24.5,24.5,23.8,24.1,40866
SCJ,20081230,23.3,24.3,23.3,23.8,65200
SCJ,20081229,23.5,23.6,23.2,23.4,27000
SCJ,20081226,23.6,24.1,23.1,23.5,46500
SCJ,20081225,24.7,24.7,23.4,24,66500
SCJ,20081224,24.5,25.5,24.3,24.6,24800
SCJ,20081223,26,26.4,24.3,24.8,45700
SCJ,20081222,25.1,25.1,25,25.1,42200
SCJ,20081219,23.1,25.2,23,23.9,26200
SCJ,20081218,24,24,23.6,23.9,5400
SCJ,20081217,24,24.5,23.5,24.1,24200
SCJ,20081216,24.5,24.5,23.7,24,5600
SCJ,20081215,25.1,25.1,24.9,25.1,45300
SCJ,20081212,23.2,23.8,23.2,23.8,43600
SCJ,20081211,22.7,23,22.5,22.6,7800
SCJ,20081210,22.5,22.5,22.1,22.3,11300
SCJ,20081209,23.2,23.3,22.7,23.2,16000
SCJ,20081208,23.5,23.5,23.1,23.2,19500
SCJ,20081205,24.8,24.9,24,24.4,14900
SCJ,20081204,25.4,25.4,24.8,25.1,16000
SCJ,20081203,25.2,25.3,24.5,24.8,13100
SCJ,20081202,24,24.7,23.8,24.4,12900
SCJ,20081201,26.5,26.7,24.4,25.1,17200
SCJ,20081128,25,25.4,25,25.4,23200
SCJ,20081127,25.3,25.3,23.9,24.1,28200
SCJ,20081126,25.6,25.7,25.1,25.3,30600
SCJ,20081125,26.8,27.2,26,26.5,35200
SCJ,20081124,28.3,28.3,26.5,26.8,27500
SCJ,20081124,28.3,28.3,26.5,26.8,27500
SCJ,20081121,28,29,26.8,28.1,15700
SCJ,20081120,28.5,29,28.2,28.3,42900
SCJ,20081119,30,30.1,29.3,29.9,10300
SCJ,20081118,29.9,30,29.9,30,4500
SCJ,20081117,29.9,30.5,29.2,30,13200
SCJ,20081114,31,31.1,30.1,30.8,27800
SCJ,20081113,27.8,30.5,27.7,29.5,30300
SCJ,20081112,29,30.4,28.8,29.3,18700
SCJ,20081111,32,32,30.3,30.4,40700
SCJ,20081110,33.5,33.6,31.5,32.2,52000
SCJ,20081107,31.5,33.4,31.5,31.8,57800
SCJ,20081106,31.9,34.5,31.9,33.4,118200
SCJ,20081105,33.9,33.9,33.9,33.9,8400
SCJ,20081104,30.7,32.7,30.7,32,44600
SCJ,20081103,30.5,32,30,30.9,26600
SCJ,20081031,31,31.6,30.4,31.5,81700
SCJ,20081030,29.8,30.3,28.5,29.9,58800
SCJ,20081029,28.8,28.8,28,28.7,88600
SCJ,20081028,26.9,28.9,26.8,27.3,75500
SCJ,20081027,29,29,28.4,28.4,86400
SCJ,20081024,30.5,31.5,29.7,30.1,62900
SCJ,20081023,31.5,32,31.4,31.5,101600
SCJ,20081022,34,34,32.8,33.3,32000
SCJ,20081021,34.8,34.8,33.1,34.2,91800
SCJ,20081020,34.5,34.5,32,32.9,35500
SCJ,20081017,34.4,34.4,32.6,33.1,44300
SCJ,20081016,32,33.5,32,32.6,47800
SCJ,20081015,35.1,35.1,32.5,34,137800
SCJ,20081014,33.2,33.2,33.2,33.2,4700
SCJ,20081013,31,32.1,30.4,31.4,45900
SCJ,20081010,30.3,30.7,30.3,30.4,96600
SCJ,20081009,30.1,33.8,30.1,32.1,118100
SCJ,20081008,31.9,32.5,31.9,32,133900
SCJ,20081007,33.9,34,33.9,33.9,35300
SCJ,20081006,37.5,37.5,35.8,36,93000
SCJ,20081003,38.7,38.7,37.2,38.1,39500
SCJ,20081002,39,39.7,38,38.7,68300
SCJ,20081001,37.5,40.5,36.5,38,111900
SCJ,20080930,38.7,38.7,38.7,38.7,7300
SCJ,20080929,43,43,40.2,41.2,65800
SCJ,20080926,43.3,43.3,41.5,42.8,146900
SCJ,20080925,40.5,42.1,39,40.9,89800
SCJ,20080924,39.7,41.2,39,40,86400
SCJ,20080923,42,42.5,38,39.7,182600
SCJ,20080922,40.4,40.4,40.4,40.4,18700
SCJ,20080919,35,39,35,38.2,37000
SCJ,20080918,37.1,37.1,36.9,36.9,34700
SCJ,20080917,41.2,42.4,37.7,39.2,98000
SCJ,20080916,41.3,41.3,37.7,40.1,191400
SCJ,20080915,36.9,39.2,36.9,39,119500
SCJ,20080912,39,39,36.7,37,119500
SCJ,20080911,41,42,38.4,39.1,98800
SCJ,20080910,40,44.8,39.7,40.8,156900
SCJ,20080909,41.7,46.5,41.7,42.2,192500
SCJ,20080908,44.4,44.4,44.4,44.4,6500
SCJ,20080905,47.3,47.8,47.3,47.3,14800
SCJ,20080904,53.7,53.7,50.2,50.4,87300
SCJ,20080903,53,53.7,52.5,53.5,132900
SCJ,20080829,49.7,54,49.7,50.5,170800
SCJ,20080828,59.9,59.9,52.8,53,87200
SCJ,20080827,56.5,56.5,54.5,56.4,206100
SCJ,20080826,53.2,53.2,53.2,53.2,10400
SCJ,20080825,49.9,50.1,49.9,50.1,16800
SCJ,20080822,47.6,47.6,42.2,47.2,194800
SCJ,20080821,44.8,44.8,44.8,44.8,18900
SCJ,20080820,42.7,42.7,41,42.3,177900
SCJ,20080819,40.3,40.3,40.3,40.3,36800
SCJ,20080818,38,38,38,38,10900
SCJ,20080815,35.9,35.9,35.9,35.9,600
SCJ,20080814,34.8,34.8,34.8,34.8,100
SCJ,20080813,33.7,33.7,33.7,33.7,10600
SCJ,20080812,32.6,32.6,31.8,32.6,203900
SCJ,20080811,30.5,32.3,30.5,31.7,162600
SCJ,20080808,31.4,31.4,31.4,31.4,21500
SCJ,20080807,33,33.3,32,32.3,92000
SCJ,20080806,32.4,34.2,32.4,33,255700
SCJ,20080805,34.3,34.3,32.4,33.4,113400
SCJ,20080804,33.4,33.4,33.4,33.4,8400
SCJ,20080801,32.5,32.5,32.5,32.5,21700
SCJ,20080731,31.8,31.8,30.9,31.6,109300
SCJ,20080730,31,31,29.8,30.9,300000
SCJ,20080729,30.1,30.1,30.1,30.1,27700
SCJ,20080728,28,29.5,28,29.3,50100
SCJ,20080725,29,29,27.8,28.7,117200
SCJ,20080724,28.3,28.3,27.6,28.2,116700
SCJ,20080723,27.3,28.8,27.3,27.6,225600
SCJ,20080722,28,28,28,28,700
SCJ,20080721,29.4,30.2,28.7,28.8,108300
SCJ,20080718,29.6,29.6,28.8,29.5,147200
SCJ,20080717,28.8,28.8,28.8,28.8,300
SCJ,20080716,28.1,28.1,26.7,28,168000
SCJ,20080715,27.4,27.4,27.4,27.4,20800
SCJ,20080714,26.7,26.7,26.7,26.7,300
SCJ,20080711,26,26,26,26,800
SCJ,20080710,25.3,25.3,25.3,25.3,1000
SCJ,20080709,24.7,24.7,24.7,24.7,6000
SCJ,20080708,24.4,24.4,23.7,24.1,94200
SCJ,20080707,24.1,24.1,22.9,23.8,209100
SCJ,20080704,23.5,23.5,23.5,23.5,5800
SCJ,20080703,22.9,22.9,22.9,22.9,19300
SCJ,20080702,22.4,22.4,21.9,22.4,73800
SCJ,20080701,21.9,21.9,21.9,21.9,1000
SCJ,20080630,21.4,21.4,21.4,21.4,40800
SCJ,20080627,21.1,21.1,20.2,20.9,55500
SCJ,20080626,20.9,20.9,20,20.6,150300
SCJ,20080625,20.4,20.4,20.4,20.4,6600
SCJ,20080624,20,20,20,20,23100
SCJ,20080623,19.6,19.6,19.5,19.6,47600
SCJ,20080620,19,19.7,19,19.2,64300
SCJ,20080619,19.5,19.5,19.5,19.5,8200
SCJ,20080618,20.1,20.1,19.5,19.9,51900
SCJ,20080617,19.8,19.8,19.8,19.8,500
SCJ,20080616,19.5,19.5,19.5,19.5,41700
SCJ,20080613,19.2,19.2,19.2,19.2,3200
SCJ,20080612,18.9,18.9,18.9,18.9,13700
SCJ,20080611,18.2,18.7,18.2,18.6,9600
SCJ,20080610,18.3,18.8,18.3,18.5,54600
SCJ,20080609,18.6,18.8,18.6,18.6,31500
SCJ,20080606,18.9,18.9,18.9,18.9,21000
SCJ,20080605,19.2,19.2,19.2,19.2,3800
SCJ,20080604,19.5,19.5,19.5,19.5,2000
SCJ,20080603,19.8,19.8,19.8,19.8,2100
SCJ,20080602,20.1,20.1,20.1,20.1,1100
SCJ,20080530,20.5,20.5,20.5,20.5,16200
SCJ,20080529,20.8,21.3,20.8,20.8,91600
SCJ,20080528,21.1,21.1,21.1,21.1,54400
SCJ,20080527,21.5,21.5,21.5,21.5,3100
SCJ,20080526,21.9,21.9,21.9,21.9,6500
SCJ,20080522,22.6,22.6,22.6,22.6,500
SCJ,20080521,23.1,23.1,23.1,23.1,1300
SCJ,20080520,23.5,23.5,23.5,23.5,1800
SCJ,20080519,23.9,24,23.9,23.9,13800
SCJ,20080516,24.3,25.2,24.3,24.4,86700
SCJ,20080515,24.7,24.7,24.7,24.7,200
SCJ,20080514,25.2,25.2,25.2,25.2,500
SCJ,20080513,25.7,25.7,25.7,25.7,200
SCJ,20080512,26.2,26.2,26.2,26.2,300
SCJ,20080509,26.8,26.8,26.8,26.8,400
SCJ,20080508,27.3,27.3,27.3,27.3,2500
SCJ,20080507,27.9,27.9,27.9,27.9,1800
SCJ,20080506,28.5,28.6,28.5,28.5,16300
SCJ,20080505,29.7,29.7,28.9,29.1,39400
SCJ,20080429,29.6,29.6,29.1,29.5,51000
SCJ,20080428,28.9,29,28.3,29,53500
SCJ,20080425,28.3,28.8,28.1,28.4,64900
SCJ,20080424,27.8,29.1,27.8,28.2,100900
SCJ,20080423,28.9,28.9,28.4,28.5,15600
SCJ,20080422,30.2,30.2,28.9,29.1,21400
SCJ,20080421,29.6,29.6,29.2,29.6,75700
SCJ,20080418,29.7,29.7,28.5,29,22900
SCJ,20080417,28.4,29.6,28.4,29.1,80400
SCJ,20080416,29,29,29,29,13900
SCJ,20080411,29.7,29.7,29.7,29.7,18900
SCJ,20080410,30.4,30.4,30.4,30.4,3500
SCJ,20080409,31.4,31.4,31,31,22900
SCJ,20080408,32.5,32.5,31,31.7,121500
SCJ,20080407,31.7,31.7,31.7,31.7,2000
SCJ,20080404,31,31,31,31,3400
SCJ,20080403,30.6,30.6,30.6,30.6,200
SCJ,20080402,30.1,30.1,30.1,30.1,100
SCJ,20080401,29.7,29.7,29.7,29.7,600
SCJ,20080331,29.3,29.3,29.3,29.3,1500
SCJ,20080328,28.9,28.9,28.9,28.9,5700
SCJ,20080327,28.5,28.5,28.5,28.5,1900
SCJ,20080326,24.6,28.5,24.6,28.1,83300
SCJ,20080325,26.6,26.6,26.5,26.5,58400
SCJ,20080324,29.8,29.8,28.6,28.7,60200
SCJ,20080321,32.5,32.5,30.1,31,62800
SCJ,20080320,32.5,33.1,31.4,32.1,43900
SCJ,20080319,32.8,34.5,30.4,32.5,50800
SCJ,20080318,32.4,32.5,32.1,32.1,137300
SCJ,20080317,37.3,37.3,34.4,34.8,58100
SCJ,20080314,38.2,38.8,36.4,37.4,28600
SCJ,20080313,38.8,39.4,37.3,38.4,47500
SCJ,20080312,35.2,39.1,35.1,37.6,72400
SCJ,20080311,37.3,38.8,37.2,37.3,70300
SCJ,20080310,41.8,41.8,37.3,40.5,153200
SCJ,20080307,38.5,38.7,38.5,38.7,82200
SCJ,20080306,31,36.2,31,35.8,72000
SCJ,20080305,33.6,33.6,33.6,33.6,48600
SCJ,20080304,36.7,37.3,36.5,36.5,33700
SCJ,20080303,43,43.6,38.8,39.7,52900
SCJ,20080229,44.5,44.8,41.8,42.2,149600
SCJ,20080228,45.9,46.6,45.3,45.7,30800
SCJ,20080227,46.3,49.3,45.1,46.6,32000
SCJ,20080226,51.7,51.7,44.4,47.4,41900
SCJ,20080225,46.3,48,46.3,47.7,19300
SCJ,20080222,43.3,47.1,43.3,44.3,81100
SCJ,20080221,47.3,47.5,47.3,47.3,36300
SCJ,20080220,54.4,54.4,49.4,51.7,36300
SCJ,20080219,52.3,55,52.3,54.1,11200
SCJ,20080218,56.1,56.1,52.4,53.9,34200
SCJ,20080215,58.8,58.8,57,57.4,17300
SCJ,20080214,59.8,59.8,57.8,58.7,19900
SCJ,20080213,61,61,57.1,58.3,25600
SCJ,20080212,65.9,65.9,58.1,60.6,11700
SCJ,20080201,57.7,61.9,57.7,60.6,25600
SCJ,20080131,60.3,60.3,55.6,58.6,18600
SCJ,20080130,58.3,60.2,58.3,60.1,58100
SCJ,20080129,55.3,56.2,54.1,55.4,23000
SCJ,20080128,55,55.1,54.2,54.6,11100
SCJ,20080125,55.3,55.6,54,55,17700
SCJ,20080124,55.9,57.3,53.9,55.6,27300
SCJ,20080123,55.9,59,53.8,55,33500
SCJ,20080122,54.7,55.3,52.9,54.5,18600
SCJ,20080121,55.3,55.3,53,54.1,30400
SCJ,20080118,53.5,56.8,52.3,54.8,18700
SCJ,20080117,57.6,57.7,50.8,54.9,24000
SCJ,20080116,52.6,53.4,52.3,53.2,12100
SCJ,20080115,49.2,50.8,49,49.2,23100
SCJ,20080114,56.2,56.2,52.9,53.6,13300
SCJ,20080111,58.3,58.9,56.8,58,20100
SCJ,20080110,60.4,60.4,56.4,57.6,39600
SCJ,20080109,63.7,63.7,59.2,61.8,12100
SCJ,20080108,65.5,65.8,61.3,63.6,12200
SCJ,20080107,65.7,65.7,61.3,64.4,6000
SCJ,20080104,67.3,67.3,64.9,65.7,5700
SCJ,20080103,67.4,67.4,66.1,66.9,1800
SCJ,20080102,68.5,68.5,68.5,68.5,1000
SCJ,20071228,68.6,68.8,68.5,68.6,5800
SCJ,20071227,69,69,68.5,68.7,7800
SCJ,20071226,68.8,69.6,68.5,68.9,20800
SCJ,20071225,69.7,69.7,68.5,68.8,6100
SCJ,20071224,70.3,70.3,67.9,69.4,15500
SCJ,20071221,70.3,70.3,67.3,67.1,11600
SCJ,20071220,70.3,70.3,66.1,67.1,7900
SCJ,20071219,67.4,72,67.3,70.9,36600
SCJ,20071218,62.8,67.9,62.8,66.2,13900
SCJ,20071217,69.1,69.4,64.9,66.4,21600
SCJ,20071214,68.8,69.7,68.8,69.3,25700
SCJ,20071213,69.9,69.9,67.5,68.8,14200
SCJ,20071212,73.3,73.3,67.3,71.7,24000
SCJ,20071211,73.3,73.3,68.8,70.7,43200
SCJ,20071210,76.3,76.3,73.9,74.5,33500
SCJ,20071207,76.9,77.2,76.3,76.6,16800
SCJ,20071206,76.3,77.5,75.8,76.6,38500
SCJ,20071205,79.1,79.1,77,77.6,12100
SCJ,20071204,78.4,79.6,78.4,79.3,29200
SCJ,20071203,77.8,85.3,77.2,79,55400
SCJ,20071130,79.3,85,79.3,80.2,37900
SCJ,20071129,78.4,84.3,77.5,79.4,33400
SCJ,20071128,78.1,78.1,76.3,77.3,21700
SCJ,20071127,79.3,79.3,77.3,78.5,24200
SCJ,20071126,76.3,78.4,76.3,77.8,25000
SCJ,20071123,77.5,77.5,75.7,76.5,22100
SCJ,20071122,78.7,78.7,76.3,76.9,8200
SCJ,20071121,77.1,77.5,73.6,76.6,24700
SCJ,20071120,79.3,79.3,76.7,78.3,15600
SCJ,20071119,79,79.3,78.7,79.3,25100
SCJ,20071116,78,80.8,76.3,78.7,76400
SCJ,20071115,80.8,80.8,74.4,77.5,21100
SCJ,20071114,74.2,79.7,74.2,79.5,79300
SCJ,20071113,78.1,78.1,71.4,73.2,41200
SCJ,20071112,78.7,79.8,77.8,78.5,31800
SCJ,20071109,79.3,79.3,76.3,78.2,45300
SCJ,20071108,80.8,81.7,79.3,80.4,24800
SCJ,20071107,85,85,79.3,81.7,57900
SCJ,20071106,78.4,79,76.3,77.9,34100
SCJ,20071105,79.3,79.3,76.3,78.3,37000
SCJ,20071102,88,88,77.8,80.1,45700
SCJ,20071101,83.7,83.8,79.5,82.8,45000
SCJ,20071031,71.8,79.9,71.8,76.9,71800
SCJ,20071030,73.4,80.8,73.3,74.4,184900
SCJ,20071029,83.2,87.4,79.7,80.7,54100
SCJ,20071026,91,91,79.3,87.7,105000
SCJ,20071025,83.4,83.4,83.4,83.4,20700
SCJ,20071024,76.5,76.5,76.5,76.5,40500
SCJ,20071023,67.3,70.6,65.1,70.3,153500
SCJ,20071022,65.5,66.3,63.4,64.9,93200
SCJ,20071019,61.3,64.9,58.3,61,103800
SCJ,20071018,60.1,61.3,59.3,59.7,60400
SCJ,20071017,70,70,60.7,65,50600
SCJ,20071016,64.5,64.5,64,64.4,93200
SCJ,20071015,57.7,62.8,57.7,59.3,176800
SCJ,20071012,58,58.3,56.8,57.8,45800
SCJ,20071011,58.3,58.3,56.8,57.7,43800
SCJ,20071010,54.4,56.7,54.4,55.8,33800
SCJ,20071009,52.9,54.1,52.3,53.1,86200
SCJ,20071008,53.2,53.2,51.7,52.5,83800
SCJ,20071005,52.9,52.9,51.4,52.1,60500
SCJ,20071004,54.1,55.3,51.4,52.3,123700
SCJ,20071003,53.8,54.7,52.2,53.3,106200
SCJ,20071002,61.3,62.4,54.1,57.2,59100
SCJ,20071001,58.9,58.9,55.6,57.4,101600
SCJ,20070928,55.4,55.4,47.4,54.3,392700
SCJ,20070927,51,51,51,47.1,80200
SCJ,20070926,47.1,47.1,47.1,47.1,32600
SCJ,20070925,43.5,43.5,43.5,43.5,110600
SCJ,20070924,40.2,40.2,40.2,40.2,39300
SCJ,20070921,37.2,37.2,37.2,37.2,100300
SCJ,20070920,34.5,34.5,34.5,34.5,12200
SCJ,20070919,28.9,36.4,28.3,32.1,208200
