<Ticker>,<DTYYYYMMDD>,<Open>,<High>,<Low>,<Close>,<Volume>
SD5,20100729,69.4,69.4,68.5,68.5,3800
SD5,20100728,68.5,69,68,68.5,13700
SD5,20100727,68.9,68.9,68.5,68.5,5900
SD5,20100726,68.7,69,68.7,68.8,2800
SD5,20100723,70.3,70.3,69.7,69.9,18000
SD5,20100722,70.5,70.5,69.8,70,30100
SD5,20100721,70,71.7,69.9,70.7,21100
SD5,20100720,70,71.5,70,70.3,16500
SD5,20100719,69.1,70.9,69,70,8700
SD5,20100716,70.8,70.9,69.5,69.8,15900
SD5,20100715,69.5,70.5,69.5,69.8,28300
SD5,20100714,73,73,69.8,70.1,9600
SD5,20100713,70,71.5,70,70.7,61600
SD5,20100712,69.2,70,69.2,69.5,11600
SD5,20100709,70,70,69,69,9100
SD5,20100708,70,70,68.5,68.6,21400
SD5,20100707,72,72,68,68.7,33300
SD5,20100706,71.5,71.5,69,70.2,22800
SD5,20100705,71.9,74,71.9,72.3,19200
SD5,20100702,72.1,73,72,72.7,29000
SD5,20100701,72.9,73,71,72,15700
SD5,20100630,73.3,73.3,71,72.9,18900
SD5,20100629,72,76,72,73.3,466900
SD5,20100628,71.1,71.5,71,71.1,6500
SD5,20100625,71,71.5,71,71.3,19500
SD5,20100624,74,74,71.7,73.2,24700
SD5,20100623,73.5,73.5,73,73.4,13800
SD5,20100622,73,73.5,73,73.2,146400
SD5,20100621,72.9,73.5,72.6,73,49100
SD5,20100618,72.7,72.7,71.1,72.3,27100
SD5,20100617,72,75,72,72.7,61700
SD5,20100616,74,74,72,72.7,30100
SD5,20100615,71.6,72.3,71.6,72,3700
SD5,20100614,71,73,70.5,71.8,30100
SD5,20100611,71,71.5,70.6,71.1,26800
SD5,20100610,71,71,70.5,70.9,1100
SD5,20100609,70,70.1,70,70,9900
SD5,20100608,72.5,72.5,70,70.5,10500
SD5,20100607,70.5,71,69,69.3,39400
SD5,20100604,72.8,73.1,71.6,72.5,38400
SD5,20100603,73.5,73.5,73,73,6700
SD5,20100602,72,73.5,72,72.5,15500
SD5,20100601,72.5,73.2,71,72.7,63100
SD5,20100531,74.5,75.6,72.4,73.3,15700
SD5,20100528,74,76,73,75.3,139300
SD5,20100527,72.5,72.5,70.5,71.1,59100
SD5,20100526,66.1,72,66.1,70.3,12200
SD5,20100525,69.6,69.7,66,67.8,19500
SD5,20100524,68.5,71,66,69.6,122700
SD5,20100521,72,72,67.4,67.6,159800
SD5,20100520,68,74.5,68,72.4,64900
SD5,20100519,75.8,75.8,72,72.8,34200
SD5,20100518,75.7,76,75.4,75.8,53800
SD5,20100517,76.3,76.3,74.5,75.8,84400
SD5,20100514,71,76.9,71,74.5,88600
SD5,20100513,73,73,71,71.9,42400
SD5,20100512,74,74,72.2,72.9,116100
SD5,20100511,81.8,81.8,75.5,77.6,101600
SD5,20100510,82,83.9,75.6,77,178600
SD5,20100507,84,84,80.6,81.2,131600
SD5,20100506,86.7,87.3,84.5,86.6,187200
SD5,20100505,88.3,89.5,85.3,86.7,196300
SD5,20100504,86.5,86.5,84.5,85.3,217100
SD5,20100429,82.5,86,80.5,84.3,211700
SD5,20100428,78.5,81.8,78.5,80.3,161400
SD5,20100427,79,79.5,77.1,78.2,87000
SD5,20100426,78,81,77,79.1,117500
SD5,20100422,85,85,75.7,80,208100
SD5,20100421,79.2,79.4,77,79.4,827800
SD5,20100420,73.9,74.5,70,74.1,89700
SD5,20100419,69.5,69.6,68,69.5,293800
SD5,20100416,65,65,64,65,295100
SD5,20100415,61,64,59,60.7,167000
SD5,20100414,59.9,60.3,59,60,79400
SD5,20100413,60,62.7,60,60.6,26700
SD5,20100412,67,68,60,63.6,67100
SD5,20100409,64.5,64.6,64,64.6,200300
SD5,20100408,59.4,62,58,60.3,101500
SD5,20100407,59,59.3,58,58.4,37700
SD5,20100406,59,60.9,58.3,59.1,29600
SD5,20100405,59,60,58,58.3,34400
SD5,20100402,58,59.3,58,59,14900
SD5,20100401,58.5,60,57,58.7,26500
SD5,20100331,57.5,61.4,56.2,59.6,34400
SD5,20100330,57.7,57.7,57,57.3,12700
SD5,20100329,58,58,57.3,57.7,9300
SD5,20100326,58,58,57.1,57.6,15700
SD5,20100325,58.7,58.7,57,58,22100
SD5,20100324,60,60,59,59.6,16400
SD5,20100323,60,60,59,59.3,9100
SD5,20100322,60,60,58.8,59.3,12900
SD5,20100319,62.3,62.3,59,59.7,28700
SD5,20100318,60.1,61,60,60.3,14700
SD5,20100317,61,61,59,60.1,14600
SD5,20100316,63,63,61,62.1,10700
SD5,20100315,64.5,66,63.8,64.7,30500
SD5,20100312,65.4,65.4,63,63.7,11200
SD5,20100311,65,65,63.1,63.9,21700
SD5,20100310,65,65,63.5,64.1,24800
SD5,20100309,65.5,65.5,63.1,65,10700
SD5,20100308,65,66,64.5,65.4,24800
SD5,20100305,65.6,65.6,64,64.6,57500
SD5,20100304,63,67.4,63,65.7,34100
SD5,20100303,62,64,61,62.9,30500
SD5,20100302,61.5,62.5,60.8,61.7,9800
SD5,20100301,60,61,60,60.6,7800
SD5,20100226,59.5,60,59,59.9,7400
SD5,20100225,60,60,59,59.7,2200
SD5,20100224,62,62,58,59.3,8700
SD5,20100223,61,61,59.1,60,2500
SD5,20100222,64.8,64.8,61,61.5,1200
SD5,20100212,61.5,61.5,61.3,61.4,300
SD5,20100211,60.4,62.5,60,61.3,10400
SD5,20100210,60.9,60.9,60.9,60.9,100
SD5,20100209,60,60,56.9,58.2,19400
SD5,20100208,62,62,60.5,61.1,1700
SD5,20100205,64,64,61.5,62.3,22200
SD5,20100204,63,64,62,63.3,17800
SD5,20100203,63,63,62.5,62.7,3300
SD5,20100202,65.5,65.5,62,63.1,13900
SD5,20100201,63.2,63.6,62.5,63,10600
SD5,20100129,61.7,62.5,60,61.8,15000
SD5,20100128,64,64,61,61.6,9600
SD5,20100127,65.2,65.3,63,65,86800
SD5,20100126,60.9,60.9,60.9,60.9,4300
SD5,20100125,56.8,56.8,56.8,56.8,7800
SD5,20100122,52,55,51,53,11700
SD5,20100121,55,58,54.1,54.9,27100
SD5,20100120,62.4,62.4,55.4,58.3,10600
SD5,20100119,56.5,60.7,56.5,59.7,1500
SD5,20100118,58,58,56.5,56.7,8800
SD5,20100115,62.9,62.9,60,60.6,8600
SD5,20100114,65,65.5,62,63.7,39400
SD5,20100113,58,63,57.9,61.1,32400
SD5,20100112,60,61.5,58,59.8,16400
SD5,20100111,63,63,60,60.4,13400
SD5,20100108,63,65.9,60.2,63.1,29400
SD5,20100107,67,67,61.9,63,21100
SD5,20100106,67.9,68,65.8,66.6,31300
SD5,20100105,70.5,73,68,70.6,18300
SD5,20100104,70,71.9,67,69.9,39800
SD5,20091231,67.5,68,64.7,67.6,50200
SD5,20091230,65.5,68.5,65,67.4,30500
SD5,20091229,63.9,65.8,62.2,64.1,37600
SD5,20091228,62,62.4,58.1,61.4,42500
SD5,20091225,58.2,58.2,58,58.2,28900
SD5,20091224,54,55.8,52,54.3,48900
SD5,20091223,52,55.5,50,52.1,17500
SD5,20091222,54.2,54.2,50.6,52.7,40000
SD5,20091221,50.5,50.6,50,50.6,20300
SD5,20091218,47,47.3,47,47.2,8700
SD5,20091217,43.5,46.6,43.5,44.1,21000
SD5,20091216,45,45,43.2,43.5,36700
SD5,20091215,49.4,49.4,44.4,44.7,7400
SD5,20091214,49,49,45.5,46.5,9600
SD5,20091211,46.1,46.1,45.7,45.7,41600
SD5,20091210,49,50,48.8,49.2,43800
SD5,20091209,52.6,57.8,52.5,52.6,13800
SD5,20091208,57,57,56.4,56.6,16900
SD5,20091207,60,64.4,59,60.7,35600
SD5,20091204,62.5,62.5,61.9,62,10700
SD5,20091203,68,68.9,62,66.7,24500
SD5,20091202,65.1,67.3,62.4,65.6,11600
SD5,20091201,65.6,65.6,62,65.1,14400
SD5,20091130,54.6,62.4,54.2,61.2,14700
SD5,20091127,57.5,61.5,57.5,58.3,17600
SD5,20091126,62,62,61.7,61.9,2200
SD5,20091125,69,69,66.1,66.4,4900
SD5,20091124,74,74,70.5,71.2,500
SD5,20091123,71.1,75,69.5,73.9,12500
SD5,20091120,74.1,74.1,73.1,74,4900
SD5,20091119,74,77,74,75.9,11600
SD5,20091118,73.5,74.5,73.5,74.3,3000
SD5,20091117,74.9,74.9,73.1,73.4,3600
SD5,20091116,71,73.5,71,72.9,13100
SD5,20091113,73.4,75,69,73,6100
SD5,20091112,73.4,74,73,73.5,9100
SD5,20091111,72.7,74,72.7,73.4,6600
SD5,20091110,74.5,74.5,69.2,72.7,24000
SD5,20091109,76,76.1,73.3,74.5,12200
SD5,20091106,79.1,80.1,76,78.9,28600
SD5,20091105,79.6,82,78,79.7,31400
SD5,20091104,80.8,81,77,79.2,20200
SD5,20091103,78,80.5,78,78.5,23600
SD5,20091102,80,82.6,80,80.5,21600
SD5,20091030,86.1,86.1,85,86,173200
SD5,20091029,77,86,77,80.4,128000
SD5,20091028,78,80.4,78,80.3,99800
SD5,20091027,75,78,73.1,75.1,73800
SD5,20091026,79.3,79.3,75.2,78.3,65100
SD5,20091023,81,82,77.5,79.4,94100
SD5,20091022,77.7,81.9,77.7,80.6,71000
SD5,20091021,80.3,80.5,79,79.5,92400
SD5,20091020,79.9,81,78,79.7,109600
SD5,20091019,76,78,76,76.9,57100
SD5,20091016,80.8,80.8,77.5,78,85400
SD5,20091015,78.7,84.3,78.7,82.9,164200
SD5,20091014,76.1,80.6,76.1,78.7,114900
SD5,20091013,86.5,86.5,76.5,80.6,98500
SD5,20091012,79,83.1,77.7,81.1,200000
SD5,20091009,77,79,76,77.6,163700
SD5,20091008,80.5,80.5,70.5,77,86000
SD5,20091007,75.3,76,75,75.9,124100
SD5,20091006,71,74,69.6,70.9,168400
SD5,20091005,80,80,71.7,74.9,106500
SD5,20091002,77,77.5,73.1,77.2,171500
SD5,20091001,72.3,72.3,72.3,72.3,27900
SD5,20090930,63.5,67.7,63.5,67.5,496200
SD5,20090929,65.5,65.5,62,63.2,15800
SD5,20090928,66,68,63,64.6,21800
SD5,20090925,64,65,62.5,63.7,31800
SD5,20090924,67,67.5,63.9,64.2,53900
SD5,20090923,69.1,70.5,67.6,68.8,22900
SD5,20090922,70,73,68.5,69.2,83200
SD5,20090921,64,69.1,64,68.2,136200
SD5,20090918,62.5,65.8,62,64.5,47600
SD5,20090917,64,64,62,62.5,10800
SD5,20090916,65,66.5,64,65,10500
SD5,20090915,63.8,64.6,63,63.6,34700
SD5,20090914,65.5,65.5,60.5,63.4,17100
SD5,20090911,65,65,63,63.6,6500
SD5,20090910,63.3,65,63,63.5,38600
SD5,20090909,67,67,62.5,63.2,30500
SD5,20090908,58.6,62.8,58.6,62.5,9500
SD5,20090907,58,59.9,56,58.6,19700
SD5,20090904,62.5,63,58,59.9,15500
SD5,20090903,61.2,63,61.2,62.3,4400
SD5,20090901,65.5,67.8,64,65.6,24800
SD5,20090831,63.7,67,63.7,65.8,38400
SD5,20090828,63,66,63,63.7,32600
SD5,20090827,63.5,64,62.5,63.2,35900
SD5,20090826,66.5,67,64,65.5,28400
SD5,20090825,67,68,63,67.3,121200
SD5,20090824,66.7,68,62.5,67.3,140700
SD5,20090821,67.3,68.9,62.5,66.7,64000
SD5,20090820,62.8,67.3,61,64.3,120600
SD5,20090819,63,64,60,62.8,134900
SD5,20090818,60.1,64,60.1,62.4,95200
SD5,20090817,52.4,60.4,52.4,60.1,32600
SD5,20090814,55,56.9,54.8,56.4,85500
SD5,20090813,54,55,51.5,53.1,231800
SD5,20090812,51,52.4,49.7,51.3,130500
SD5,20090811,45.9,49.2,45.9,48.9,59700
SD5,20090810,46,46.7,45,45.9,19400
SD5,20090807,46.2,46.5,45.4,45.6,10500
SD5,20090806,48,48,46,46.2,8100
SD5,20090805,45.2,46.9,45,45.7,14800
SD5,20090804,47,47.4,46,46.9,7600
SD5,20090803,50,50,46,46.5,13800
SD5,20090731,51,51,48,49.6,13100
SD5,20090730,46,48.5,46,48.3,14700
SD5,20090729,46.5,49,46.5,48.4,34600
SD5,20090728,45.3,48,45.1,46.1,65500
SD5,20090727,47,47,43,45,11500
SD5,20090724,44.7,44.7,44.7,44.7,10500
SD5,20090723,43,43.3,40.5,41.7,1900
SD5,20090722,40.3,42,40.2,40.4,6800
SD5,20090721,40,42.5,40,40.2,1100
SD5,20090720,40,40,40,40,500
SD5,20090717,41,41.5,41,41.3,600
SD5,20090716,41.6,41.6,41.5,41.5,7000
SD5,20090715,42,42.3,39,40.1,3100
SD5,20090714,41,41,39,39.9,6400
SD5,20090713,41.5,41.5,41.2,41.3,6600
SD5,20090710,45.9,45.9,43,44.4,7000
SD5,20090709,42,42.9,42,42.8,1600
SD5,20090708,40.6,40.6,39.7,40,9100
SD5,20090707,41.5,41.5,40,40.6,1700
SD5,20090706,40.5,42.9,40.5,41.5,2900
SD5,20090703,40.5,41,40.5,40.9,8600
SD5,20090702,41,41.5,40.3,41.1,10400
SD5,20090701,39.3,40,39.3,40,6000
SD5,20090630,42.4,42.4,42.3,42.3,2300
SD5,20090629,46,46,45,45.1,1500
SD5,20090626,46,46,43.1,45,4800
SD5,20090625,47.4,47.4,43,46.4,4000
SD5,20090624,44.2,44.3,44.1,44.3,13300
SD5,20090623,41.1,41.5,41.1,41.3,14100
SD5,20090622,44.3,44.3,44.2,44.2,5900
SD5,20090619,49,49,47,47.6,5400
SD5,20090618,49,49.6,46.1,47.4,29900
SD5,20090617,47.1,48.9,45.5,48.5,53300
SD5,20090616,49,51,46.5,49,52100
SD5,20090615,47.3,51,47.3,50.1,62800
SD5,20090612,51.1,52.9,49.2,51,22700
SD5,20090611,49.8,57.3,49.8,53,25000
SD5,20090610,53,56,52.2,53.6,17700
SD5,20090609,60.5,60.5,53.4,56.2,39100
SD5,20090608,56.8,56.8,55,56.5,56500
SD5,20090605,52,53.1,52,53,64000
SD5,20090604,50,50.4,49,49.5,23900
SD5,20090603,49.4,49.4,47.2,48.2,31200
SD5,20090602,46.1,46.1,46,46.1,51300
SD5,20090601,41,43.2,41,43,36100
SD5,20090529,39,41,38.1,40.3,77800
SD5,20090528,39,40,37.8,39.2,58000
SD5,20090527,41.5,41.5,38,40.4,70700
SD5,20090526,42.5,42.5,40.1,41,72600
SD5,20090525,39,41,39,40.6,60000
SD5,20090522,40.6,40.8,37,39.1,49100
SD5,20090521,35.5,38.7,35.5,38,118100
SD5,20090520,37.4,37.4,35.6,36.1,33400
SD5,20090519,37,38.5,36.6,37.4,61800
SD5,20090518,36.3,36.8,36.3,36.4,26000
SD5,20090515,36.5,36.8,34.6,36.3,52100
SD5,20090514,35,35,33,34.5,31200
SD5,20090513,36,36,34.9,35.2,61600
SD5,20090512,35,36,33,35.1,40700
SD5,20090511,36.4,36.5,34.5,35.5,29900
SD5,20090508,34,35.4,30.5,34.2,32500
SD5,20090507,33,33.1,32.2,32.9,88000
SD5,20090506,30.4,33,30.3,30.7,28700
SD5,20090505,32.8,32.8,32.7,32.8,51200
SD5,20090504,29.9,30.5,29.9,30.4,13300
SD5,20090429,27.9,28.8,27.8,28.3,35200
SD5,20090428,27.8,28.5,27.5,27.9,22200
SD5,20090427,29,30.4,27.7,28.5,29300
SD5,20090424,28.7,28.7,24.5,28.2,80500
SD5,20090423,26.5,26.6,26,26.6,33600
SD5,20090422,24.6,24.6,24.6,24.6,15700
SD5,20090421,23,24.2,22.6,22.8,40400
SD5,20090420,24.5,24.6,24.5,24.5,22300
SD5,20090417,28.8,28.8,26.5,26.6,31800
SD5,20090416,30.5,30.8,27.7,28.7,19000
SD5,20090415,29,29.6,28.3,28.6,21800
SD5,20090414,31.4,31.4,29,30.7,48800
SD5,20090413,29,29.1,28.7,29.1,28000
SD5,20090410,25.9,27,25.9,27,19000
SD5,20090409,25,27,24.5,25,22900
SD5,20090408,25.5,27.6,24.9,25.4,27900
SD5,20090407,27,27.4,25.5,26.6,38100
SD5,20090403,25.2,25.4,25.1,25.4,59200
SD5,20090402,23.9,23.9,23,23.5,5900
SD5,20090401,23,23.8,22.3,22.9,15800
SD5,20090331,21,23.5,21,22.3,3400
SD5,20090330,22,22,21.7,21.9,5200
SD5,20090327,23.5,24,23,23.3,15400
SD5,20090326,25.4,25.4,23.7,24.2,11900
SD5,20090325,23.5,24,23.5,23.7,5200
SD5,20090324,23.8,23.8,23.5,23.7,12200
SD5,20090323,22,22,21.8,22,7000
SD5,20090320,24,24,22.5,23,9700
SD5,20090319,23,25,23,24,16600
SD5,20090318,24.6,24.7,24.6,24.7,18700
SD5,20090317,21.8,23.2,21.8,22.9,20800
SD5,20090316,21,21.8,21,21.5,2700
SD5,20090313,20,22,20,21.5,8200
SD5,20090312,21.5,22,21,21.3,22800
SD5,20090311,22,22.7,22,22.2,9600
SD5,20090310,20.7,22,19.6,21.1,4000
SD5,20090309,19,21,19,20.6,1300
SD5,20090306,18.7,21,18.7,20.3,3400
SD5,20090305,19.6,20.4,19.6,20.2,400
SD5,20090304,18,19.6,18,19.4,800
SD5,20090303,19.5,19.5,19.4,19.4,700
SD5,20090302,20.6,20.6,20,20,12800
SD5,20090227,19.1,20.8,19.1,20.4,2700
SD5,20090226,19,20.9,19,20.1,3300
SD5,20090225,19.5,20.6,19.5,20.3,5200
SD5,20090224,18.5,19.6,18.5,19,2300
SD5,20090223,20.3,20.3,19.5,19.7,9000
SD5,20090220,20.5,21,20.4,20.8,6300
SD5,20090219,22.7,22.7,20.4,21,5800
SD5,20090218,20.8,21.2,20.8,21,9400
SD5,20090217,22.4,22.5,22,22.3,4500
SD5,20090216,22.9,23.3,22.9,23.2,2700
SD5,20090213,24.2,24.2,23.5,23.5,5200
SD5,20090212,24.2,24.2,23.3,23.7,2200
SD5,20090211,22.2,23,21.3,22.5,3400
SD5,20090210,22.2,23.1,22.2,23,1100
SD5,20090209,23.7,24.1,23.7,24,2600
SD5,20090206,24.4,24.4,23.5,23.7,1600
SD5,20090205,23.5,23.5,22.3,22.6,15000
SD5,20090204,23.7,24.1,23.7,24.1,10100
SD5,20090203,25.8,25.8,23.5,24.2,2300
SD5,20090202,25.5,25.5,24,24.5,10300
SD5,20090123,25.8,26,25,25.5,5500
SD5,20090122,24.5,24.7,24.5,24.6,2700
SD5,20090121,25.5,26,25.5,25.8,400
SD5,20090120,25.6,25.6,25.4,25.5,2900
SD5,20090119,27.9,27.9,26,27.6,11300
SD5,20090116,25.5,26.4,25,25.9,29500
SD5,20090115,24,25,24,24.5,5200
SD5,20090114,24.6,25,24.3,24.7,3700
SD5,20090113,24.1,24.5,24,24.3,3800
SD5,20090112,24,25.3,24,24.2,2800
SD5,20090109,23,24.1,23,23.8,2200
SD5,20090108,25.6,25.6,24.5,24.6,1400
SD5,20090107,26,26.5,24,25.6,11200
SD5,20090106,22.7,25.4,22.7,25,3600
SD5,20090105,24.5,24.5,24.5,24.5,600
SD5,20090102,24.7,24.7,24,24.1,4800
SD5,20081231,25.1,25.1,24,24.6,8400
SD5,20081230,25,25.2,25,25.1,300
SD5,20081229,23,24.5,23,24,6500
SD5,20081226,24.7,25.5,24,24.5,3200
SD5,20081225,25.9,25.9,24,24.5,3600
SD5,20081224,25.8,26,24.8,25.8,6800
SD5,20081223,27.2,27.2,24,25.5,18500
SD5,20081222,25.2,25.2,25.2,25.2,23200
SD5,20081219,22.2,23.8,22,23.3,10900
SD5,20081218,22,22.6,22,22.2,7300
SD5,20081217,21.3,22,21,21.6,6300
SD5,20081216,21.6,21.6,21.2,21.3,6700
SD5,20081215,23.2,23.2,21.7,23,15300
SD5,20081212,21.5,21.5,21,21.5,10500
SD5,20081211,19.5,20.5,19.4,19.9,5700
SD5,20081210,19.5,19.6,19.2,19.4,12000
SD5,20081209,21,21.1,20.6,20.9,15200
SD5,20081208,22.3,22.5,22.2,22.3,6300
SD5,20081205,24,25.4,24,24.1,1500
SD5,20081204,25.5,25.8,24.7,25.1,3900
SD5,20081203,24.5,24.5,24.5,24.5,4200
SD5,20081202,24.2,25,24.2,24.5,3400
SD5,20081201,25,27.5,25,25.9,19400
SD5,20081128,24.8,26,24.8,25.7,20800
SD5,20081127,25,25,23.5,24.1,8100
SD5,20081126,23.8,25.6,23.8,24.3,13400
SD5,20081125,26.5,27,24.2,25.7,18300
SD5,20081124,25.2,26.2,25.1,25.5,18500
SD5,20081124,25.2,26.2,25.1,25.5,18500
SD5,20081121,27,28,25.8,27.2,9000
SD5,20081120,27.6,27.8,27.3,27.5,32000
SD5,20081119,29.5,30.3,29.3,29.5,11900
SD5,20081118,30.9,31,30,30.4,11400
SD5,20081117,32.7,32.7,31.1,31.4,18900
SD5,20081114,34.4,34.4,32.6,33.7,12000
SD5,20081113,30.6,33,30,31.9,9700
SD5,20081112,28.9,31.5,28.9,30.6,7800
SD5,20081111,31.6,31.6,31.2,31.3,24300
SD5,20081110,33.8,35,33,33.8,22800
SD5,20081107,34.7,35,34.7,34.8,12100
SD5,20081106,39,39,35.9,37.6,19200
SD5,20081105,39,39,38.2,38.9,49000
SD5,20081104,35,36.6,35,36.2,23500
SD5,20081103,37,37,32.8,34,9600
SD5,20081031,35.5,36,34,35.5,35100
SD5,20081030,32.8,34.1,32,33.4,22200
SD5,20081029,31.8,31.8,30.5,31.7,23900
SD5,20081028,28.6,31,28.6,29.5,27300
SD5,20081027,31,31.1,30.9,31,10700
SD5,20081024,37.6,37.6,32.3,33.5,19900
SD5,20081023,37.6,37.6,34.6,35,14900
SD5,20081022,36.1,38.7,36.1,37.5,5600
SD5,20081021,38,38.5,36,37.7,11200
SD5,20081020,38.5,38.8,36,37.8,9800
SD5,20081017,39.7,39.8,38,38.5,18300
SD5,20081016,37,38,36,37,21200
SD5,20081015,36.5,37,36,36.8,18100
SD5,20081014,34.4,34.4,34.4,34.4,100
SD5,20081013,30.6,32.6,30,31.9,10900
SD5,20081010,32,34,32,32.5,28300
SD5,20081009,33.1,36,33.1,34.7,30300
SD5,20081008,35.1,38,35.1,35.8,29200
SD5,20081007,38,38,38,38,9000
SD5,20081006,42,44,40.8,41.1,9600
SD5,20081003,47.3,47.3,43.1,44.1,15500
SD5,20081002,44.1,44.1,43,44,37200
SD5,20081001,40,42.7,40,41,26500
SD5,20080930,39.7,39.7,39.7,39.7,300
SD5,20080929,43.6,43.6,41,42.9,22000
SD5,20080926,40.5,40.5,40.4,40.5,12400
SD5,20080925,34.1,38,34.1,37.6,33700
SD5,20080924,35.2,37,33,35.3,9400
SD5,20080923,36.5,36.5,33,35.2,68900
SD5,20080922,34,34,34,34,100
SD5,20080919,29,33,28.5,31.6,12400
SD5,20080918,30.6,30.6,30.6,30.6,1900
SD5,20080917,34.6,35.4,32.7,33.2,33900
SD5,20080916,39,39,33.5,35.4,39900
SD5,20080915,32.6,38,32.6,36.2,24500
SD5,20080912,35.3,35.3,35.3,35.3,2600
SD5,20080911,38.1,41,38,38.2,5000
SD5,20080910,42.5,42.5,41,41.1,9500
SD5,20080909,43.2,46.8,43.2,44.3,54700
SD5,20080908,46.7,46.7,46.7,46.7,2700
SD5,20080905,50.5,51,50.5,50.5,12400
SD5,20080904,60.8,60.8,52.5,54.5,34500
SD5,20080903,56.7,56.7,56,56.7,41400
SD5,20080829,51.8,56,51.8,52.8,48700
SD5,20080828,55.9,59.5,51.3,56,18300
SD5,20080827,55.4,55.8,53,55.4,94900
SD5,20080826,51.9,51.9,51.8,51.9,32000
SD5,20080825,48.3,48.3,48.3,48.3,8900
SD5,20080822,44.9,45.2,42,44.9,49000
SD5,20080821,37.5,43.7,37.5,42,35200
SD5,20080820,39.8,42,39.6,40.6,53900
SD5,20080819,47.4,47.4,40.9,42.8,64400
SD5,20080818,44,44.2,44,44.2,23900
SD5,20080815,41.1,41.1,41.1,41.1,4400
SD5,20080814,38.5,39.5,38.5,39.4,16400
SD5,20080813,38.7,38.7,36,37.9,67600
SD5,20080812,37.4,37.4,34.4,37,39900
SD5,20080811,35.9,35.9,35.9,35.9,2300
SD5,20080808,34.4,34.4,33.7,34.4,23400
SD5,20080807,33.1,33.1,32.1,33,60300
SD5,20080806,29.9,32.7,29.9,31.7,98600
SD5,20080805,32.8,32.8,30,31.3,44700
SD5,20080804,31.4,31.4,31.4,31.4,600
SD5,20080801,30.1,30.1,30.1,30.1,1400
SD5,20080731,28.8,28.8,28.8,28.8,18600
SD5,20080730,27.6,27.6,27.6,27.6,37900
SD5,20080729,26.4,26.4,26.4,26.4,2000
SD5,20080728,25.3,25.3,25.3,25.3,1500
SD5,20080725,24.8,24.8,23.1,24.2,51000
SD5,20080724,23.2,25.4,23.2,23.7,29200
SD5,20080723,24.3,24.3,24.3,24.3,600
SD5,20080721,25.4,25.4,25.4,25.4,5500
SD5,20080718,26.8,26.8,24.7,26.6,25500
SD5,20080717,25.7,25.7,25.7,25.7,1800
SD5,20080716,24.8,24.8,23.5,24.6,40800
SD5,20080715,23.7,23.7,23.7,23.7,20100
SD5,20080714,22.7,22.7,22.7,22.7,1800
SD5,20080711,21.7,21.7,21.7,21.7,4500
SD5,20080710,20.8,20.8,20.8,20.8,4200
SD5,20080709,19.9,19.9,19.9,19.9,4800
SD5,20080708,18.5,20.1,18.3,19,22700
SD5,20080707,19.8,19.8,18,19.2,52000
SD5,20080704,18.9,18.9,18.9,18.9,3500
SD5,20080703,18.1,18.1,18.1,18.1,300
SD5,20080702,17.3,17.3,17,17.3,21200
SD5,20080701,16.5,16.5,16.5,16.5,1100
SD5,20080630,16,16.2,15.5,15.8,14700
SD5,20080627,15.2,16,15.2,15.5,11100
SD5,20080626,16.6,16.6,15.2,16,19900
SD5,20080625,15.9,15.9,15.8,15.9,7300
SD5,20080624,15.2,15.2,15.1,15.2,11800
SD5,20080623,13.8,15.2,13.8,14.5,22200
SD5,20080620,14.5,14.5,14.5,14.5,3300
SD5,20080619,15.2,15.2,15.2,15.2,1400
SD5,20080618,16.3,16.3,15.3,15.9,26400
SD5,20080617,15.8,15.8,15.8,15.8,1800
SD5,20080616,15.3,15.3,15.3,15.3,1500
SD5,20080613,14.8,14.8,14.8,14.8,2400
SD5,20080612,14.4,14.5,13.5,14.3,10300
SD5,20080611,13.4,14.4,13.4,14,54500
SD5,20080610,13.9,13.9,13.9,13.9,200
SD5,20080602,14.4,14.4,14.4,14.4,1400
SD5,20080530,14.9,14.9,14.9,14.9,200
SD5,20080529,15.4,15.4,15.4,15.4,2700
SD5,20080528,15.9,15.9,15.9,15.9,100
SD5,20080527,16.5,16.5,16.5,16.5,300
SD5,20080526,17.1,17.1,17.1,17.1,400
SD5,20080521,17.7,17.7,17.7,17.7,100
SD5,20080520,18.3,18.3,18.3,18.3,500
SD5,20080516,18.7,19.2,18.7,18.9,8300
SD5,20080515,19.3,19.3,19.3,19.3,100
SD5,20080514,20.9,20.9,19.5,20,300
SD5,20080513,20.2,20.2,20.2,20.2,100
SD5,20080512,20.9,20.9,20.9,20.9,300
SD5,20080509,21.7,21.7,21.7,21.7,300
SD5,20080508,22.5,22.5,22.5,22.5,100
SD5,20080507,23.3,23.3,23.3,23.3,700
SD5,20080506,24.1,24.1,24.1,24.1,600
SD5,20080505,25,25,25,25,1300
SD5,20080429,26.5,27,25.3,25.9,8200
SD5,20080428,26,26.8,25.1,26.2,7100
SD5,20080425,26.1,26.1,26,26,6700
SD5,20080424,26.8,27.5,26.8,26.9,32100
SD5,20080423,28.6,28.6,26.8,26.8,16100
SD5,20080422,27.7,27.7,26.7,27.7,35000
SD5,20080421,26.8,26.8,26.8,26.8,6000
SD5,20080418,26.5,26.5,24.7,25.9,23800
SD5,20080417,24.1,25.9,24.1,25.6,25400
SD5,20080416,25,25,25,25,7000
SD5,20080411,25.9,25.9,25.9,25.9,3500
SD5,20080410,26.8,26.8,26.8,26.8,100
SD5,20080409,28.5,28.5,27.6,27.7,7900
SD5,20080408,29.4,29.4,27.4,28.6,33100
SD5,20080407,28.4,28.4,28.4,28.4,100
SD5,20080404,27.5,27.5,27.5,27.5,100
SD5,20080403,26.9,26.9,26.9,26.9,100
SD5,20080402,26.3,26.3,26.3,26.3,100
SD5,20080401,25.7,25.7,25.7,25.7,100
SD5,20080331,25.1,25.1,25.1,25.1,200
SD5,20080328,24.5,24.5,24.5,24.5,100
SD5,20080327,24,24,24,24,100
SD5,20080326,21.3,24.5,21.3,23.5,30100
SD5,20080325,24.2,24.2,24.2,24.2,1500
SD5,20080324,28,28,27.2,27.4,1200
SD5,20080321,33.5,33.5,30.1,30.8,14200
SD5,20080320,34.6,36,32.5,34,5700
SD5,20080319,34.5,40.5,32.7,36,15400
SD5,20080318,36.8,37.5,36.8,36.9,8300
SD5,20080317,42,43,41.2,41.4,15100
SD5,20080314,47.5,47.5,45.6,46.3,6500
SD5,20080313,46.5,48.5,44.5,46.2,5100
SD5,20080312,37.7,47.1,37.7,44.4,12300
SD5,20080311,42.5,44,41.8,42.4,12900
SD5,20080310,48.2,48.2,44.5,47,32500
SD5,20080307,43.4,43.4,43.4,43.4,1600
SD5,20080306,39,39,39,39,3000
SD5,20080305,35,35.5,35,35,31300
SD5,20080304,40.7,40.7,39.4,39.5,5600
SD5,20080303,46.5,46.5,44,44.3,13700
SD5,20080229,49,51.5,48.6,49.4,8700
SD5,20080228,54.5,54.5,50.6,51.9,9900
SD5,20080227,51.3,56.5,51.3,53.2,14600
SD5,20080226,54.5,56.5,49.5,52.2,16200
SD5,20080225,53.4,53.5,53.4,53.5,7000
SD5,20080222,46.5,54.5,45,48.2,44500
SD5,20080221,51.5,51.5,50.5,50.6,8900
SD5,20080220,61.9,61.9,54.6,56.7,12700
SD5,20080219,59.5,63.5,59.5,61,10500
SD5,20080218,58.5,63.5,58.5,59.9,17200
SD5,20080215,63,65.5,63,64.4,8000
SD5,20080214,67.2,69.5,64.5,66.7,12400
SD5,20080213,68.5,69.5,65.5,67.2,9200
SD5,20080212,69.5,70.5,67.6,69.6,8500
SD5,20080201,71.5,77,71.5,74.2,28900
SD5,20080131,74.5,75.7,64.5,69.7,23100
SD5,20080130,67.5,68.5,67.5,68.4,28300
SD5,20080129,58.5,63,58.5,61.8,15000
SD5,20080128,60.5,60.5,57.5,59.1,4900
SD5,20080125,59.5,61,57.5,59.6,9900
SD5,20080124,64.5,64.5,58.5,61.5,13200
SD5,20080123,60.2,60.5,58.5,59.7,13100
SD5,20080122,62.5,64.5,62.5,62.8,13900
SD5,20080121,64.5,65,64.5,64.7,7400
SD5,20080118,64,67.5,62,65.6,17600
SD5,20080117,69.1,69.1,61.5,65.3,41000
SD5,20080116,56.5,62.7,54.5,62.4,17400
SD5,20080115,56.5,56.6,56.4,56.5,16800
SD5,20080114,64.5,66.5,61.4,63.2,12800
SD5,20080111,66.5,70.4,65.5,68.4,17900
SD5,20080110,69.5,71.4,62.7,64.6,16900
SD5,20080109,74.5,74.5,66.5,69.9,7300
SD5,20080108,75.5,76.5,71.5,74.4,15300
SD5,20080107,73.5,73.5,70.3,71.5,15900
SD5,20080104,78.5,80.5,77.5,78.7,11600
SD5,20080103,82.5,83,78.5,80.2,16500
SD5,20080102,88,88,83,85.1,7500
SD5,20071228,86.6,90.4,84.5,87.3,28700
SD5,20071227,89,91.5,88.5,90.3,6700
SD5,20071226,93.5,94.5,93,94.1,4800
SD5,20071225,99.1,99.1,90.5,94.2,4100
SD5,20071224,87.6,91.5,87.6,89.6,200
SD5,20071221,91.5,95.5,91.5,89.5,3500
SD5,20071220,98.9,98.9,84.5,89.5,2400
SD5,20071219,89.5,94,89.5,92.2,6300
SD5,20071218,81,89.5,80.9,85,4400
SD5,20071217,89.5,97.5,87.9,89.5,10900
SD5,20071214,99.5,99.5,97.5,98.2,2200
SD5,20071213,96.5,96.5,94.6,95,500
SD5,20071212,101.8,101.8,98.5,100.1,7900
SD5,20071211,99.5,99.5,98.5,99.1,2500
SD5,20071210,103.5,103.5,100.6,101.8,3000
SD5,20071207,106.5,106.5,104.5,106.1,8400
SD5,20071206,102.5,106.5,102.5,105,1300
SD5,20071205,99.5,107.5,99.5,103.8,6700
SD5,20071204,101.5,110.2,100.6,107.9,17300
SD5,20071203,99.5,100.7,98.5,99.7,3300
SD5,20071130,100.5,100.5,97.5,99.1,2900
SD5,20071129,99.5,100.4,98.5,99,3300
SD5,20071128,97.1,98.5,94.5,95.6,3300
SD5,20071127,94.5,101.5,94.5,97.4,7900
SD5,20071126,97.5,97.5,95.5,97.1,4900
SD5,20071123,104.5,104.5,97.5,99.6,1400
SD5,20071122,100.5,104.5,100.5,102.7,3400
SD5,20071121,102.5,104.5,97.5,100.6,12900
SD5,20071120,110.5,113.1,100,105.2,11400
SD5,20071119,94.5,103.4,94.5,102.4,13500
SD5,20071116,97.4,97.4,91.5,93.5,5600
SD5,20071115,101,101,90.5,94.7,7700
SD5,20071114,84.5,98.6,79.8,91.4,6200
SD5,20071113,88.8,89.5,88.8,89.2,3900
SD5,20071112,96.5,101.5,96.5,99.2,6800
SD5,20071109,111.5,111.5,102.5,106.1,5400
SD5,20071108,114.5,114.5,112.5,113.6,3100
SD5,20071107,112.5,124,112.5,119.5,11800
SD5,20071106,105.5,114.5,105.5,112.5,13500
SD5,20071105,118.5,125,110.5,115.8,4500
SD5,20071102,120.5,131,117.5,121.9,9200
SD5,20071101,99.6,121.1,99.6,119.3,5300
SD5,20071031,107.3,117.4,107.2,109.6,8000
SD5,20071030,119.5,129.5,115.5,119.4,13600
SD5,20071029,125,139.5,125,128.4,32900
SD5,20071026,154.8,154.8,125.8,139.5,31200
SD5,20071025,141.1,141.1,114.5,140.3,37800
SD5,20071024,119.7,132.2,118.5,127.8,29000
SD5,20071023,122.7,122.7,113.5,119.7,33000
SD5,20071022,109.5,114.5,108.5,111.1,38500
SD5,20071019,89,109.8,89,105,34800
SD5,20071018,99.4,99.4,99.4,99.4,4700
SD5,20071017,118.5,118.8,96.2,111,26700
SD5,20071016,107.5,107.5,107.5,107.5,3300
SD5,20071015,95.5,97.9,92.5,97.3,15100
SD5,20071012,87.5,89.5,86.5,88.5,27000
SD5,20071011,78.8,86,78.8,83.6,17400
SD5,20071010,74.4,83.5,74.3,78.8,14100
SD5,20071009,87.4,87.4,75.6,80.9,20900
SD5,20071008,85.6,85.6,76.5,84.6,61300
SD5,20071005,77.4,77.4,77.4,77.4,22500
SD5,20071004,69.9,69.9,69.9,69.9,4200
SD5,20071003,63.1,63.1,63.1,63.1,3900
SD5,20071002,56.9,56.9,56.9,56.9,1000
SD5,20071001,51.3,51.3,51.3,51.3,200
SD5,20070928,46.2,46.2,46.2,46.2,1300
SD5,20070927,17.9,18.1,17.5,41.2,59564
SD5,20070926,17.5,17.9,17.5,41.2,38274
SD5,20070925,17.2,17.5,17.2,40.3,46886
SD5,20070924,16.8,17.2,16.6,39,48321
SD5,20070921,18.2,18.5,16.3,39.8,49039
SD5,20070920,17.9,17.9,16.7,40.3,80376
SD5,20070919,17.5,17.5,16.3,39.4,74396
SD5,20070918,16,16,16,33.7,10286
SD5,20070917,14.3,15.3,13.7,33.7,9569
SD5,20070914,14.5,14.8,13.9,32.9,2631
SD5,20070913,15.8,16,15,35.4,10765
SD5,20070912,16.7,17.6,15.8,38.4,12439
SD5,20070911,16.3,16.4,15.4,37.7,44972
SD5,20070910,14.4,15.2,14.3,34.6,30619
SD5,20070907,13.1,14.2,13.1,32,15310
SD5,20070906,13,13.1,13,29.8,2392
SD5,20070905,13,13,12.8,29.7,4306
SD5,20070904,13,13,13,29.8,1914
SD5,20070831,13,13,13,29.8,478
SD5,20070829,13,13,13,29.8,3110
SD5,20070823,13.3,13.3,13.3,30.5,239
SD5,20070817,13.6,13.6,13.6,31.3,2631
SD5,20070816,13.7,13.7,13.7,31.5,239
SD5,20070813,14,14.9,13.9,33.5,1674
SD5,20070810,13.6,13.7,13.6,31.5,2392
SD5,20070809,13.6,13.6,13.6,31.3,2631
SD5,20070808,13.6,13.7,13.6,31.4,3349
SD5,20070806,13.7,13.7,13.7,31.6,478
SD5,20070803,13.7,14,13.7,31.8,4545
SD5,20070802,14.3,14.3,14.3,32.9,2392
SD5,20070801,14.2,14.2,14.2,32.6,239
SD5,20070730,14,14,14,32.2,239
SD5,20070727,13.7,13.7,13.7,31.6,239
SD5,20070726,14.4,14.4,13.3,31,2153
SD5,20070725,13.7,13.7,13.7,31.6,1435
SD5,20070724,13.7,13.7,13.7,31.6,2631
SD5,20070723,14.4,14.4,14.4,33.1,239
SD5,20070720,14.2,14.4,14.2,32.9,1196
SD5,20070719,13.7,13.8,13.6,31.5,3349
SD5,20070718,13.7,14.5,13.7,32.7,10047
SD5,20070713,13.3,13.8,13.3,31.6,5741
SD5,20070712,13.7,13.7,13.7,31.6,2392
SD5,20070711,14.5,14.5,13.9,32.3,2392
SD5,20070710,13.3,13.3,13.3,30.6,6459
SD5,20070709,12.2,12.4,11.8,27.9,3827
SD5,20070706,11.8,12.7,11.8,28.5,7655
SD5,20070705,13.9,13.9,12.6,29.4,14353
SD5,20070704,13.6,14.9,13.6,32,32533
SD5,20070703,15,15,15,34.6,239
SD5,20070702,14.8,15.1,14.8,34.4,1196
SD5,20070629,15.1,15.1,14.7,34.2,9808
SD5,20070628,15.2,15.2,15.2,36.2,2392
SD5,20070627,15.7,15.7,15.1,35.4,5741
SD5,20070626,16.1,16.3,15.4,35.9,7176
SD5,20070625,15.7,15.7,15.6,36.2,3110
SD5,20070622,15.9,15.9,15.7,36.7,10047
SD5,20070621,16.1,16.1,16,37.3,3588
SD5,20070620,17.3,17.3,16.1,38.5,9090
SD5,20070619,15.8,15.8,15.8,36.6,5980
SD5,20070618,16.4,16.4,16,37.4,2631
SD5,20070615,16.1,16.1,16,37.3,6220
SD5,20070614,16.6,16.6,15.9,37.3,21529
SD5,20070613,19,19,16.9,40.8,27510
SD5,20070612,19.2,19.2,17,43.5,46408
SD5,20070611,17.6,17.6,17.6,40.8,51670
SD5,20070608,15.2,16.2,15.2,37.2,94968
SD5,20070607,14.8,14.9,14.7,34.1,14114
SD5,20070606,14.5,14.9,14.5,34.3,2631
SD5,20070604,14.9,14.9,14.9,34.5,478
SD5,20070601,14.9,14.9,14.5,34.3,7894
SD5,20070531,14.9,14.9,14.7,34.2,14592
SD5,20070530,15,15,14.5,33.9,15788
SD5,20070529,15.2,15.4,14.9,35.1,32772
SD5,20070528,14.8,14.9,14.6,34.2,17941
SD5,20070525,13.9,14.5,13.9,32.3,6698
SD5,20070524,13.9,13.9,13.7,31.9,8851
SD5,20070523,15.1,15.1,14.8,34.7,56933
SD5,20070522,13.8,13.8,13.8,31.7,2871
SD5,20070521,12.2,13,12.2,28.9,13396
SD5,20070518,11.8,12,11.8,27.3,3349
SD5,20070517,11.8,11.8,11.8,26.9,239
SD5,20070515,12.2,12.2,11.9,27.4,5263
SD5,20070511,11.6,11.9,11.6,26.8,8612
SD5,20070510,11.8,11.8,11.5,26.2,3349
SD5,20070509,12.4,12.4,12.2,28.1,2631
SD5,20070508,11.8,12.2,11.8,27.6,13874
SD5,20070507,11.9,11.9,11.7,27,1914
SD5,20070504,11.8,11.9,11.8,27,4784
SD5,20070503,12.1,12.2,12.1,27.9,2392
SD5,20070502,11.8,12.2,11.6,27,2392
SD5,20070425,11.5,11.8,11.5,26.7,3827
SD5,20070424,11.5,11.5,11.2,25.9,7655
SD5,20070423,12.5,12.5,12.2,28.1,10286
SD5,20070420,13.4,14.3,13.4,30.9,11721
SD5,20070419,14.8,14.8,14.8,34.2,5023
SD5,20070418,16.3,16.3,16.3,37.9,1914
SD5,20070417,18,18,18,41.9,1196
SD5,20070416,16.5,16.5,16.4,38.2,16745
SD5,20070413,15.1,15.1,15.1,34.8,1196
SD5,20070412,13.6,14.5,13.3,31.8,11482
SD5,20070411,13.6,13.9,13.4,31.4,4545
SD5,20070410,16,16,14.6,34.1,5023
SD5,20070406,16,16,16,37,239
SD5,20070404,16,16,16,37,1196
SD5,20070403,16,16,16,37,718
SD5,20070402,17.5,18.2,16.9,40.3,11961
SD5,20070330,17.2,17.2,16,39.2,7894
SD5,20070329,15.2,16,15.2,36.3,7894
SD5,20070328,14.8,15.1,13.7,34.3,2871
SD5,20070326,15.2,15.2,14.3,35,2392
SD5,20070323,17.1,17.1,15.2,36.4,15070
SD5,20070322,16.7,16.7,16.6,38.8,6698
SD5,20070321,18.2,18.2,18.2,42.4,12200
SD5,20070319,19.8,19.8,19.8,46,8612
SD5,20070319,19.8,19.8,19.8,46,8612
SD5,20070316,18.7,20.2,18.7,44.2,16506
SD5,20070314,19.6,21.1,19.6,48.7,10286
SD5,20070313,21.4,21.8,21.4,51.2,5263
SD5,20070312,21.8,21.8,21.8,51.4,239
SD5,20070309,20.4,21.5,20.4,49.4,3588
SD5,20070308,22.5,22.5,22.5,53.2,239
SD5,20070307,21.7,21.7,21.5,51,13396
SD5,20070306,19.9,19.9,19.1,46.6,9090
