<Ticker>,<DTYYYYMMDD>,<Open>,<High>,<Low>,<Close>,<Volume>
SDA,20100729,38.4,38.5,37.7,38.4,28700
SDA,20100728,38,38,37.4,37.6,24400
SDA,20100727,39,40,38.6,39.1,32400
SDA,20100726,39.6,39.6,38.7,39,18500
SDA,20100723,40,40,39.4,39.6,30500
SDA,20100722,40,40,39.2,39.5,32000
SDA,20100721,41.4,41.9,39.9,40.3,61600
SDA,20100720,41.7,42,40.6,41.4,43700
SDA,20100719,41.4,42.2,41.2,41.6,94700
SDA,20100716,40.6,42,40.6,41.4,33700
SDA,20100715,42.5,43.3,41.4,42.5,88600
SDA,20100714,43,43.6,40.8,42.6,115300
SDA,20100713,39,41.3,39,40.8,158300
SDA,20100712,37.6,39.3,37.6,38.6,24300
SDA,20100709,37.5,38,37.4,37.6,30300
SDA,20100708,38.2,38.2,37,37.5,46300
SDA,20100707,38,38,36.8,37.1,40100
SDA,20100706,37.5,38,37.3,37.5,27700
SDA,20100705,39.5,39.5,38.9,39.1,35700
SDA,20100702,39.4,39.5,38.3,38.8,60700
SDA,20100701,39.1,39.1,37.5,38.9,140600
SDA,20100630,37.9,37.9,36.3,36.6,117300
SDA,20100629,38.7,39.1,37.9,38.4,52000
SDA,20100628,38.8,38.8,37.9,38.1,58600
SDA,20100625,38.3,39.2,38,38.3,42300
SDA,20100624,40.4,40.4,39.2,39.6,55200
SDA,20100623,38.8,39.4,38.3,39,40500
SDA,20100622,39.9,39.9,38.7,39.1,78600
SDA,20100621,40,40,39.3,39.8,70300
SDA,20100618,41.3,41.3,38.3,39.4,59000
SDA,20100617,40.7,40.7,38.4,39.8,113800
SDA,20100616,40,41.3,40,40.7,68000
SDA,20100615,38.6,40,38.1,39,124700
SDA,20100614,37.9,38.3,37.5,37.9,58100
SDA,20100611,37.9,37.9,36.9,37.5,84400
SDA,20100610,35.8,37.1,35.8,36.6,31700
SDA,20100609,37.5,37.5,35.7,36.2,68400
SDA,20100608,35,36.7,35,35.9,76600
SDA,20100607,35.8,35.8,34.8,35.1,78400
SDA,20100604,37.5,38.2,36.8,37.4,56800
SDA,20100603,39.2,39.2,37.1,37.5,74000
SDA,20100602,35.4,37.8,35.4,37.1,26900
SDA,20100601,36.7,39.2,35.8,37.3,65800
SDA,20100531,37.7,39.2,36.8,37.6,44900
SDA,20100528,38.8,39.3,38.8,39.3,225400
SDA,20100527,35.8,37.7,35.5,36.8,97500
SDA,20100526,34.4,35.8,34.4,35.5,71700
SDA,20100525,32.5,34.9,32.5,33.5,113400
SDA,20100524,33.7,35,32.3,34.2,59000
SDA,20100521,36.3,36.3,34.3,34.7,163800
SDA,20100520,34.2,39,34,36.8,91200
SDA,20100519,38.3,38.3,36.3,36.5,239300
SDA,20100518,39.6,39.6,38.5,39,345200
SDA,20100517,41.7,41.7,39.2,40.2,49400
SDA,20100514,41.9,42.1,41.1,41.5,92500
SDA,20100513,40.4,42.5,40.4,41.3,121000
SDA,20100512,41.8,44.2,40.8,40.9,150400
SDA,20100511,46.6,46.7,42.8,43.8,184100
SDA,20100510,47.1,47.5,44.2,45.8,160100
SDA,20100507,47.5,47.5,45.4,46,159400
SDA,20100506,46.7,48.3,46.7,47.3,150600
SDA,20100505,46.6,47.3,45.8,46.4,132300
SDA,20100504,44.2,48.6,44.2,47.3,206900
SDA,20100429,46.3,48.3,46.3,47.4,235600
SDA,20100428,48.3,48.3,46.8,47.3,177000
SDA,20100427,47.9,48.3,46.9,47.6,147400
SDA,20100426,48.3,48.8,46.7,47.6,152500
SDA,20100422,53,53.7,47.5,50,262600
SDA,20100421,48.3,51.1,47.9,50.3,546800
SDA,20100420,47.5,48.8,47.2,47.8,232500
SDA,20100419,47.2,48.3,45.8,47.2,226400
SDA,20100416,48.8,49.2,46.7,47.2,220800
SDA,20100415,45.8,48.4,45.6,47.3,349000
SDA,20100414,43.9,46.3,43.9,45.3,174300
SDA,20100413,47.1,47.1,44.2,45.3,139300
SDA,20100412,46.7,48.3,45.1,46.4,303800
SDA,20100409,45.8,50.3,45.8,47.4,197500
SDA,20100408,46.7,49.6,46,49,406100
SDA,20100407,46.6,47.4,45.4,46.4,251500
SDA,20100406,46.8,46.8,45.8,46.8,660600
SDA,20100405,42.9,43.9,42.9,43.8,124800
SDA,20100402,40,41.7,40,41.1,276200
SDA,20100401,39.8,40.4,38.3,39.5,128100
SDA,20100331,40.4,40.4,38.8,39.5,83800
SDA,20100330,41.7,42.1,38.3,40.8,109600
SDA,20100329,38.3,40.5,38.3,40.3,285300
SDA,20100326,38.3,39.2,36.8,37.9,108100
SDA,20100325,39.6,40,37.3,37.9,174400
SDA,20100324,39.2,40.4,39.2,40,157100
SDA,20100323,40.8,40.8,38.8,39.6,80300
SDA,20100322,40.8,42,40.4,40.8,91500
SDA,20100319,42.1,42.9,40.8,41.7,140300
SDA,20100318,41.7,42.5,40.4,41.3,131700
SDA,20100317,41.7,43.3,40,41.3,206300
SDA,20100316,42.5,43.8,41.3,41.8,285000
SDA,20100315,47,47.3,43.3,44.3,175000
SDA,20100312,44.2,47.1,44.2,45.6,177200
SDA,20100311,42.7,44.7,41.9,44.5,291400
SDA,20100310,40.8,43.4,39.6,41.8,431900
SDA,20100309,40.8,41.6,39.6,40.6,217900
SDA,20100308,41.3,42.5,40.8,41.5,146100
SDA,20100305,40,41,38.4,40.1,239000
SDA,20100304,39.2,40.4,38.4,40.1,193000
SDA,20100303,36.7,38.3,36.7,37.8,133700
SDA,20100302,35.9,35.9,35,35.8,296900
SDA,20100301,32.5,34.3,32.5,33.6,168500
SDA,20100226,31.8,32.5,31.8,32.1,18300
SDA,20100225,31.9,32.1,31.8,31.9,5200
SDA,20100224,30.8,32,30.8,31.4,15800
SDA,20100223,31.9,32.1,31,31.4,42600
SDA,20100222,33.3,34.8,32.9,33.3,17500
SDA,20100212,33.8,33.8,32.5,33.1,9200
SDA,20100211,32.1,32.9,32.1,32.4,14600
SDA,20100210,31.7,32.1,31.5,31.7,24500
SDA,20100209,31.8,31.8,31.3,31.5,13100
SDA,20100208,31.8,32.4,31.7,31.8,29800
SDA,20100205,33.3,33.3,31.7,32.4,37000
SDA,20100204,32.9,33.5,32.5,33.2,52200
SDA,20100203,32.4,32.9,32.3,32.6,20500
SDA,20100202,33.3,33.3,31.7,32.3,50900
SDA,20100201,33.3,33.3,32.5,32.9,27800
SDA,20100129,32.1,32.8,32,32.3,22400
SDA,20100128,32.9,33.3,32.1,32.5,37300
SDA,20100127,36.7,36.9,32.5,34.1,71000
SDA,20100126,34.1,34.7,34.1,34.6,28900
SDA,20100125,32.5,32.9,31.6,32.4,25900
SDA,20100122,30.8,33.3,30.3,31.8,41700
SDA,20100121,34.2,34.2,32.2,32.6,186700
SDA,20100120,38.3,38.3,33.7,34.6,70800
SDA,20100119,35.8,37.1,35.8,36.2,102400
SDA,20100118,36.3,36.3,36,36,57900
SDA,20100115,39.8,40,36.3,38.7,118400
SDA,20100114,38.8,38.8,38.3,38.8,114300
SDA,20100113,36.7,39.2,34.6,36.3,151200
SDA,20100112,39.2,39.3,36.6,37.2,163000
SDA,20100111,39.2,41.7,38.4,39.3,78700
SDA,20100108,39.2,42.7,37.8,41.1,169200
SDA,20100107,40.4,41.5,38.3,39.9,262400
SDA,20100106,40,43.2,39.5,40.9,343000
SDA,20100105,43,43,37.6,42.3,283700
SDA,20100104,38.3,40.6,38.3,40.3,66900
SDA,20091231,37.5,38.3,36,38,215800
SDA,20091230,33.8,36.3,32.1,35.8,277900
SDA,20091229,33.5,34.8,32.8,33.9,162600
SDA,20091228,34.6,34.6,32.5,34.3,191700
SDA,20091225,32.3,32.3,32.3,32.3,25200
SDA,20091224,28.9,30.9,28.3,30.3,107000
SDA,20091223,27.8,30.4,26.7,28.9,187100
SDA,20091222,29,29.1,27.1,28.5,107300
SDA,20091221,27.1,27.3,26.7,27.3,46900
SDA,20091218,24.2,25.7,24.2,25.5,83900
SDA,20091217,24.1,24.9,24,24,97200
SDA,20091216,27.5,27.5,25.5,25.8,20800
SDA,20091215,28.5,28.5,26.7,27.4,29900
SDA,20091214,25,28.4,25,27.6,64500
SDA,20091211,27.5,27.5,26.6,26.7,67600
SDA,20091210,29.2,30,27.8,28.6,59400
SDA,20091209,30,30.2,29.8,29.8,48500
SDA,20091208,33.8,33.8,31.5,32,72100
SDA,20091207,34.2,34.2,33.2,33.8,51300
SDA,20091204,34.6,34.6,33.3,33.7,29300
SDA,20091203,32.6,34.2,32.5,33.3,85900
SDA,20091202,35.8,35.8,32.9,34.6,92500
SDA,20091201,34.6,35.3,34.6,35.2,127100
SDA,20091130,30.9,33.8,30.9,33,76000
SDA,20091127,30.8,34.9,30.8,31.6,215300
SDA,20091126,33,33.3,33,33.1,32500
SDA,20091125,35.9,37.4,34.9,35.4,157500
SDA,20091124,39.2,39.9,36.9,37.5,128900
SDA,20091123,42.1,42.1,39.2,39.7,121100
SDA,20091120,42.1,43.2,41.1,42.1,108700
SDA,20091119,43.3,43.7,42.1,42.8,190200
SDA,20091118,42.5,43.3,40.3,41.8,198300
SDA,20091117,44.8,44.9,42.2,43.3,197000
SDA,20091116,40.5,42.2,40.4,42,229400
SDA,20091113,35.8,40.6,35.8,39.4,224200
SDA,20091112,38.2,38.4,36.7,38,144500
SDA,20091111,34.6,37.4,34.3,35.9,131300
SDA,20091110,38.6,38.6,35.8,36.3,142400
SDA,20091109,39.6,39.9,38.3,38.5,53900
SDA,20091106,41.5,41.6,39.3,41.2,213700
SDA,20091105,36.7,40.4,36.7,38.9,271700
SDA,20091104,37.8,40.3,37.8,38.1,178200
SDA,20091103,43.3,43.4,40.3,40.7,88000
SDA,20091102,45.8,45.8,43.3,43.3,74400
SDA,20091030,46.7,47,44.3,46.5,306400
SDA,20091029,47,47,43.8,44,149500
SDA,20091028,41.8,47.8,41.8,47,255900
SDA,20091027,45.4,45.8,44.7,44.8,234600
SDA,20091026,49.8,49.9,46.9,48,183600
SDA,20091023,53.2,54.7,49.8,50.4,248400
SDA,20091022,53.1,56.7,53.1,53.4,400300
SDA,20091021,59.6,59.6,55.4,57,262000
SDA,20091020,62.5,62.5,57.5,59.6,242000
SDA,20091019,54.8,62.9,54.8,59.4,500100
SDA,20091016,60.8,60.8,58.8,58.8,197000
SDA,20091015,64.2,64.2,60.8,63.1,616000
SDA,20091014,60.3,60.3,57.5,60,615900
SDA,20091013,56.3,56.3,56.3,56.3,303000
SDA,20091012,52.7,52.7,52.7,52.7,78600
SDA,20091009,49.3,49.3,49.2,49.3,234100
SDA,20091008,45,48.6,44.2,46.1,545900
SDA,20091007,46.9,46.9,41.7,46.6,586000
SDA,20091006,43.9,43.9,43.3,43.9,415400
SDA,20091005,40.4,41.1,40.4,41.1,457700
SDA,20091002,40.8,41.6,36.1,38.4,480600
SDA,20091001,37.1,39,36.7,38.8,596700
SDA,20090930,34.2,36.9,34.2,36.4,566100
SDA,20090929,37.1,37.5,33.8,34.5,148600
SDA,20090928,35.2,35.2,34.2,35,256600
SDA,20090925,30.5,33.3,30.3,32.8,437300
SDA,20090924,33.3,33.3,30.7,31.1,195800
SDA,20090923,31.7,33,31.3,32.8,443100
SDA,20090922,30,31.7,29,30.8,253600
SDA,20090921,29.4,30.3,29.3,30.1,315800
SDA,20090918,27.9,28.8,27.8,28.3,88100
SDA,20090917,27.7,28.3,27.3,27.7,53800
SDA,20090916,29.8,30,28.3,28.8,109700
SDA,20090915,30,30.3,28.7,29.4,181500
SDA,20090914,27.1,28.7,27.1,28.4,261300
SDA,20090911,27.1,27.3,26.4,26.8,40200
SDA,20090910,26.5,26.7,25.9,26.5,82300
SDA,20090909,27.1,27.1,25.9,26.5,66400
SDA,20090908,26.5,27.1,26.3,26.7,48800
SDA,20090907,27.1,27.1,25.2,25.6,55400
SDA,20090904,27.5,28.3,26.3,27.1,149500
SDA,20090903,29.6,29.6,27.9,28.3,121500
SDA,20090901,31.3,31.3,29.2,29.7,139500
SDA,20090831,29.6,29.6,28.3,29.5,123300
SDA,20090828,26.7,27.8,26.6,27.7,329100
SDA,20090827,26.3,26.3,25.4,26,69400
SDA,20090826,26.7,26.8,25.8,26.3,91600
SDA,20090825,26.7,26.7,25.5,26.1,37900
SDA,20090824,26.3,26.6,25.9,26.3,135600
SDA,20090821,26.3,26.4,24.7,25.9,177400
SDA,20090820,25,25,24.6,24.7,69500
SDA,20090819,24.2,25,24.2,24.6,56700
SDA,20090818,24.2,24.3,23.3,24,48900
SDA,20090817,24.1,25.2,23.3,24.4,59700
SDA,20090814,23.8,24.6,23.7,24.2,62700
SDA,20090813,25.8,27.4,24.2,25.4,68300
SDA,20090812,26,26.1,25,26,209600
SDA,20090811,23.3,24.8,23.3,24.3,117600
SDA,20090810,22.9,23.6,22.9,23.2,80300
SDA,20090807,21.7,22.8,21.7,22.5,14500
SDA,20090806,22.9,23.2,22.1,22.8,51700
SDA,20090805,22.6,22.7,22.1,22.5,25600
SDA,20090804,22.6,23,22.3,22.6,44700
SDA,20090803,22.5,23.3,22.3,22.6,16400
SDA,20090731,22.5,23,22.4,22.8,53200
SDA,20090730,21.7,22.3,21.3,21.5,11400
SDA,20090729,22.4,22.9,21.9,22.4,67200
SDA,20090728,24.2,24.2,22.1,23.1,65000
SDA,20090727,24.4,24.4,22.8,23.8,66700
SDA,20090724,22.8,22.8,22.8,22.8,25700
SDA,20090723,20,22.5,20,21.3,48800
SDA,20090722,21.4,21.4,20.8,21,15800
SDA,20090721,21.3,21.3,20.6,20.9,27800
SDA,20090720,20.6,21.3,20.4,20.6,16900
SDA,20090717,22.2,22.2,21.1,21.7,19000
SDA,20090716,22.1,22.8,21.7,22.1,38000
SDA,20090715,21.7,21.7,21.1,21.4,14900
SDA,20090714,21.2,21.3,20.8,21,49900
SDA,20090713,22.1,22.2,21.1,21.4,34500
SDA,20090710,23.1,23.8,22,22.4,45600
SDA,20090709,21.5,23,21.5,22.9,103500
SDA,20090708,20.6,21.9,20.6,21.5,38300
SDA,20090707,23,23,21.3,22,56200
SDA,20090706,21,21.7,21,21.5,11700
SDA,20090703,19.2,20.8,19.2,20.3,19300
SDA,20090702,19.6,21.6,19.3,20.2,88500
SDA,20090701,21.1,21.2,20.4,20.5,67700
SDA,20090630,23.8,23.8,21.6,22,39500
SDA,20090629,24.2,24.2,22.9,23.3,28700
SDA,20090626,24.8,24.8,22.9,24,27500
SDA,20090625,25.8,25.8,22.7,24.3,88300
SDA,20090624,21.7,24.8,21.7,24.3,58300
SDA,20090623,23.2,23.3,23.2,23.2,50800
SDA,20090622,25.8,25.8,24.9,24.9,22000
SDA,20090619,28.3,28.3,25.5,26.8,68700
SDA,20090618,26.3,26.4,26.3,26.4,35800
SDA,20090617,24.2,26.1,24.2,24.7,211500
SDA,20090616,26,27.2,26,26,30400
SDA,20090615,28.8,28.8,28,28,97000
SDA,20090612,30.8,31.7,28.8,30.1,202800
SDA,20090611,28.8,31,28.7,30.3,373200
SDA,20090610,31,31.1,30.8,30.8,27600
SDA,20090609,36.7,36.7,32.4,33.2,133100
SDA,20090608,34.8,34.8,34.3,34.8,350800
SDA,20090605,32.5,32.5,32.1,32.5,271300
SDA,20090604,28.8,30.8,28.3,30.3,322900
SDA,20090603,28.4,29.2,28.2,28.8,223900
SDA,20090602,29.2,29.2,27.5,28.3,253800
SDA,20090601,27.6,27.8,26.3,27.3,149400
SDA,20090529,25,26.5,24.2,26.1,286400
SDA,20090528,25,25,24.7,24.8,188600
SDA,20090527,28.8,28.8,25.9,26.2,191000
SDA,20090526,30,30,26.7,27.9,133300
SDA,20090525,28.3,28.8,26.7,28.3,409000
SDA,20090522,26.9,26.9,26.9,26.9,632100
SDA,20090521,25.2,25.2,25.2,25.2,78400
SDA,20090520,22.6,24.2,22.1,23.5,295500
SDA,20090519,23.3,23.3,22.3,22.6,108600
SDA,20090518,22.3,22.3,21.8,22.2,49700
SDA,20090515,21.7,22.3,20.8,22.2,145900
SDA,20090514,20.4,21.3,20.2,20.8,53100
SDA,20090513,22.5,22.5,21.3,21.7,73600
SDA,20090512,21.3,22.5,21.1,21.8,71600
SDA,20090511,21.8,22.8,20.8,21.8,78800
SDA,20090508,21.3,22.1,21.3,21.7,90900
SDA,20090507,22.8,22.8,21.7,22.4,134400
SDA,20090506,22.2,22.5,20.7,21.3,113900
SDA,20090505,22.5,22.5,21.3,22.3,136200
SDA,20090504,21,21,21,21,2800
SDA,20090429,19,19.8,18.7,19.6,74600
SDA,20090428,17.9,19.2,17.9,18.5,64200
SDA,20090427,18.4,19.2,17.5,17.9,38300
SDA,20090424,19.2,19.6,18,18.4,41900
SDA,20090423,20,20.8,18.8,19.4,30700
SDA,20090422,19.2,20.3,19.2,20.1,134700
SDA,20090421,18.9,20,18.9,18.9,154500
SDA,20090420,20.3,20.3,20.3,20.3,6600
SDA,20090417,23.6,23.6,21.8,21.9,69000
SDA,20090416,26.3,26.3,22.9,23.5,176200
SDA,20090415,25,26.3,24.3,24.7,169500
SDA,20090414,26.7,26.7,24.2,26.2,327300
SDA,20090413,24.9,24.9,24.9,24.9,27200
SDA,20090410,23.3,23.3,23.3,23.3,20100
SDA,20090409,21.6,21.8,20.8,21.8,204500
SDA,20090408,20.8,20.8,19.2,20.4,282000
SDA,20090407,19.4,19.4,19.4,19.4,77200
SDA,20090403,18.2,18.2,18.2,18.2,23000
SDA,20090402,16.9,17.1,16.7,17,111000
SDA,20090401,16,16.1,15.4,15.9,60100
SDA,20090331,14.4,15.8,14.4,15,30100
SDA,20090330,15.8,15.8,14.9,15.4,25700
SDA,20090327,16.3,16.7,15.4,16,56100
SDA,20090326,15.8,16.4,15.7,16,70100
SDA,20090325,14.8,16,14.8,15.7,41000
SDA,20090324,15.2,15.6,15.2,15.6,62600
SDA,20090323,15,15,14.5,14.6,46000
SDA,20090320,15.8,16.2,15.2,15.6,61000
SDA,20090319,16.7,16.7,14.8,16.3,125600
SDA,20090318,15.6,15.6,15.6,15.6,22100
SDA,20090317,13.8,14.7,13.8,14.6,53200
SDA,20090316,13.6,13.9,13.3,13.7,38400
SDA,20090313,13.6,14.1,13.2,13.6,36200
SDA,20090312,13.5,14.1,12.8,13.3,35700
SDA,20090311,13.5,13.5,13.4,13.5,39200
SDA,20090310,11.9,12.8,11.9,12.6,64700
SDA,20090309,11.9,12,11.8,11.8,36700
SDA,20090306,12,12.1,11.7,11.9,8200
SDA,20090305,12.3,12.4,11.9,12.1,15300
SDA,20090304,11.7,11.8,11.7,11.8,7800
SDA,20090303,11.6,11.6,11.5,11.6,8500
SDA,20090302,11.3,12,11.3,11.8,15400
SDA,20090227,11.7,12.1,11.7,11.9,17700
SDA,20090226,12.3,12.3,11.3,11.8,20300
SDA,20090225,11.8,11.9,11.8,11.9,21500
SDA,20090224,11.2,11.5,11,11.1,14700
SDA,20090223,12.5,12.5,11.6,11.7,28600
SDA,20090220,13.1,13.2,12.3,12.5,15600
SDA,20090219,13,13.1,12.8,13,18000
SDA,20090218,12.9,13.3,12.8,12.9,26800
SDA,20090217,13.8,13.8,13.6,13.7,11900
SDA,20090216,14.6,14.6,14.3,14.5,13700
SDA,20090213,14.6,14.7,14.2,14.5,7400
SDA,20090212,14.5,14.8,14.3,14.6,15900
SDA,20090211,14.2,14.5,13.8,14.1,4500
SDA,20090210,14.2,14.9,14.2,14.4,2400
SDA,20090209,14.6,15.1,14.6,14.8,19200
SDA,20090206,14.2,15.3,13.8,14.3,8100
SDA,20090205,14.8,15,14.7,14.8,12100
SDA,20090204,16.2,16.2,15.3,15.8,6900
SDA,20090203,15.8,15.8,15.4,15.6,20700
SDA,20090202,16.6,16.7,16,16.6,1200
SDA,20090123,15.6,16.8,15.6,16.6,7000
SDA,20090122,16,16.8,15.4,16.3,2200
SDA,20090121,15.9,16.3,15.9,16,11300
SDA,20090120,16.5,16.7,16.5,16.7,9400
SDA,20090119,17.2,17.3,17.1,17.2,11900
SDA,20090116,17.5,17.5,17.3,17.3,8000
SDA,20090115,17.4,17.5,17.1,17.3,7600
SDA,20090114,17.7,17.7,17.3,17.4,10500
SDA,20090113,17.3,17.8,17.3,17.4,7700
SDA,20090112,17.5,17.9,17.5,17.8,9600
SDA,20090109,18.2,18.3,17.9,18.1,7500
SDA,20090108,17.9,18.6,17.5,18.2,31100
SDA,20090107,18.3,18.8,18,18.5,68000
SDA,20090106,16.5,18.1,16.5,17.5,38900
SDA,20090105,17.3,17.5,16.7,16.9,4000
SDA,20090102,17.3,17.3,17.3,17.3,7000
SDA,20081231,18.3,18.3,16.8,17.7,15500
SDA,20081230,17.3,18.1,17.2,17.6,34800
SDA,20081229,16.7,17.4,16.7,17.3,15500
SDA,20081226,16.7,17.8,16.7,17.4,16200
SDA,20081225,17.9,17.9,17.3,17.6,11100
SDA,20081224,17.5,17.8,17.3,17.7,11600
SDA,20081223,18.3,18.3,17.8,17.8,53200
SDA,20081222,19.8,19.8,18.6,19.1,16200
SDA,20081219,18.3,18.9,17.9,18.7,36200
SDA,20081218,19.2,19.2,18.8,18.9,10500
SDA,20081217,18.8,19.4,18.3,19,7600
SDA,20081216,18.4,19.2,18.4,18.8,16500
SDA,20081215,19.8,19.9,19.4,19.8,54500
SDA,20081212,18.3,18.6,18.3,18.6,41000
SDA,20081211,15.9,17.9,15.9,17.3,22200
SDA,20081210,17.1,17.4,16.7,17.2,10300
SDA,20081209,17.5,18.5,17.1,17.8,7900
SDA,20081208,17.9,18.9,17.6,17.8,14500
SDA,20081205,19.1,19.1,18.7,18.9,8900
SDA,20081204,20,20,19.6,19.8,18800
SDA,20081203,20.4,20.4,19.3,19.8,2900
SDA,20081202,19.2,19.9,19.2,19.5,3100
SDA,20081201,21.1,21.1,19.9,20.2,17600
SDA,20081128,19.5,20,19.5,19.9,13500
SDA,20081127,18.8,19.4,18.3,18.7,8600
SDA,20081126,20.3,20.3,18.9,19.4,12500
SDA,20081125,20,20.8,19.9,20.2,12300
SDA,20081124,19.7,21.1,19.3,19.9,27500
SDA,20081124,19.7,21.1,19.3,19.9,27500
SDA,20081121,19.2,20.1,18.5,19.7,25100
SDA,20081120,20,20.4,19.7,19.8,49000
SDA,20081119,22.3,22.3,20.3,21.2,43900
SDA,20081118,21.8,22.4,21.3,21.9,19600
SDA,20081117,22.9,23.2,22.4,22.7,19500
SDA,20081114,24.3,24.3,22.9,23.7,21200
SDA,20081113,21.7,23.8,21.7,22.8,15100
SDA,20081112,22.4,24.3,22.3,22.8,64600
SDA,20081111,24.2,24.3,23.7,23.9,26200
SDA,20081110,25.4,26.6,23.8,25.5,54200
SDA,20081107,25,25.8,24.8,25.1,61900
SDA,20081106,24.5,28,24.3,26.8,138200
SDA,20081105,26.2,26.2,26.2,26.2,8600
SDA,20081104,23.3,24.5,23.3,24.4,29400
SDA,20081103,23.6,23.6,20.9,22.9,84700
SDA,20081031,21.8,22,21.7,22,37700
SDA,20081030,20.4,21,19.8,20.6,34900
SDA,20081029,19.8,19.8,18.4,19.6,52500
SDA,20081028,18.3,19.6,18.3,18.4,61400
SDA,20081027,20,20,19.8,19.8,14300
SDA,20081024,21.5,21.7,21.3,21.3,59600
SDA,20081023,22.9,23.3,22.8,22.8,31600
SDA,20081022,24.8,25,23.8,24.5,12400
SDA,20081021,26.3,26.3,24.5,25.2,32000
SDA,20081020,26.4,26.4,24.2,24.5,23600
SDA,20081017,25.1,25.2,23.8,24.7,27400
SDA,20081016,24.4,25,24.4,24.6,43600
SDA,20081015,26.8,26.9,25,26.3,66400
SDA,20081014,25.2,25.2,25.2,25.2,400
SDA,20081013,23.2,25.8,22.9,23.5,49800
SDA,20081010,24.7,24.7,24.7,24.7,9300
SDA,20081009,25.6,28.3,25.6,26.5,87200
SDA,20081008,27.5,28,27.5,27.5,59100
SDA,20081007,29.6,29.6,29.6,29.6,6200
SDA,20081006,31.8,31.9,31.8,31.8,18000
SDA,20081003,34.2,35,33.8,34.3,27700
SDA,20081002,35.8,36.3,34.4,35.4,52700
SDA,20081001,33.6,35.8,32.5,34.4,84200
SDA,20080930,33.6,33.6,33.6,33.6,1900
SDA,20080929,37.4,37.5,33.9,36.2,70900
SDA,20080926,35,35,33.8,35,115700
SDA,20080925,29.9,33.8,29.9,32.7,110800
SDA,20080924,33.8,33.8,30.6,32.1,94000
SDA,20080923,32.4,32.8,30.3,31.8,212600
SDA,20080922,30.7,30.7,30.7,30.7,1300
SDA,20080919,25.4,29.3,25.4,28.6,23200
SDA,20080918,27.3,27.3,27.3,27.3,20800
SDA,20080917,28.7,33,28.5,29.5,126500
SDA,20080916,31.5,34.6,30,30.8,150800
SDA,20080915,30.4,35.2,30.4,32.3,128500
SDA,20080912,32.8,32.8,32.8,32.8,13800
SDA,20080911,37,38.9,34.8,35.3,102800
SDA,20080910,38.3,40.2,35,37.5,107800
SDA,20080909,38.2,40.8,35.7,37.7,53500
SDA,20080908,37.9,40.2,37.9,38.2,97700
SDA,20080905,42.3,42.3,39.3,40.9,70700
SDA,20080904,42.9,42.9,38.3,42.3,225100
SDA,20080903,40,40,39.8,40,15900
SDA,20080829,36.9,40.8,36.9,37.3,194900
SDA,20080828,40.8,40.8,39.8,39.8,55100
SDA,20080827,42.1,43.5,40.6,42.9,226700
SDA,20080826,40.6,40.6,40.2,40.6,72900
SDA,20080825,37.9,37.9,36.4,37.9,50000
SDA,20080822,35.7,35.8,33.8,35.3,123000
SDA,20080821,30.7,34.5,30.7,33.4,161100
SDA,20080820,31.4,33.8,31.3,32.2,141200
SDA,20080819,35.3,35.3,30.6,33.8,130900
SDA,20080818,33,33,32.3,32.9,107000
SDA,20080815,30.8,30.8,30.8,30.8,17800
SDA,20080814,29.6,29.8,28.8,29.6,80000
SDA,20080813,29.8,29.8,27.4,28.7,126700
SDA,20080812,28.9,28.9,27.3,28.6,143800
SDA,20080811,27.1,27.8,27.1,27.8,76800
SDA,20080808,26.3,27.3,26,26.7,41900
SDA,20080807,27.3,27.6,25.5,27.1,102700
SDA,20080806,25.8,27.9,25.8,26.5,344800
SDA,20080805,26.8,27.7,25.5,26.8,112300
SDA,20080804,26.6,26.6,26.6,26.6,10800
SDA,20080801,25.6,25.6,25.4,25.6,77200
SDA,20080731,24.8,24.8,23.8,24.6,101000
SDA,20080730,23.8,23.8,22.6,23.8,345300
SDA,20080729,22.9,22.9,22.9,22.9,24000
SDA,20080728,21.3,22.1,20.6,22,37000
SDA,20080725,21.1,22,20.2,21.3,82300
SDA,20080724,19.8,21.5,19.8,21.1,204000
SDA,20080723,20.6,22.3,20.6,20.7,185300
SDA,20080722,21.5,21.5,21.5,21.5,300
SDA,20080721,23.3,23.3,21.5,22.3,95800
SDA,20080718,22.5,22.5,21.7,22.4,133400
SDA,20080717,21.6,21.6,21.6,21.6,800
SDA,20080716,20.8,20.8,19.3,20.8,270900
SDA,20080715,19.9,19.9,19.9,19.9,6900
SDA,20080714,19.2,19.2,19.2,19.2,1500
SDA,20080711,18.4,18.4,18.4,18.4,1000
SDA,20080710,17.7,17.7,17.7,17.7,11400
SDA,20080709,17,17,17,17,6700
SDA,20080708,17,17,15.6,16.3,121500
SDA,20080707,16.5,16.5,15.2,16.3,210200
SDA,20080704,15.8,15.8,15.8,15.8,8700
SDA,20080703,15.2,15.2,15.2,15.2,8200
SDA,20080702,14.7,14.7,13.7,14.6,109600
SDA,20080701,14.2,14.2,13.9,14.1,12300
SDA,20080630,12.8,13.8,12.8,13.6,56200
SDA,20080627,13.3,13.8,13.1,13.3,35600
SDA,20080626,14.4,14.4,13.3,13.7,31200
SDA,20080625,13.3,13.9,13.3,13.8,40300
SDA,20080624,13.2,13.9,12.8,13.3,27200
SDA,20080623,13,14.2,13,13.4,70500
SDA,20080620,13.6,13.6,13.6,13.6,2100
SDA,20080619,14.2,14.2,14.2,14.2,2700
SDA,20080618,15.1,15.1,14.2,14.8,55000
SDA,20080617,14.6,14.6,14.6,14.6,3800
SDA,20080616,14.2,14.2,14.2,14.2,15800
SDA,20080613,13.8,13.8,13.8,13.8,33700
SDA,20080612,13.1,13.5,12.7,13.3,67100
SDA,20080611,12.6,13.3,12.6,13.1,109100
SDA,20080610,12.9,12.9,12.9,12.9,8500
SDA,20080609,13.3,13.3,13.3,13.3,3000
SDA,20080606,13.8,13.8,13.8,13.8,100
SDA,20080605,14.3,14.3,14.3,14.3,700
SDA,20080604,14.7,14.7,14.7,14.7,100
SDA,20080603,15.2,15.2,15.2,15.2,300
SDA,20080602,15.7,15.7,15.7,15.7,200
SDA,20080530,16.2,16.2,16.2,16.2,1300
SDA,20080529,16.7,16.7,16.7,16.7,7900
SDA,20080528,17.2,17.2,17.2,17.2,300
SDA,20080527,17.8,17.8,17.8,17.8,100
SDA,20080522,18.9,18.9,18.9,18.9,200
SDA,20080521,19.5,19.5,19.5,19.5,400
SDA,20080520,20.2,20.2,20.2,20.2,100
SDA,20080519,20.8,20.8,20.8,20.8,400
SDA,20080516,21.4,21.4,21.4,21.4,17000
SDA,20080515,22.1,22.1,22.1,22.1,100
SDA,20080514,22.8,22.8,22.8,22.8,100
SDA,20080513,23.5,23.5,23.5,23.5,100
SDA,20080512,24.3,24.3,24.3,24.3,100
SDA,20080509,25.1,25.1,25.1,25.1,100
SDA,20080508,25.8,25.8,25.8,25.8,600
SDA,20080507,26.7,26.7,26.7,26.7,400
SDA,20080506,27.5,27.5,27.5,27.5,100
SDA,20080505,28.3,28.3,28.3,28.3,600
SDA,20080429,29.2,29.9,29.2,29.3,16300
SDA,20080428,29.9,31.3,29.9,30.1,54900
SDA,20080425,30.9,30.9,30.9,30.9,4500
SDA,20080424,31.8,32.5,31.8,31.8,29000
SDA,20080423,32.9,32.9,32.9,32.9,100
SDA,20080422,33.9,33.9,33.9,33.9,600
SDA,20080421,35,35,35,35,2500
SDA,20080418,37.3,37.7,35.7,36.1,13800
SDA,20080417,35.8,37.9,35.8,36.8,74500
SDA,20080416,36.8,36.8,36.8,36.8,6200
SDA,20080411,38,38,38,38,2400
SDA,20080410,39.3,39.3,39.3,39.3,100
SDA,20080409,41.5,41.5,40.3,40.4,10500
SDA,20080408,42.9,42.9,40.3,41.5,107200
SDA,20080407,41.6,41.6,41.6,41.6,5200
SDA,20080404,40.4,40.4,40.4,40.4,5100
SDA,20080403,39.6,39.6,39.6,39.6,6100
SDA,20080402,38.8,38.8,38.8,38.8,12200
SDA,20080401,38.1,38.1,38.1,38.1,10200
SDA,20080331,37.3,37.3,37.3,37.3,100
SDA,20080328,36.6,36.6,36.6,36.6,500
SDA,20080327,35.9,35.9,35.9,35.9,500
SDA,20080326,31.8,37,31.8,35.2,61300
SDA,20080325,36,36,35.4,35.4,8700
SDA,20080324,39.6,40.2,39.3,39.6,15100
SDA,20080321,46,46.6,43.3,43.8,61600
SDA,20080320,48.8,49.7,46.6,48.2,49600
SDA,20080319,49.8,51.1,44.7,48.8,42000
SDA,20080318,49.8,49.8,47.9,48,85500
SDA,20080317,57.7,57.7,52.8,53.4,68000
SDA,20080314,58.2,59.6,58.2,58.8,43700
SDA,20080313,62.1,62.1,58.5,60.1,27900
SDA,20080312,55.6,61.3,55.6,59.7,44700
SDA,20080311,61.3,61.3,56.8,57.7,68000
SDA,20080310,64.4,64.4,56.3,63.3,181000
SDA,20080307,58.5,58.5,58.5,58.5,53600
SDA,20080306,49.8,53.3,49.8,53,12300
SDA,20080305,48.1,53.3,48.1,48.3,94300
SDA,20080304,54,54,53.5,53.5,8500
SDA,20080303,64.9,66.5,58.3,59.6,77700
SDA,20080229,67.1,67.1,64,64.9,47400
SDA,20080228,66.5,69,65.8,67.1,51000
SDA,20080227,63.9,72.3,63.3,67.5,41200
SDA,20080226,77.3,78.7,65.9,68.2,48900
SDA,20080225,69,73.8,69,73.3,24900
SDA,20080222,65.8,75.4,63.8,66.9,104800
SDA,20080221,72.3,77.3,70.9,71,31900
SDA,20080220,84.3,84.3,75.7,78.9,36400
SDA,20080219,83.8,86.7,79.3,83.2,38500
SDA,20080218,85.1,85.7,81.8,83.8,45500
SDA,20080215,89.6,89.6,87,88.3,19700
SDA,20080214,89.8,93.4,88.3,90.4,23500
SDA,20080213,93.4,93.4,88.3,89.3,40100
SDA,20080212,96.6,96.6,92.1,93.2,26300
SDA,20080201,96.8,99.8,96,97,44300
SDA,20080131,102.9,103,90.8,94.8,45200
SDA,20080130,91.5,97.5,91.5,97.1,88500
SDA,20080129,87,93.4,86.3,88.5,64700
SDA,20080128,87.7,87.9,85.4,86.5,22400
SDA,20080125,86.3,87.9,85.4,87.1,27500
SDA,20080124,89,90.2,83.8,87.1,50700
SDA,20080123,88.3,88.4,84.1,86.1,53700
SDA,20080122,89.6,89.6,87,88.4,48500
SDA,20080121,89.6,91.4,88.3,90.2,26500
SDA,20080118,88.3,95.3,86.4,91.3,64300
SDA,20080117,94.7,96,80.6,90.6,94900
SDA,20080116,83.8,87.7,81.9,87.3,45400
SDA,20080115,85.1,85.2,78.7,79.6,73900
SDA,20080114,94,94,86,87.5,59200
SDA,20080111,90.8,97.9,90.8,94.1,35300
SDA,20080110,92.8,95,88.3,91.2,39100
SDA,20080109,97.3,99.8,94.7,95.8,34800
SDA,20080108,93.4,102.3,93.2,97.1,77200
SDA,20080107,99.8,102.3,96,97.8,36300
SDA,20080104,104.9,104.9,101.8,103.7,20500
SDA,20080103,107.5,107.5,104.3,105.3,20400
SDA,20080102,109.4,109.4,106.3,107.8,25500
SDA,20071228,107.5,109.4,106.8,108,24300
SDA,20071227,107.5,108.2,107.5,107.7,36400
SDA,20071226,104.9,109.8,104.6,108.2,46600
SDA,20071225,108.2,108.2,105.9,106.3,45700
SDA,20071224,109.4,110.1,106.3,107.6,42500
SDA,20071221,103,111.3,102.3,108.5,101600
SDA,20071220,117.8,117.8,105.3,108.5,67700
SDA,20071219,113.9,119.3,113.3,117.2,31200
SDA,20071218,104.3,113.9,103,108.3,23800
SDA,20071217,121,121,109.1,112.8,21000
SDA,20071214,121.1,121.6,120.3,120.7,5200
SDA,20071213,122.3,123.5,121.7,122.6,4100
SDA,20071212,125.4,129.9,123.5,126.3,32800
SDA,20071211,126.1,126.1,124.8,125.4,8600
SDA,20071210,129.9,130.3,128.2,129.1,17500
SDA,20071207,131.9,131.9,128.7,131,32800
SDA,20071206,131.3,132.5,131.3,131.7,15600
SDA,20071205,136.3,136.3,126.8,132.4,40900
SDA,20071204,131.3,139.6,131.3,135.4,26800
SDA,20071203,129.3,129.3,126.9,128.1,15900
SDA,20071130,127.3,128,126.8,127.2,7700
SDA,20071129,126.1,129.9,126.1,128.1,21000
SDA,20071128,127.3,127.3,126.1,126.5,8500
SDA,20071127,125.4,128.7,125.4,126.6,14800
SDA,20071126,123.5,126.8,123.5,125.9,14200
SDA,20071123,127.3,128,122.9,125.7,19200
SDA,20071122,128.7,129.9,126.1,128.2,15100
SDA,20071121,129.9,131.8,126.1,128.8,27500
SDA,20071120,134.4,134.4,129.3,131.4,25700
SDA,20071119,125.4,133.2,125.4,130.3,15200
SDA,20071116,128,128,122.3,124.8,14000
SDA,20071115,142.7,143.4,120.3,131.3,17800
SDA,20071114,115.2,132.9,110.7,130.6,31500
SDA,20071113,121.7,124.8,120.2,120.8,17800
SDA,20071112,137,138.3,126.8,133.7,17800
SDA,20071109,139.6,140.2,136.3,138.5,16200
SDA,20071108,152.3,152.3,143.4,146.8,17200
SDA,20071107,144,156.8,143.1,151.6,27900
SDA,20071106,144,146,140.2,143,23900
SDA,20071105,152.3,152.3,142.8,146.8,18600
SDA,20071102,174.5,174.6,149.2,158,17800
SDA,20071101,158.8,158.8,155.6,158.6,19900
SDA,20071031,148.9,148.9,139.6,144.3,50600
SDA,20071030,152.3,152.3,146.8,148.9,25900
SDA,20071029,170.3,170.3,152.3,156.4,40100
SDA,20071026,181.3,190.8,160.7,169.3,20000
SDA,20071025,168.4,180.6,168.4,176.3,73100
SDA,20071024,155.6,169.7,149.2,164.5,50200
SDA,20071023,165.2,168.3,153.1,158.5,55100
SDA,20071022,152.3,154.8,149.2,152.9,67300
SDA,20071019,132.5,146.7,121,140.7,50400
SDA,20071018,133.2,136.3,133,133.2,72600
SDA,20071017,154.6,154.6,129.9,147.9,79500
SDA,20071016,140.4,140.4,140.4,140.4,31200
SDA,20071015,126.8,128.5,121.6,127.5,50700
SDA,20071012,118.8,118.8,110.8,116.7,63200
SDA,20071011,108.6,108.6,104.3,107.9,51600
SDA,20071010,93.4,109.4,90.2,98.6,64900
SDA,20071009,103.7,103.7,98.1,99.5,28500
SDA,20071008,110.5,110.5,92.8,109.1,60700
SDA,20071005,100.4,100.4,100.4,100.4,34500
SDA,20071004,88.3,91.8,87,91.2,34800
SDA,20071003,85.4,85.4,78.7,83.3,73400
SDA,20071002,77.9,77.9,75.4,77.6,69200
SDA,20071001,70.7,70.7,70.7,70.7,12500
SDA,20070928,62,67.5,61,64.2,44800
SDA,20070927,62.7,62.7,60.7,61.5,17400
SDA,20070926,61.4,62.3,61,61.5,18400
SDA,20070925,61.3,61.7,59.6,61.2,29700
SDA,20070924,58.2,60.1,58.2,59.6,21200
SDA,20070921,60.9,60.9,58.8,59.6,8000
SDA,20070920,61.3,61.3,58.8,60.2,23800
SDA,20070919,58.8,59.2,58.7,58.9,23200
SDA,20070918,58.2,58.3,57.7,57.1,17600
SDA,20070917,56.8,57.7,56.8,57.1,21100
SDA,20070914,58.2,58.5,56.3,56.9,22300
SDA,20070913,60.1,60.1,56.5,58.7,17000
SDA,20070912,60.7,61.3,59.4,60.3,37500
SDA,20070911,59.4,60,58.5,59.3,50300
SDA,20070910,54.5,58.8,53.7,57.2,42200
SDA,20070907,52.3,54.3,52.3,53.5,24200
SDA,20070906,51.8,52.3,51.4,51.9,5900
SDA,20070905,52.3,52.7,51.4,51.9,7100
SDA,20070904,53.7,54.3,52.3,53.5,17100
SDA,20070831,50.8,53,50.8,52.4,21100
SDA,20070830,49.5,51.4,49.5,50,14000
SDA,20070829,49.2,49.8,49.2,49.3,3100
SDA,20070828,50.4,50.4,49.6,49.8,8300
SDA,20070827,51.1,51.1,49.9,50.5,10200
SDA,20070824,49.2,49.8,48.2,49.4,6700
SDA,20070823,49.8,49.8,47.3,48.5,5800
SDA,20070822,50.5,50.6,49.8,50.2,6300
SDA,20070821,50.8,51.2,50.4,50.8,7600
SDA,20070820,51.1,51.8,49.8,51.1,7900
SDA,20070817,51.8,52.1,51.4,51.8,9600
SDA,20070816,53.7,53.7,53,53.5,6400
SDA,20070815,54,54,53.7,54,8200
SDA,20070814,53,54.3,52.3,53.3,8200
SDA,20070813,51.8,53.7,51.8,53.1,8500
SDA,20070810,56.8,56.8,53.7,55.1,4500
SDA,20070809,56.3,56.5,55.3,56.1,13300
SDA,20070808,56.3,56.8,54.9,55.3,12300
SDA,20070807,52.9,56.3,52.9,55.3,6200
SDA,20070806,59.4,59.4,53,54.8,15700
SDA,20070803,65.8,65.8,57.9,58.3,14400
SDA,20070802,66,66,54.3,64.6,77700
SDA,20070801,56.8,60,56.8,59.8,21500
SDA,20070731,52.3,55.2,51.8,54.4,26600
SDA,20070730,47.9,50.5,47.9,50,18500
SDA,20070727,47.4,47.4,45.1,151.9,67136
SDA,20070726,48.5,49.6,46.8,160.4,18811
SDA,20070725,52.3,52.3,49.6,168.1,28541
SDA,20070724,54.2,54.2,52.8,177.8,30162
SDA,20070723,54.8,56,53.3,180.4,21730
SDA,20070720,57.4,57.4,55.7,187.3,13297
SDA,20070719,58.6,58.8,56.9,193.3,20108
SDA,20070718,59.7,59.7,57.8,196.2,46703
SDA,20070717,58.8,62.3,56.5,192.1,21081
SDA,20070716,57.2,57.8,55.4,190.4,14919
SDA,20070713,58.8,59.4,58,197.8,30487
SDA,20070712,61.1,61.4,57.5,199.3,21081
SDA,20070711,60.6,62.4,59.7,204.1,32757
SDA,20070710,58.6,60.2,58.3,198.5,31135
SDA,20070709,56.9,56.9,55.8,188.6,12973
SDA,20070706,56,56.2,55.1,186.8,14270
SDA,20070705,57.1,57.1,56.2,189.3,3243
SDA,20070704,56.3,57.8,54.8,192,22054
SDA,20070703,54.9,54.9,52.3,176.5,31460
SDA,20070702,58.8,58.8,56,191.1,12649
SDA,20070629,59.8,61.1,58.9,200.8,16541
SDA,20070628,61.3,61.3,59.7,204.5,2919
SDA,20070627,62.1,62.4,61.9,209.3,4865
SDA,20070626,61.3,62.2,61.3,208.2,19135
SDA,20070625,60.6,61.5,59.7,204.5,20108
SDA,20070622,58.8,59.8,58.8,199.6,16541
SDA,20070621,60.8,60.8,59.6,202.5,11027
SDA,20070620,60.9,61.2,60.6,204.6,13297
SDA,20070619,61.5,61.5,61.1,205.9,16216
SDA,20070618,62.3,62.3,61.5,207.3,8108
SDA,20070615,62.4,62.4,62.2,209.9,12324
SDA,20070614,63.1,63.1,61.8,210.7,5514
SDA,20070613,63.1,63.1,62.6,211.2,12973
SDA,20070612,62.4,64.2,61.8,210.4,45406
SDA,20070611,62.4,62.4,61.5,208.5,21730
SDA,20070608,62.9,62.9,60.9,207.3,15568
SDA,20070607,63.3,63.3,62.4,212.3,9405
SDA,20070606,61.7,63.3,61.7,211.8,23351
SDA,20070605,62.4,62.8,60.9,208.7,35676
SDA,20070604,63.8,64.2,62.6,213.3,16216
SDA,20070601,64.2,65.1,63.7,215.7,44433
SDA,20070531,63.3,64.2,63.3,215.4,47027
SDA,20070530,65.1,66,62.4,214.8,43784
SDA,20070529,64.2,68.8,63.3,218,95028
SDA,20070528,65.1,65.1,63.3,215.9,113839
SDA,20070525,56.3,64,54.8,199.6,103460
SDA,20070524,63.3,63.3,58.1,196.1,18487
SDA,20070523,72.8,72.8,60.3,216.8,49298
SDA,20070522,67.1,67.1,62.4,225.4,114487
SDA,20070521,60.6,61.3,59.7,205.8,159569
SDA,20070518,53.5,57.8,53.3,187.3,90163
SDA,20070517,52.9,53.3,50.5,177.5,28216
SDA,20070516,53.3,53.3,53,177.5,23676
SDA,20070515,54.5,54.5,52.6,177.4,54811
SDA,20070514,51.8,52.9,51.3,174.5,39243
SDA,20070511,50.9,51.8,50.9,171.5,20108
SDA,20070510,51.8,51.8,50.5,169.8,17189
SDA,20070509,52.8,52.8,51.4,172.9,22054
SDA,20070508,51.6,53.3,51.4,173.8,38271
SDA,20070507,51.9,51.9,50.5,170.3,19135
SDA,20070504,51.1,51.3,51.1,170.6,9081
SDA,20070503,55.5,55.5,50.7,171.5,13297
SDA,20070502,54.8,54.8,49.6,168.8,7135
SDA,20070425,50.3,52.1,50.3,170.7,15892
SDA,20070424,49.7,50,49.6,165.4,8432
SDA,20070423,52.5,52.5,50.5,172.1,7135
SDA,20070420,51.4,52.3,50.5,172.1,5514
SDA,20070419,53.3,53.3,51.3,175.4,4541
SDA,20070418,48,55,48,174.9,12649
SDA,20070417,53.3,53.3,53,177.5,3243
SDA,20070416,60,60,54.5,197.1,33730
SDA,20070413,62,62,56.7,202.5,89838
SDA,20070412,56.5,56.7,53.8,189.6,45081
SDA,20070411,50.5,52.3,50.5,172.6,40865
SDA,20070410,50.9,52.3,49.1,166.1,18811
SDA,20070409,46.8,48.9,46.8,159.3,10378
SDA,20070406,46,46.3,46,152.9,7460
SDA,20070405,45.1,46.8,43.8,147.5,18162
SDA,20070404,42.5,45.3,42.3,143.6,37298
SDA,20070403,44.2,44.2,44.2,146,4216
SDA,20070402,50.1,50.1,45.6,153.8,6162
SDA,20070330,50.9,51.4,47.8,166.9,7460
SDA,20070329,49.3,49.3,49.3,163.9,3568
SDA,20070328,44.3,47.8,43.3,148.9,9730
SDA,20070327,48.3,49.6,46.8,159,12324
SDA,20070326,52.6,52.6,48.2,167.8,24324
SDA,20070323,48.7,48.7,46.9,159.5,17838
SDA,20070322,50.5,50.5,46.8,162.8,16865
SDA,20070321,51.4,51.4,50.5,170.7,7784
SDA,20070320,55.5,55.5,48.7,173.8,26595
SDA,20070319,51,51,47.8,168.9,32108
SDA,20070319,51,51,47.8,168.9,32108
SDA,20070316,46,49.8,42.3,154.6,3892
SDA,20070315,46.8,46.8,45.3,151.2,2919
SDA,20070314,51.3,51.3,49.3,166.7,2919
SDA,20070313,51.4,52.2,51.4,172.3,1297
SDA,20070312,53.3,53.3,51.4,174.1,4865
SDA,20070309,53.3,53.3,51.4,174.2,11351
SDA,20070308,51.4,51.6,47.8,165.3,33730
SDA,20070307,51.1,51.4,46.8,162,14595
SDA,20070306,54.9,54.9,48.3,172,26595
