<Ticker>,<DTYYYYMMDD>,<Open>,<High>,<Low>,<Close>,<Volume>
SDT,20100729,58.8,58.8,57.5,58.5,35000
SDT,20100728,59,59.1,58,58.8,59000
SDT,20100727,59.3,59.8,59,59.3,114000
SDT,20100723,59.1,59.5,59,59.1,51000
SDT,20100722,59.2,59.6,59.2,59.4,42300
SDT,20100721,59.2,59.2,59,59.1,18900
SDT,20100720,59.5,59.5,59.2,59.3,16100
SDT,20100719,59.3,60.4,59.2,60,9300
SDT,20100716,59.3,59.9,59.2,59.3,41200
SDT,20100715,59.1,60,59,59.3,19800
SDT,20100714,59.5,59.5,59,59.1,7800
SDT,20100713,58.8,59.7,58.7,59.5,7100
SDT,20100712,58,59,58,58.4,22000
SDT,20100709,59,59,57.1,57.3,4200
SDT,20100708,58.5,58.5,58,58.3,25500
SDT,20100707,58,58.3,58,58.1,23000
SDT,20100706,58.2,58.2,58,58.2,33300
SDT,20100705,58,58.5,58,58.2,13700
SDT,20100702,59,59,58,58.9,21600
SDT,20100701,59,60.5,58.5,59.2,19300
SDT,20100630,56,61.7,56,59.5,150700
SDT,20100629,57.7,58.9,56.6,57.7,73700
SDT,20100628,57,58,56.5,57.3,63700
SDT,20100625,57,57,55,56.3,46800
SDT,20100624,59.4,59.4,57,57.7,29000
SDT,20100623,57.5,57.5,57,57.2,24800
SDT,20100622,57.1,58.5,57.1,57.7,8300
SDT,20100621,58.2,59.7,58,58.1,26000
SDT,20100618,57.7,58.7,57.6,58,19400
SDT,20100617,58.8,58.9,57,58.1,36300
SDT,20100616,60.9,60.9,58.5,58.8,29700
SDT,20100615,58,60.5,57.9,58.5,41200
SDT,20100614,57,57.9,57,57.4,33600
SDT,20100611,58,58,56.5,56.9,90500
SDT,20100610,53.9,56.5,53.9,55.7,16600
SDT,20100609,56.9,57,54.9,55.2,31100
SDT,20100608,54.8,56,53.8,54.9,35800
SDT,20100607,55.9,55.9,54,54.8,69500
SDT,20100604,57.3,57.6,57.1,57.4,71600
SDT,20100603,58,58.5,57.5,57.5,25300
SDT,20100602,57.5,57.8,57.3,57.5,28000
SDT,20100601,56.5,58,56.1,57,59100
SDT,20100531,60,60.4,57.7,59.2,3700
SDT,20100528,57.1,60.4,57.1,59.5,70500
SDT,20100527,55.6,57,55.5,56.5,25100
SDT,20100526,57,57.9,54.5,56.3,38100
SDT,20100525,55.5,56,54,55.6,86300
SDT,20100524,55.5,58.1,53,55.5,17200
SDT,20100521,56,56.5,54,54.6,179700
SDT,20100520,57.5,60,55.1,58,99400
SDT,20100519,59.5,60.6,57.5,58.8,192400
SDT,20100518,60,61.3,60,60.6,59600
SDT,20100517,61,62,60,60.7,57700
SDT,20100514,60.5,61,60.1,60.4,43900
SDT,20100513,60,61.9,58,60.1,83700
SDT,20100512,64,64,59.1,59.9,193200
SDT,20100511,66.5,66.9,62.5,63.5,109600
SDT,20100510,66,66,62.2,63.4,124300
SDT,20100507,64,68,63,66.8,228900
SDT,20100506,65.9,68,65.2,65.7,166100
SDT,20100505,67.6,67.6,65,65.7,170800
SDT,20100504,69,69.5,66.5,67.8,157400
SDT,20100429,69,70.9,68,69.4,189500
SDT,20100428,67,69,65,67.3,210500
SDT,20100427,67,67.5,66,67,153000
SDT,20100426,67.5,67.5,65.6,66.2,152800
SDT,20100422,69.1,72,66,69.5,255100
SDT,20100421,66,70.4,66,69.1,373300
SDT,20100420,66.9,67.2,64.1,65.7,123100
SDT,20100419,63,67.3,63,67,346900
SDT,20100416,60.6,64.9,60.6,62.8,315100
SDT,20100415,61,61.5,59.1,60.6,133000
SDT,20100414,59,59.7,58.2,59.2,34100
SDT,20100413,60,60.8,59,59.9,47300
SDT,20100412,60.5,62,60,61,78900
SDT,20100409,61.5,62,60.8,61,48600
SDT,20100408,60,62,60,61,72300
SDT,20100407,60.8,60.9,59,59.9,28500
SDT,20100406,60.5,61.8,60,60.8,62600
SDT,20100405,61.9,61.9,59.5,60.3,16000
SDT,20100402,59.5,59.9,58.1,59.4,91100
SDT,20100401,58,58.8,56.6,58.1,55200
SDT,20100331,58,58.7,56.1,57.6,59300
SDT,20100330,58,59,57.4,58,62600
SDT,20100329,54.1,59.4,54.1,58.5,26600
SDT,20100326,60.9,61.5,57.5,58.1,158000
SDT,20100325,58,59.9,56.6,57.9,62000
SDT,20100324,61.8,62.3,59.2,60,93600
SDT,20100323,59,60.5,57,59.1,72500
SDT,20100322,60,61.8,60,60.6,53200
SDT,20100319,61,62,59.7,60.9,63100
SDT,20100318,60,61.5,56.4,59.5,81600
SDT,20100317,61,61.5,56.4,57.9,72700
SDT,20100316,62.5,63,58.8,59.8,137600
SDT,20100315,63,64.5,62.4,63.3,231500
SDT,20100312,62,63,61,62.3,91500
SDT,20100311,60.3,61,59.3,60.6,90300
SDT,20100310,59,60,57.8,59.5,87200
SDT,20100309,59,60.8,59,59.9,56500
SDT,20100308,60.5,61.5,58.6,60.8,67800
SDT,20100305,58,59,57,58.4,59400
SDT,20100304,57.5,59.7,56.7,58.1,70200
SDT,20100303,56,58,55.5,56.7,97300
SDT,20100302,54,56,54,55.3,73700
SDT,20100301,53.6,54.5,53.5,53.8,36400
SDT,20100226,53,53.7,53,53.5,9300
SDT,20100225,56,56,53.9,54.1,18500
SDT,20100224,54,55.5,54,54.8,36000
SDT,20100223,54.6,54.9,52.2,54.4,50400
SDT,20100222,54.5,56,54.2,54.6,25700
SDT,20100212,53.4,54.5,53.4,54.1,20000
SDT,20100211,52.5,53.7,52,52.9,36600
SDT,20100210,53,53,52.5,52.8,20800
SDT,20100209,53,53,51.5,52,94000
SDT,20100208,53,53,52.2,52.7,15500
SDT,20100205,53,53.6,52.4,52.9,44000
SDT,20100204,53,54.5,53,53.7,36300
SDT,20100203,52,53.6,52,52.9,65000
SDT,20100202,53.1,53.1,52,52.2,40700
SDT,20100201,51.6,53.4,51.1,52.5,34900
SDT,20100129,50.5,51.9,49.5,50.6,60000
SDT,20100128,52.1,53,51,51.9,54300
SDT,20100127,56,56,51,52.8,52400
SDT,20100126,52.2,53.3,51.1,53.2,29200
SDT,20100125,48.5,50.7,47,49.7,70000
SDT,20100122,45.8,50,45,47.3,84900
SDT,20100121,49,51.3,47.6,48.1,195900
SDT,20100120,52.5,52.5,50.8,51.3,96600
SDT,20100119,51.5,55,51.2,51.9,57400
SDT,20100118,53.6,53.7,51.5,52.2,133700
SDT,20100115,57.5,58,53.1,55.3,63400
SDT,20100114,55.5,55.6,54.5,55.5,164800
SDT,20100113,49,55.1,47.8,51.9,149300
SDT,20100112,53.2,54.9,49.4,51.4,226900
SDT,20100111,55.5,56,52,53.2,167100
SDT,20100108,55.6,57.9,53,55.5,209800
SDT,20100107,55.2,57.5,54.8,55.6,160700
SDT,20100106,56,60,56,59,207300
SDT,20100105,60.5,60.5,57,59.7,209100
SDT,20100104,56,57,53.5,56.5,77500
SDT,20091231,52,53.9,51,53.2,198400
SDT,20091230,49.5,51.5,48.5,50.3,157000
SDT,20091229,50,51.9,48.8,49.9,84100
SDT,20091228,52,52.2,48,51,118200
SDT,20091225,48.5,48.8,48.5,48.7,76700
SDT,20091224,44,46.7,42.5,45.5,183300
SDT,20091223,43.1,45,42,43.6,106400
SDT,20091222,45.3,45.3,42.2,43.7,195200
SDT,20091221,42,43.1,42,43,128300
SDT,20091218,40,40.4,40,40.2,30900
SDT,20091217,37.8,41,37.1,37.7,110300
SDT,20091216,41,41,38.9,39.1,178200
SDT,20091215,42,42.5,41,41.9,113500
SDT,20091214,40.5,42.1,40,41.7,126800
SDT,20091211,40,40.1,39.2,39.3,271300
SDT,20091210,44.4,45.7,41.4,42.2,112900
SDT,20091209,45,45.3,44.4,44.5,157600
SDT,20091208,49.9,49.9,46.3,47.8,104500
SDT,20091207,49.7,50.9,49,49.8,66100
SDT,20091204,49,50.5,49,49.7,55400
SDT,20091203,49,50.8,47.2,48.5,107600
SDT,20091202,56,56,49.9,50.8,102400
SDT,20091201,53,54.3,52,53.8,163100
SDT,20091130,50,52,49.5,50.7,70200
SDT,20091127,48.5,54,48.3,49.4,315900
SDT,20091126,52.1,52.2,52,52,34300
SDT,20091125,58,58,55.2,56,111600
SDT,20091124,60,61.5,58.1,59.5,82000
SDT,20091123,65.1,65.2,60.6,62.1,103300
SDT,20091120,61.7,66.1,61.7,65.1,282800
SDT,20091119,61.5,63,60.5,61.7,178500
SDT,20091118,60,61.2,58.5,60.4,117800
SDT,20091117,62,62.5,59.5,59.8,52400
SDT,20091116,59.5,61.5,59,59.9,127800
SDT,20091113,57.5,59.9,57.5,58.3,147000
SDT,20091112,57.5,59.5,56,58.1,94100
SDT,20091111,56,58,54,55.7,136400
SDT,20091110,59,59,53.2,54.9,194000
SDT,20091109,59.3,59.3,56.9,57.3,158900
SDT,20091106,63,64.8,59,61.3,69000
SDT,20091105,59,61.9,57.8,60.7,124100
SDT,20091104,54.5,60.5,54.5,57.8,162600
SDT,20091103,60,61.2,57.2,57.9,150300
SDT,20091102,63,63,61.4,61.6,136500
SDT,20091030,65.5,67.9,64.6,66.1,187600
SDT,20091029,64.3,64.6,62.8,63.5,162800
SDT,20091028,64,68.9,64,67.6,116300
SDT,20091027,64,69,63.9,64.9,141500
SDT,20091026,67,71,65.2,68.8,251900
SDT,20091023,72,72,68,69.5,262300
SDT,20091022,71,72,70,71.4,189200
SDT,20091021,73,73,70.1,71.3,179900
SDT,20091020,74.6,74.8,72,73.1,213500
SDT,20091019,68,71,68,69.8,331800
SDT,20091016,75,75,70,70.2,206200
SDT,20091015,76.8,76.8,72.1,75.4,371200
SDT,20091014,70,73.5,69.2,71.7,366900
SDT,20091013,75.8,75.8,70,72.6,407900
SDT,20091012,69,71.1,69,70.8,440200
SDT,20091009,65.7,67.6,64.5,66.4,386200
SDT,20091008,64,64.8,61.4,63.2,166100
SDT,20091007,62,64.2,62,63.9,403300
SDT,20091006,60,61.4,59,59.9,182800
SDT,20091005,60.5,60.5,56.5,58.9,272700
SDT,20091002,61,61,57.4,57.8,234100
SDT,20091001,64,64,60.5,61.8,195100
SDT,20090930,63,64,61,62.6,197800
SDT,20090929,65,65,61.8,62.3,238800
SDT,20090928,61.6,64,61.5,62.7,213800
SDT,20090925,60,63.5,59.5,61.6,325400
SDT,20090924,64.5,65.2,62.4,62.8,333200
SDT,20090923,70,70.6,64.3,67.2,318400
SDT,20090922,71,71.2,66,69.1,182300
SDT,20090921,66.2,66.5,66,66.5,192700
SDT,20090918,57.1,63.6,57.1,62.1,441400
SDT,20090917,61,63,57.4,59.4,452000
SDT,20090916,61.5,61.5,58,61,792900
SDT,20090915,57.4,57.4,57.4,57.4,118900
SDT,20090914,52,53.9,51,53.6,595200
SDT,20090911,50,52.7,49.2,50.3,197200
SDT,20090910,50,50,48.4,49.3,143900
SDT,20090909,52.5,52.9,49,49.8,311000
SDT,20090908,49.2,49.7,47.5,49.4,334700
SDT,20090907,46.2,50,44.2,46.4,235500
SDT,20090904,49.5,49.6,45.9,47.1,314000
SDT,20090903,52,52,48,49.3,344500
SDT,20090901,52.2,52.2,49.2,51.7,858000
SDT,20090831,48.7,48.7,48.7,48.7,35200
SDT,20090828,45.4,45.4,45.4,45.4,76200
SDT,20090827,41,43.2,41,42.3,493000
SDT,20090826,39.7,41,39.7,40.3,209900
SDT,20090825,40.9,40.9,39,39.8,161200
SDT,20090824,41.6,43,40.5,41.1,160700
SDT,20090821,40.6,42.6,39.6,41.6,207300
SDT,20090820,40.8,40.8,39.2,39.7,144600
SDT,20090819,39,40,38.7,39.4,155000
SDT,20090818,36,39,36,37.9,188700
SDT,20090817,38,38,37,37.5,118100
SDT,20090814,36.1,38.5,36.1,37.6,109000
SDT,20090813,40.5,41,37.6,38.1,211800
SDT,20090812,41.3,41.6,39,40.5,172700
SDT,20090811,36.9,39.6,36.9,38.8,473900
SDT,20090810,37.2,37.5,36.2,36.9,149000
SDT,20090807,36,36.5,35.9,36.2,49600
SDT,20090806,35.6,36.6,35.5,36.1,278700
SDT,20090805,35.5,35.9,34.9,35.4,149700
SDT,20090804,36.3,37,35,35.3,188300
SDT,20090803,37.3,37.3,34,34.9,44400
SDT,20090731,35,35.2,34.4,34.8,52300
SDT,20090730,34.6,34.6,33.8,34.1,46200
SDT,20090729,34.5,35.5,33.5,34.5,89000
SDT,20090728,35.1,36.5,33.9,34.4,169100
SDT,20090727,37.6,37.6,35,36.6,109800
SDT,20090724,35,35.1,35,35.1,182200
SDT,20090723,30.6,33.7,30.6,32.7,124400
SDT,20090722,31.5,31.7,31.1,31.4,24100
SDT,20090721,32,32.5,30.8,31.4,36800
SDT,20090720,31.1,31.1,30.1,30.6,43600
SDT,20090717,32.5,33,32,32.4,56300
SDT,20090716,32.9,33.9,32.9,33.1,75900
SDT,20090715,31.6,32.8,31.5,31.9,36100
SDT,20090714,33,33,31.1,31.5,75900
SDT,20090713,33.5,33.5,31.5,31.9,87100
SDT,20090710,33.8,34.5,32.2,33.4,52000
SDT,20090709,32,34.7,32,34.3,136800
SDT,20090708,32.6,33.1,31.8,32.3,81600
SDT,20090707,33.2,34,32.6,33.1,37700
SDT,20090706,32,33.6,32,33.2,85400
SDT,20090703,30.9,32.1,28.7,31.3,29600
SDT,20090702,30.5,31.5,29.2,30.8,114400
SDT,20090701,31,31,29.8,30.1,180200
SDT,20090630,34.2,34.2,31.6,32.1,244900
SDT,20090629,35,35,33.6,34.1,70700
SDT,20090626,35.2,35.2,33.9,34.6,167100
SDT,20090625,38.6,38.6,35,35.9,140700
SDT,20090624,34,36.1,34,36,31400
SDT,20090623,33.2,35,33,33.7,262100
SDT,20090622,37.5,39,34.8,35.4,350000
SDT,20090619,39.5,39.5,36.6,37.5,342700
SDT,20090618,39.5,40.5,38,39.5,139000
SDT,20090617,34.1,39.5,34.1,37.9,305000
SDT,20090616,39,39,36.6,36.8,390400
SDT,20090615,42.8,42.9,37.2,39.5,523000
SDT,20090612,40,40,40,40,295600
SDT,20090611,37.3,37.3,37,37.3,119500
SDT,20090610,36.6,36.7,34.4,34.8,531100
SDT,20090609,39,39.1,34.4,37.1,371000
SDT,20090608,36.5,36.5,36.5,36.5,209800
SDT,20090605,33,34,33,34,198600
SDT,20090604,30.5,32.3,30.3,31.7,269300
SDT,20090603,31.7,32,30.8,31,232200
SDT,20090602,30.5,32.5,30.5,32.2,277600
SDT,20090601,28.7,30.5,28.7,30.3,115800
SDT,20090529,29,29.5,27.2,28.4,218600
SDT,20090528,28.6,29,28.6,28.6,265300
SDT,20090527,33.5,33.5,30.7,30.9,420400
SDT,20090526,35,35.3,31.7,33.1,279200
SDT,20090525,33.5,33.5,33,33.5,171400
SDT,20090522,31.3,31.3,29.4,31.2,733600
SDT,20090521,29.6,29.6,28,29.2,388000
SDT,20090520,29,29,26.5,27.6,307200
SDT,20090519,28.2,28.4,27.6,28.1,245700
SDT,20090518,26.6,27.2,26,26.5,183900
SDT,20090515,25.2,26.4,25.2,26,268600
SDT,20090514,23.8,25,23.8,24.6,217200
SDT,20090513,26.1,26.3,25.1,25.7,219300
SDT,20090512,25,26.9,24.8,26.1,196000
SDT,20090511,27.7,27.7,25.2,26.3,163700
SDT,20090508,26.3,27.5,25.7,26.6,241700
SDT,20090507,25,26.3,25,26.3,343600
SDT,20090506,25.1,25.5,23.4,24.5,313700
SDT,20090505,24.5,24.5,24,24.5,342100
SDT,20090504,22.8,22.8,22.8,22.8,3500
SDT,20090429,21.2,21.7,20.4,21.2,132900
SDT,20090428,20.2,21.1,20,20.5,172700
SDT,20090427,20.9,21.2,19.9,20.5,75700
SDT,20090424,22.2,23,20.2,20.9,130400
SDT,20090423,21.2,21.7,21.1,21.6,213500
SDT,20090422,19.3,20.2,19.2,20.1,114400
SDT,20090421,18.2,20.2,18.2,18.7,247700
SDT,20090420,19.8,19.9,19.8,19.8,26200
SDT,20090417,23.7,23.7,21.2,21.5,187000
SDT,20090416,25.2,25.2,22.2,23,251100
SDT,20090415,24.7,25.7,23.6,24.1,193700
SDT,20090414,26.5,26.5,24,25.6,398700
SDT,20090413,24.6,24.6,24.6,24.6,36600
SDT,20090410,22.8,22.8,22.4,22.8,229100
SDT,20090409,21.5,22.2,20.3,21.1,158200
SDT,20090408,22.1,22.7,20.2,21.4,309400
SDT,20090407,21.2,21.2,20.2,21,213600
SDT,20090403,19.6,19.6,19.6,19.6,147800
SDT,20090402,18.6,18.6,17.7,18.1,159400
SDT,20090401,17.2,18.2,17,17.6,74500
SDT,20090331,17,17.2,16.5,16.9,33900
SDT,20090330,16.4,17.1,16.1,16.6,22900
SDT,20090327,17.2,17.9,16.7,17.1,113400
SDT,20090326,17.5,17.8,16.2,17.1,105500
SDT,20090325,16.7,17.7,16.2,17.1,52600
SDT,20090324,16.7,16.8,16.7,16.8,100700
SDT,20090323,15.9,16.3,15.1,15.5,47300
SDT,20090320,16.5,17.2,16.2,16.5,48500
SDT,20090319,18.2,18.4,16.4,17.7,91900
SDT,20090318,17.2,17.3,17.2,17.3,120900
SDT,20090317,15.2,16.3,15.2,16,83300
SDT,20090316,14.8,15.3,14.8,15,33000
SDT,20090313,14.9,14.9,14.6,14.8,16000
SDT,20090312,15.2,15.6,14.6,14.9,23800
SDT,20090311,16.1,16.1,15.2,15.7,68100
SDT,20090310,14.4,14.9,14.4,14.8,31200
SDT,20090309,14.3,14.6,14.3,14.4,9100
SDT,20090306,14.2,14.3,14.2,14.2,10300
SDT,20090305,14.5,14.5,13.8,14.1,37900
SDT,20090304,13.7,14,13.7,13.8,14400
SDT,20090303,14,14,13.5,13.7,23300
SDT,20090302,14.1,14.5,14,14.3,8600
SDT,20090227,13.8,14.7,13.8,14.4,30100
SDT,20090226,13.2,14.1,13.2,13.8,24500
SDT,20090225,13.9,14,13.8,13.9,31500
SDT,20090224,14,14,12.7,12.9,16300
SDT,20090223,13.7,13.7,13.2,13.4,15400
SDT,20090220,14.2,14.3,13.9,14.1,28300
SDT,20090219,14.3,14.5,14.1,14.3,22300
SDT,20090218,14.3,14.7,14.2,14.3,44000
SDT,20090217,15.2,15.2,14.6,14.8,19400
SDT,20090216,16.1,16.1,15.2,15.5,33700
SDT,20090213,16,16.2,16,16.1,15900
SDT,20090212,15.7,16.6,15.2,15.9,9600
SDT,20090211,15.9,16.2,15.7,16,21000
SDT,20090210,16.2,16.4,16.1,16.3,18000
SDT,20090209,16.2,17,16.2,16.7,56000
SDT,20090206,15.9,16.8,15.8,16.1,45600
SDT,20090205,17.2,17.2,15.8,15.9,56800
SDT,20090204,17.2,17.5,17,17.2,22800
SDT,20090203,16.7,17.9,16.6,17.1,21900
SDT,20090202,18.7,18.7,17.7,17.9,12700
SDT,20090123,18.2,18.4,18.1,18.2,38500
SDT,20090122,18.2,18.5,18.2,18.3,28500
SDT,20090121,18.1,18.2,18.1,18.2,18400
SDT,20090120,18.3,18.3,17.8,18.1,25800
SDT,20090119,18.2,18.7,18.1,18.3,32000
SDT,20090116,18.3,18.5,18.1,18.2,17500
SDT,20090115,18.3,18.4,18.1,18.2,15200
SDT,20090114,18.9,19.2,18.2,18.6,33700
SDT,20090113,19,19,18.2,18.6,14600
SDT,20090112,18.3,19.1,18.2,18.7,24900
SDT,20090109,17.7,19.1,17.3,18.2,29200
SDT,20090108,18,19.1,18,18.7,45300
SDT,20090107,19.3,19.3,17.3,19.2,76800
SDT,20090106,17.4,18.4,17.2,17.8,48400
SDT,20090105,17.2,17.2,16.9,17,15300
SDT,20090102,17.2,17.3,17.2,17.2,4100
SDT,20081231,17.6,17.8,17.1,17.5,23000
SDT,20081230,16.8,17.6,16.7,17.1,35300
SDT,20081229,17.4,17.4,16.9,17.1,16300
SDT,20081226,17.4,17.5,17,17.4,15900
SDT,20081225,18,18,17.2,17.5,7300
SDT,20081224,17.6,17.7,17.3,17.6,8100
SDT,20081223,17.8,18.4,17.3,17.7,68100
SDT,20081222,19.1,19.2,18.3,18.8,31200
SDT,20081219,17.7,18.2,17.4,18,37800
SDT,20081218,17.5,18.1,16.8,17.7,20300
SDT,20081217,17.2,18.2,16.8,17.5,22800
SDT,20081216,18.3,18.3,16.7,17,15900
SDT,20081215,18.3,18.3,17.2,18.2,53000
SDT,20081212,16.5,16.9,16.5,16.9,43100
SDT,20081211,16.3,16.4,15.2,15.6,36300
SDT,20081210,16.4,16.4,15.4,16.1,31600
SDT,20081209,16.4,16.8,16.4,16.6,22000
SDT,20081208,17.1,17.1,15.9,16.4,27900
SDT,20081205,18.7,18.7,16.9,17.1,31800
SDT,20081204,18.2,18.5,18.1,18.3,32700
SDT,20081203,19.2,19.2,17.8,18.1,26200
SDT,20081202,17.2,18.4,17.2,17.9,12600
SDT,20081201,18.9,19.8,17,18.4,41300
SDT,20081128,17.7,18.4,17.7,18.4,17400
SDT,20081127,17.9,18.2,16.6,17,33000
SDT,20081126,18.3,18.3,17.6,17.9,59700
SDT,20081125,19.3,19.3,18.1,18.6,38800
SDT,20081124,18.7,19.4,17.7,18.5,46800
SDT,20081124,18.7,19.4,17.7,18.5,46800
SDT,20081121,18.2,19.1,17.6,18.1,47000
SDT,20081120,19.9,20.2,18.9,19.1,78300
SDT,20081119,21.8,21.8,20.2,20.6,25800
SDT,20081118,20.3,21.1,20.2,20.8,28500
SDT,20081117,22.3,22.3,20.9,21.6,19000
SDT,20081114,22.2,22.3,21.2,22,41400
SDT,20081113,19.2,21.1,19.2,20.6,43100
SDT,20081112,20.2,21.1,20.2,20.4,77600
SDT,20081111,22.7,23.2,22,22,87900
SDT,20081110,25,25.1,23.2,23.9,89800
SDT,20081107,23.3,24.2,23.3,23.3,82200
SDT,20081106,22.6,26.4,22.6,25.3,315100
SDT,20081105,24.5,24.5,24.5,24.5,18300
SDT,20081104,21.7,23.1,21.5,22.7,59200
SDT,20081103,22.2,22.5,19.5,21.4,103300
SDT,20081031,20.8,20.8,20.7,20.8,62200
SDT,20081030,18.8,19.7,18.2,19.2,138900
SDT,20081029,18.2,18.2,17.9,18.2,75200
SDT,20081028,17.2,18.1,15.6,16.8,97700
SDT,20081027,17.8,17.8,16.6,16.8,112700
SDT,20081024,18.7,19.7,18,18.1,80500
SDT,20081023,20.9,20.9,19.5,19.6,96700
SDT,20081022,22.2,22.2,20.9,21.2,65000
SDT,20081021,23.5,24.2,22.1,22.7,69000
SDT,20081020,22.7,23.5,22,22.7,50400
SDT,20081017,23.8,23.8,21.7,22.7,40200
SDT,20081016,20.9,23.2,20.9,22.1,87700
SDT,20081015,23.8,24,20.4,22.7,124300
SDT,20081014,22.2,22.2,22.2,22.2,900
SDT,20081013,19.4,22.2,19.4,20.5,46900
SDT,20081010,20.8,21.2,20.8,20.8,56500
SDT,20081009,21.2,23.4,21.2,22.6,164100
SDT,20081008,22.7,23.3,22.7,22.8,231500
SDT,20081007,24.6,24.6,24.6,24.6,32800
SDT,20081006,28.3,28.3,26.5,26.7,47200
SDT,20081003,27.4,29.4,27.4,28.7,32400
SDT,20081002,28.2,30.1,28,29.4,121200
SDT,20081001,26.3,29.2,26.3,28.3,132300
SDT,20080930,28,28,28,28,2700
SDT,20080929,32.2,32.2,28.4,30.3,148400
SDT,20080926,30,30,28.2,29.9,155900
SDT,20080925,26.3,28.6,25.2,27.8,120500
SDT,20080924,26.7,27.1,25.3,26.5,59700
SDT,20080923,23.5,27.5,23.5,26.4,270100
SDT,20080922,25.5,25.5,25.5,25.5,2000
SDT,20080919,22.6,24.4,20.9,23.6,65200
SDT,20080918,22.6,22.6,22.6,22.6,30300
SDT,20080917,24.7,26.4,24.3,24.5,107500
SDT,20080916,26.8,29.2,26.3,26.4,115600
SDT,20080915,26.4,30.8,26.4,28.5,205900
SDT,20080912,28.6,28.8,28.6,28.6,90700
SDT,20080911,31.2,32.2,30.9,31,114600
SDT,20080910,35.7,35.7,33,33.5,164200
SDT,20080909,36.4,39,33.7,35.7,196800
SDT,20080908,36.7,37.2,36.3,36.4,175000
SDT,20080905,41.7,43.2,38.6,39.3,251200
SDT,20080904,42.5,42.5,39.2,41.7,338600
SDT,20080903,39.5,39.5,39.5,39.5,32200
SDT,20080829,39.7,39.7,34.1,36.7,376700
SDT,20080828,40.1,40.1,34.7,36.9,641700
SDT,20080827,37.3,37.3,35.2,37.3,331800
SDT,20080826,34.7,34.7,34.7,34.7,1900
SDT,20080825,32.2,32.2,32.2,32.2,21900
SDT,20080822,29.9,29.9,29.9,29.9,9300
SDT,20080821,27.7,27.7,26.2,27.7,135000
SDT,20080820,26.3,26.3,22.8,25.7,742700
SDT,20080819,24.4,24.4,24.4,24.4,161300
SDT,20080818,22.6,22.6,22.6,22.6,9300
SDT,20080815,20.9,20.9,20.9,20.9,700
SDT,20080814,20,20,20,20,10000
SDT,20080813,19.1,19.1,19.1,19.1,12600
SDT,20080812,18.3,18.3,18.3,18.3,69800
SDT,20080811,17.5,17.5,17.5,17.5,1700
SDT,20080808,16.7,16.7,16.7,16.7,24000
SDT,20080807,15.6,16.1,15.5,16,225900
SDT,20080806,15.2,16.6,15.2,15.4,357900
SDT,20080805,15.9,15.9,15.9,15.9,19100
SDT,20080804,16.7,16.7,16.7,16.7,17700
SDT,20080801,17.5,17.5,17.5,17.5,9100
SDT,20080731,18.3,18.3,18.3,18.3,3300
SDT,20080730,20.1,20.1,19.2,19.2,39900
SDT,20080729,19,20.8,19,20.1,272700
SDT,20080728,19.9,20.6,19.9,19.9,187200
SDT,20080725,20.8,20.8,20.8,20.8,12200
SDT,20080724,21.8,21.8,21.8,21.8,22500
SDT,20080723,22.8,22.8,22.8,22.8,100
SDT,20080722,23.9,23.9,23.9,23.9,2700
SDT,20080721,25,25,25,25,3200
SDT,20080718,27.5,27.5,25.1,26.2,339200
SDT,20080717,26.3,26.3,26.3,26.3,30000
SDT,20080716,26.1,26.1,23.9,25.2,315700
SDT,20080715,25,25,25,25,66500
SDT,20080714,23.9,23.9,23.9,23.9,17200
SDT,20080711,22.9,22.9,22.7,22.9,527800
SDT,20080710,21.9,21.9,21.8,21.9,316600
SDT,20080709,20.7,21,20.7,21,85800
SDT,20080708,19.7,21.2,19.7,20.1,130200
SDT,20080707,21.2,21.2,19.4,20.6,144300
SDT,20080704,20.3,20.3,20.3,20.3,14700
SDT,20080703,19.3,19.4,19.3,19.4,36400
SDT,20080702,18.7,18.7,17.9,18.6,164800
SDT,20080701,17.7,18,17.7,17.9,61600
SDT,20080630,17.2,17.7,16.3,17.2,59900
SDT,20080627,16.8,18.1,16.7,17.1,86300
SDT,20080626,17.9,17.9,16.3,17.5,42800
SDT,20080625,17.1,17.1,16.9,17.1,42800
SDT,20080624,16.3,16.3,15.6,16.3,81400
SDT,20080623,14.7,16.1,14.7,15.6,144000
SDT,20080620,15.4,15.4,15.4,15.4,8200
SDT,20080619,16.2,16.2,16.2,16.2,8700
SDT,20080618,17.1,17.1,15.9,17,67200
SDT,20080617,16.5,16.5,16.5,16.5,3000
SDT,20080616,16,16,16,16,4800
SDT,20080613,15.5,15.5,15.5,15.5,300
SDT,20080612,15,15,15,15,30400
SDT,20080611,14.1,14.6,14.1,14.5,42600
SDT,20080610,13.9,14.8,13.9,14.1,39900
SDT,20080609,14.4,14.4,14.4,14.4,2900
SDT,20080606,14.9,14.9,14.9,14.9,6900
SDT,20080605,15.4,15.4,15.4,15.4,1800
SDT,20080604,15.9,15.9,15.9,15.9,3100
SDT,20080603,16.5,16.5,16.5,16.5,100
SDT,20080602,17.1,17.1,17.1,17.1,500
SDT,20080530,17.7,17.7,17.7,17.7,1900
SDT,20080529,18.2,18.8,18.2,18.3,11300
SDT,20080528,18.8,18.8,18.8,18.8,6100
SDT,20080527,19.4,19.4,19.4,19.4,1600
SDT,20080526,20.1,20.1,20.1,20.1,100
SDT,20080522,21.5,21.5,21.5,21.5,6000
SDT,20080521,22.2,22.3,22.2,22.2,32100
SDT,20080520,23,23.1,23,23,25600
SDT,20080519,23.8,23.8,23.8,23.8,8100
SDT,20080516,24.1,25.7,24.1,24.6,27600
SDT,20080515,24.9,24.9,24.9,24.9,17100
SDT,20080514,25.7,25.7,25.7,25.7,100
SDT,20080513,26.6,26.6,26.6,26.6,100
SDT,20080512,27.5,27.5,27.5,27.5,1200
SDT,20080509,28.4,28.4,28.4,28.4,1400
SDT,20080508,29.3,29.3,29.3,29.3,20400
SDT,20080507,30.4,30.4,30.3,30.3,16400
SDT,20080506,31.2,32.1,31.2,31.3,38400
SDT,20080505,33.4,33.5,31.7,32.3,21600
SDT,20080429,34.1,34.1,32.2,32.4,16500
SDT,20080428,33.7,33.9,32.2,33.2,12400
SDT,20080425,31.7,33.2,31.7,32.8,11000
SDT,20080424,31.9,34,31.9,32.6,30600
SDT,20080423,33,33.2,33,33,29400
SDT,20080422,34.1,34.7,34.1,34.2,46800
SDT,20080421,35.8,35.8,35.1,35.3,22000
SDT,20080418,37,37,35.3,36.3,41100
SDT,20080417,35.2,37.6,35.2,35.8,63100
SDT,20080416,36.4,36.4,36.4,36.4,19100
SDT,20080411,37.7,37.7,37.7,37.7,4900
SDT,20080410,39,39,39,39,19700
SDT,20080409,41.5,42.2,40.2,40.3,96400
SDT,20080408,42.9,42.9,40.1,41.6,151000
SDT,20080407,41.5,41.5,41.5,41.5,1700
SDT,20080404,40.2,40.2,40.2,40.2,500
SDT,20080403,39.3,39.3,39.3,39.3,900
SDT,20080402,38.5,38.5,38.5,38.5,4200
SDT,20080401,37.7,37.7,37.7,37.7,100
SDT,20080331,36.9,36.9,36.9,36.9,600
SDT,20080328,36.1,36.1,36.1,36.1,3500
SDT,20080327,35.3,35.3,35.3,35.3,6900
SDT,20080326,34.2,37.7,29.9,34.5,73200
SDT,20080325,33.7,34.3,33.7,33.8,36100
SDT,20080324,41.4,41.7,37.4,38,74400
SDT,20080321,42.2,44.2,41.3,42.1,74900
SDT,20080320,45.7,47.4,44.8,46.1,36000
SDT,20080319,48.2,50.7,42.2,46.8,114200
SDT,20080318,47.3,47.3,45.5,45.7,131800
SDT,20080317,54.7,54.7,50.2,51.2,87400
SDT,20080314,56.8,57.2,54.2,55.5,33800
SDT,20080313,59.1,59.1,55.7,56.8,55800
SDT,20080312,53.2,59.2,53.1,56,67500
SDT,20080311,59.3,59.3,53.3,54,67600
SDT,20080310,61.7,61.7,54.3,59.6,189100
SDT,20080307,55.6,55.6,55.6,55.6,71800
SDT,20080306,50.1,50.1,50.1,50.1,2900
SDT,20080305,44.6,47.7,44.6,45.1,103800
SDT,20080304,54.2,54.2,50,50.2,65200
SDT,20080303,61.2,61.2,53.9,56.1,80700
SDT,20080229,61.9,61.9,59.7,60.5,53500
SDT,20080228,63.2,64.2,61.7,62.8,47600
SDT,20080227,63.2,66.2,59.2,63,96900
SDT,20080226,72.2,72.2,62.2,63.8,55800
SDT,20080225,62.2,67.1,62.2,65.6,239000
SDT,20080222,60.2,67.7,58.3,60.5,97300
SDT,20080221,72.6,72.6,64.8,65.1,100500
SDT,20080220,75,75,71.2,72.6,69700
SDT,20080219,74.2,77.2,73.2,74.7,52400
SDT,20080218,78.2,78.2,71.2,73.6,78500
SDT,20080215,79.2,79.5,77.4,78.6,24100
SDT,20080214,82.2,83.7,78.2,80.6,36100
SDT,20080213,78.2,82.2,78.2,79.6,40200
SDT,20080212,89.2,91.2,81.2,83.1,37500
SDT,20080201,86.2,89,84.2,86.1,121700
SDT,20080131,92.7,94.1,79.4,84.1,118300
SDT,20080130,83.2,88.1,83.2,87.5,224200
SDT,20080129,78.6,81.2,76.8,79.6,65400
SDT,20080128,79.2,79.7,74.2,76.9,22200
SDT,20080125,77.1,80.2,77.1,78.7,68700
SDT,20080124,80.2,82,75.2,77.9,49700
SDT,20080123,79.4,80.2,74.2,76.9,45600
SDT,20080122,79.2,81.2,78.2,79.4,89700
SDT,20080121,84.2,84.2,80.2,81.6,69400
SDT,20080118,79.4,84.2,78.2,81.8,119500
SDT,20080117,86.7,88,77.7,81.5,81400
SDT,20080116,78.7,79.7,78.7,79.6,83300
SDT,20080115,74.2,74.2,71.6,72,73700
SDT,20080114,85.7,86.2,79.7,80.1,118000
SDT,20080111,90.7,93.2,82.2,89.2,76200
SDT,20080110,96.2,96.2,87.2,90.2,30100
SDT,20080109,99.2,99.2,95.2,96.2,36300
SDT,20080108,92.2,105.2,92.2,99.6,21200
SDT,20080107,94.2,98.2,93.2,95.7,38000
SDT,20080104,104.1,104.2,103.2,103.7,6500
SDT,20080103,104.3,105.2,104.2,104.6,21200
SDT,20080102,109.1,109.1,106.2,108,2800
SDT,20071228,110.7,110.7,108.3,109.2,12300
SDT,20071227,109.7,110.2,107.2,109,36500
SDT,20071226,110.2,111.2,109.2,110.1,37000
SDT,20071225,109.2,109.2,108.2,108.8,25700
SDT,20071224,112.2,112.2,109.2,109.9,30100
SDT,20071221,109.2,113.1,108.4,109.3,62700
SDT,20071220,112.2,112.2,106.2,109.3,16900
SDT,20071219,110.2,113.6,110.2,112.7,49000
SDT,20071218,99.2,108.4,98.2,102.8,41500
SDT,20071217,108.1,108.1,105.2,105.7,30100
SDT,20071214,112.2,112.2,109.2,111,14200
SDT,20071213,113.4,113.4,110.2,111.5,29800
SDT,20071212,111.8,120.2,111.2,113,41900
SDT,20071211,111.7,114.2,111.2,111.8,22100
SDT,20071210,119.7,119.7,114.2,115.1,47400
SDT,20071207,114.7,121.2,114.5,118.1,109700
SDT,20071206,119.2,123.2,118.5,119.6,49900
SDT,20071205,123.2,124.2,114.2,119.3,64500
SDT,20071204,113.2,121.7,113.2,119.7,72500
SDT,20071203,110.2,113,110.2,111.6,47200
SDT,20071130,114.2,114.2,109.7,110.5,21400
SDT,20071129,111.2,113.2,111,112.4,19900
SDT,20071128,111.2,112.2,110.2,110.9,12100
SDT,20071127,112.2,113.2,110.3,112.3,9900
SDT,20071126,109.2,110.7,109.2,110.4,17900
SDT,20071123,111.7,111.7,108.9,109.9,5200
SDT,20071122,109.2,112.2,108.2,110.6,15500
SDT,20071121,110.2,110.2,105.2,107.6,16700
SDT,20071120,110.2,112.2,109.2,110.2,19500
SDT,20071119,108.2,113.2,108.2,111.1,18000
SDT,20071116,113.2,113.2,104.2,108.1,17700
SDT,20071115,119.2,119.2,107.7,113.3,14700
SDT,20071114,101.2,112.1,101.2,111.7,23500
SDT,20071113,102.2,104.3,100.2,101.4,28200
SDT,20071112,117.2,117.2,109.7,111.9,39900
SDT,20071109,116.2,122.2,112.2,116.4,27300
SDT,20071108,124.2,128.2,121.7,123.8,19500
SDT,20071107,121.2,129.2,121.2,126.8,36300
SDT,20071106,112.1,125.2,112.1,120.3,58700
SDT,20071105,129.2,129.2,122.2,125.2,43600
SDT,20071102,144.2,149.2,129.7,135.9,23900
SDT,20071101,128.2,141.6,128.2,139.5,85300
SDT,20071031,131,134.2,121.2,128.2,49900
SDT,20071030,138.2,139.2,129.2,131.4,42300
SDT,20071029,154.2,154.2,139.5,143,38700
SDT,20071026,175.2,175.7,148.2,155.6,78900
SDT,20071025,159.2,159.2,159.2,159.2,60500
SDT,20071024,139.2,145.8,136.7,144.2,74700
SDT,20071023,130.2,135.2,126.2,132.1,101900
SDT,20071022,141.2,141.2,128.3,131.3,59900
SDT,20071019,124.2,136.4,112.2,129.9,109700
SDT,20071018,124.2,127.2,122.9,123.5,32600
SDT,20071017,146.2,146.2,120.2,137.2,79600
SDT,20071016,132.6,132.6,129.2,132.4,82700
SDT,20071015,118.2,120.2,117.7,120.1,19700
SDT,20071012,104.2,113.2,104.2,108.8,78000
SDT,20071011,107.2,107.2,102.2,104.8,99100
SDT,20071010,96.7,107.8,90.2,102.5,67900
SDT,20071009,106.2,106.2,96.2,97.5,32400
SDT,20071008,104.2,109.4,104.2,107.4,97900
SDT,20071005,99.2,99.6,93.2,99,96000
SDT,20071004,89.7,99.6,88.2,90.1,58200
SDT,20071003,89.2,92.2,88.7,90.1,35100
SDT,20071002,92.7,92.9,86.2,90.7,46700
SDT,20071001,83.2,84.4,78.2,84,66000
SDT,20070928,74.2,79.2,74.2,76.2,34500
SDT,20070927,71.2,72.7,71.2,71.2,18600
SDT,20070926,74.4,74.4,70.3,71.2,22400
SDT,20070925,67.7,71.2,67.7,70,18600
SDT,20070924,65.2,67.8,65.2,67.6,21900
SDT,20070921,67.6,67.6,67.2,67.4,5000
SDT,20070920,67.6,68.1,67.2,67.6,19100
SDT,20070919,68.2,68.2,67.2,67.6,5000
SDT,20070918,68.2,68.4,67.8,68.1,4300
SDT,20070917,68.2,68.2,67.7,68.1,13400
SDT,20070914,67.2,68.7,65.2,68.1,17200
SDT,20070913,67.7,68.2,67.4,67.7,13900
SDT,20070912,67.4,68.2,67.2,67.5,17700
SDT,20070911,67.2,68.2,65.3,67.3,18300
SDT,20070910,65.2,68.2,65.2,66.9,17300
SDT,20070907,69,69.2,67.2,68,6900
SDT,20070906,68.2,70.2,67.2,69,1100
SDT,20070905,68,68.2,67.2,67.6,4100
SDT,20070904,67.2,69.2,67.2,68,5000
SDT,20070831,66.2,68.2,65.2,66.9,7800
SDT,20070830,64.2,66.2,63.7,64.1,6000
SDT,20070829,64.4,65,63.7,64.5,6100
SDT,20070828,64.2,67.7,64.2,65.6,4200
SDT,20070827,68.7,68.7,67.8,68.3,600
SDT,20070824,68.2,69.2,67.7,68.3,7300
SDT,20070823,73.2,73.2,68.2,69.8,1800
SDT,20070822,76.2,76.2,72.2,73.4,14100
SDT,20070821,41.9,44.9,41.9,70.6,33639
SDT,20070820,45.7,46.8,44.2,72.2,42483
SDT,20070817,47.6,48.2,45.7,74.9,20057
SDT,20070816,49.1,49.1,48.3,78.4,8054
SDT,20070815,49.5,49.5,49.1,78.7,12950
SDT,20070814,49.3,49.9,49.1,78.9,22900
SDT,20070813,49.1,49.5,48.7,78.6,25585
SDT,20070810,48.7,49.3,48.7,78.6,22900
SDT,20070809,49.5,49.5,48.4,78.7,8686
SDT,20070808,49.3,49.5,48.4,79,2369
SDT,20070807,47.6,50.1,47.2,79.3,43273
SDT,20070806,47.6,48.7,47.2,76.8,4422
SDT,20070803,49.5,49.5,49.5,79.2,12634
SDT,20070802,49.5,49.9,49.5,79.6,36955
SDT,20070801,49.9,49.9,49.1,79.2,11845
SDT,20070731,47,51.4,45.7,79.1,91441
SDT,20070730,46.4,49.5,45.7,75.2,64593
SDT,20070727,47.2,47.2,47.2,75.6,1895
SDT,20070726,47.2,47.6,47.2,76,5843
SDT,20070725,47.8,48.7,47.8,76.7,10897
SDT,20070724,47.6,49.1,47.6,78.1,3474
SDT,20070723,48.5,48.7,48,77.2,19425
SDT,20070720,48.3,48.7,48.3,77.5,4896
SDT,20070719,48.7,48.7,47.6,76.8,27006
SDT,20070718,49.5,50.2,49.5,79.4,3317
SDT,20070717,49.9,49.9,49.1,79.4,4738
SDT,20070716,49.5,49.9,49.1,79.3,6475
SDT,20070713,49.5,50.2,49.4,79.7,10897
SDT,20070712,51,51,49.5,79.9,2685
SDT,20070711,50.2,50.6,50.2,80.6,15319
SDT,20070710,49.6,50.8,49.1,79.4,21163
SDT,20070709,49.1,49.9,49.1,79.2,21320
SDT,20070706,50.1,50.8,50.1,81,11529
SDT,20070705,51.4,54.8,47.6,82.6,36008
SDT,20070704,47.2,50.6,47.2,79.8,10107
SDT,20070703,45.9,46.8,44.2,73.5,34113
SDT,20070702,49.9,49.9,46.1,75.2,34587
SDT,20070629,51.8,52.1,49.9,82,8370
SDT,20070628,52.9,52.9,52.1,86.7,4896
SDT,20070627,53.5,53.6,52.9,85.3,26374
SDT,20070626,54,54.4,53.7,86.1,18478
SDT,20070625,54.4,54.4,54,86.7,15635
SDT,20070622,54.8,55.2,54.6,87.7,13582
SDT,20070621,56.3,56.3,54.4,87.5,34744
SDT,20070620,57.5,57.5,54.4,88.5,39640
SDT,20070619,53.7,58.8,53.6,91.1,90651
SDT,20070618,55.2,55.2,53.3,86.5,10897
SDT,20070615,56.3,56.3,54.8,88.7,8686
SDT,20070614,57.8,57.8,55.2,90.1,5528
SDT,20070613,58.2,59,57.8,92.9,39324
SDT,20070612,57.3,57.8,56.3,91.8,50695
SDT,20070611,55.2,57.1,54.8,89.5,51011
SDT,20070608,54.8,56.7,54.1,88.7,103444
SDT,20070607,54.4,55.6,54.4,88,25427
SDT,20070606,53.7,55.2,51.4,87,28269
SDT,20070605,55.6,55.6,54,87.7,63488
SDT,20070604,55.2,55.6,54,88.1,78965
SDT,20070601,53.7,55.2,53.3,86.5,61277
SDT,20070531,53.7,54,53.7,86.2,41062
SDT,20070530,53.7,54.4,53.3,85.9,86229
SDT,20070529,54.4,54.4,52.9,85.7,114815
SDT,20070528,55.2,56.3,51.4,84.4,61119
SDT,20070525,48.3,54.4,47.6,81.7,30480
SDT,20070524,53.3,53.3,50.1,80.8,46115
SDT,20070523,57.3,57.3,52.1,89.2,94126
SDT,20070522,52.3,52.3,51.4,83.1,59381
SDT,20070521,46.4,49.9,44.5,75.8,63014
SDT,20070518,45.3,45.7,44.9,72.4,19583
SDT,20070517,44.9,45.2,44.2,71.7,45957
SDT,20070516,45.4,45.4,44.9,72.1,9792
SDT,20070515,46.1,46.8,44.9,72.7,37903
SDT,20070514,46.4,47.6,44.9,72.9,36008
SDT,20070511,44.5,44.9,44.2,71.6,13108
SDT,20070510,45.7,45.9,44.2,72.4,25427
SDT,20070509,46.4,46.4,44.9,73.2,18320
SDT,20070508,43.8,46.1,43.8,71.9,24953
SDT,20070507,43,44.9,43,70.6,22742
SDT,20070504,43.8,43.8,43.2,70,5054
SDT,20070503,42.1,44.5,41.9,70.2,17688
SDT,20070502,47.6,47.6,41.9,68.2,7739
SDT,20070425,45.7,46.4,45.7,73.8,21636
SDT,20070424,41.9,43.4,41.5,67.7,9002
SDT,20070423,46.1,46.1,41.5,70.1,16583
SDT,20070420,46.4,46.8,45.3,73.9,10423
SDT,20070419,49.5,49.5,46.4,75.6,65856
SDT,20070418,43.8,47.1,41.9,72.8,25585
SDT,20070417,41.9,44.5,40.1,68.4,52590
SDT,20070416,46.4,46.8,43.3,71.5,15003
SDT,20070413,49.9,49.9,46.9,77.2,36166
SDT,20070412,51.4,51.4,49.1,79.8,26374
SDT,20070411,52.1,52.5,51,82.6,30954
SDT,20070410,53.3,54.4,52.1,84.3,19741
SDT,20070409,50.7,52.7,50.7,82.2,47063
SDT,20070406,51.4,51.4,49.1,79.4,22584
SDT,20070405,46.8,52.5,46.8,81.1,29375
SDT,20070404,49.5,51.4,45.7,80.1,25427
SDT,20070403,51.4,51.4,48.5,79,24795
SDT,20070402,53.3,55.2,48.3,82.3,24953
SDT,20070330,55.4,55.4,50.2,85.3,65225
SDT,20070329,52.5,52.5,45.7,80.7,184461
SDT,20070328,47.6,56.7,46.3,76.1,37271
SDT,20070327,51.4,53.3,51,82.6,18320
SDT,20070326,59.3,59.3,54.4,90.2,24479
SDT,20070323,60.9,60.9,58.6,94.6,39166
SDT,20070322,64.4,64.4,60.1,97.3,22742
SDT,20070321,63.2,64.3,62.1,100.7,16740
SDT,20070320,66.6,66.6,59.9,102.9,31270
SDT,20070319,70.4,70.8,59,105.8,65067
SDT,20070319,70.4,70.8,59,105.8,65067
SDT,20070316,62,65.8,62,102.8,48484
SDT,20070315,65.1,65.1,59.7,98.7,31112
SDT,20070314,64.7,65.9,62.5,103.8,59066
SDT,20070313,68.1,68.1,58.4,100.7,61908
SDT,20070312,64,65.9,62.9,104,60013
SDT,20070309,62.1,64,61.4,100.4,56539
SDT,20070308,67.8,73,62.1,103.6,19741
SDT,20070307,73.4,77.2,67,111,22268
SDT,20070306,74.1,76,68.1,115.4,45010
