<Ticker>,<DTYYYYMMDD>,<Open>,<High>,<Low>,<Close>,<Volume>
SGD,20100729,16.1,16.2,15.3,16,66400
SGD,20100728,16.3,16.3,15.3,15.6,183300
SGD,20100727,16.5,16.9,15.8,16.2,179400
SGD,20100726,16.6,16.7,16.3,16.5,119000
SGD,20100723,16.8,17,16.3,16.5,80300
SGD,20100722,17,17.3,16.4,16.7,346300
SGD,20100721,17.9,17.9,16.8,17.6,522700
SGD,20100720,16,17.1,16,16.8,417700
SGD,20100719,15.5,16.4,15.5,16,139600
SGD,20100716,16,16.3,15.9,16.1,177000
SGD,20100715,16.5,16.5,15.9,16.1,153500
SGD,20100714,16,16.6,15.8,16.1,290400
SGD,20100713,15.6,15.8,15.4,15.7,113600
SGD,20100712,15.4,15.7,15.1,15.4,102800
SGD,20100709,14.6,16.2,14.6,15.7,199700
SGD,20100708,16.4,16.4,15.2,15.4,97400
SGD,20100707,15.9,15.9,15.3,15.5,67100
SGD,20100706,16,16,15.4,15.6,71900
SGD,20100705,16.5,16.6,15.7,16.2,261300
SGD,20100702,14.7,15.7,14.7,15.6,566100
SGD,20100701,15,15.3,14.3,14.7,97800
SGD,20100630,14.5,14.6,14.3,14.5,39400
SGD,20100629,15,15.1,14.8,14.9,66500
SGD,20100628,14.9,15.2,14.6,14.9,88500
SGD,20100625,14.5,14.9,14.4,14.6,118200
SGD,20100624,15.2,15.3,14.8,15,60200
SGD,20100623,15.1,15.3,15,15.2,46600
SGD,20100622,16.5,16.6,15,15.3,193300
SGD,20100621,14.9,15.7,14.9,15.7,374100
SGD,20100618,14.8,15,14.4,14.7,139000
SGD,20100617,14.5,14.8,14.4,14.5,85300
SGD,20100616,15.3,15.3,14.7,14.9,123800
SGD,20100615,15,15.2,14.8,14.9,81800
SGD,20100614,16,16,15,15.3,211400
SGD,20100611,15,15,14.6,15,211200
SGD,20100610,13.6,14.2,13.6,14.1,203400
SGD,20100609,13.8,13.9,13.2,13.3,33900
SGD,20100608,13.4,13.4,13,13.2,49400
SGD,20100607,13,13.3,12.8,13,50700
SGD,20100604,13.5,13.6,13.3,13.4,22100
SGD,20100603,13.5,13.7,13.4,13.5,29000
SGD,20100602,13.2,13.5,13.1,13.4,32400
SGD,20100601,13.2,13.4,13.1,13.2,33500
SGD,20100531,13.9,13.9,13.1,13.4,11800
SGD,20100528,13.8,14,13.6,13.8,77200
SGD,20100527,12.9,13.4,12.9,13.2,51300
SGD,20100526,13.5,13.7,13.2,13.5,52900
SGD,20100525,12.9,13.7,12.9,13.4,24000
SGD,20100524,13,13,12.9,13,23400
SGD,20100521,12.6,12.8,12.1,12.2,169300
SGD,20100520,12.8,13.6,12.4,13,68500
SGD,20100519,13.4,13.6,12.7,12.9,162400
SGD,20100518,14,14,13.4,13.6,43900
SGD,20100517,14.4,15,13.6,14.1,49400
SGD,20100514,14.7,14.7,14,14.2,91000
SGD,20100513,14.9,15,14.2,14.5,73800
SGD,20100512,15.6,15.6,14.7,14.8,218800
SGD,20100511,15.9,16.5,15.3,15.8,86900
SGD,20100510,16,16.7,15.2,15.9,131400
SGD,20100507,16.7,16.7,15.2,16.2,243300
SGD,20100506,14.9,15.7,14.9,15.7,316600
SGD,20100505,14.5,15,14.2,14.7,100300
SGD,20100504,14.9,15.1,14.7,14.9,117200
SGD,20100429,15.4,15.4,14.3,14.6,154800
SGD,20100428,14.2,14.4,14,14.4,93600
SGD,20100427,13.9,13.9,13.1,13.5,99800
SGD,20100426,14,14,13.5,13.7,67500
SGD,20100422,14.5,14.9,14.2,14.3,111900
SGD,20100421,16,16,14.8,15.2,255200
SGD,20100420,14.3,15.1,14,15,281600
SGD,20100419,13,14.2,13,14.2,270400
SGD,20100416,12.9,13.6,12.9,13.3,74200
SGD,20100415,12.9,13.1,12.8,13,42100
SGD,20100414,12.7,13,12.7,12.9,44000
SGD,20100413,12.7,13,12.7,12.9,42800
SGD,20100412,13.5,13.5,12.8,13,34500
SGD,20100409,13.1,13.3,13,13.2,87000
SGD,20100408,12.9,13.1,12.6,12.9,106300
SGD,20100407,13,13,12.8,12.9,45700
SGD,20100406,12.8,13.2,12.7,12.9,100300
SGD,20100405,13.9,13.9,12.8,13,65500
SGD,20100402,12.7,13.3,12.4,13.1,81600
SGD,20100401,12.5,12.7,12.3,12.5,34000
SGD,20100331,12.6,12.8,12.3,12.5,56900
SGD,20100330,13,13,12.5,12.8,102200
SGD,20100329,12.9,13.4,12.7,12.9,112500
SGD,20100326,13.7,13.7,12.9,13.2,69900
SGD,20100325,15.2,15.3,13.4,13.8,70200
SGD,20100324,14.2,14.4,14.1,14.4,242400
SGD,20100323,13.2,13.6,12.9,13.5,311500
SGD,20100322,12.8,13,12.5,12.8,111700
SGD,20100319,12.9,12.9,12.5,12.6,56700
SGD,20100318,12.4,12.8,12.3,12.5,104300
SGD,20100317,12.5,12.5,12.1,12.3,17500
SGD,20100316,12.7,12.8,12.1,12.3,50200
SGD,20100315,12.6,13.1,12.6,13,211300
SGD,20100312,12.1,12.6,12,12.3,87400
SGD,20100311,12.1,12.3,12,12.1,26800
SGD,20100310,12.2,12.7,12,12.4,48500
SGD,20100309,12.6,12.7,12.5,12.7,149600
SGD,20100308,11.5,12.1,11.5,11.9,128600
SGD,20100305,11.4,11.5,11.4,11.4,43800
SGD,20100304,11.4,11.7,11.2,11.4,44600
SGD,20100303,11.3,11.5,11.3,11.4,34800
SGD,20100302,11.8,11.8,11.3,11.4,9400
SGD,20100301,11.3,11.4,11.2,11.3,16800
SGD,20100226,11.3,11.3,11.2,11.3,8300
SGD,20100225,11.3,11.5,11.2,11.3,15700
SGD,20100224,11.3,11.5,11.1,11.3,13400
SGD,20100223,11.7,11.7,11.3,11.5,19800
SGD,20100222,11.5,11.8,11.5,11.7,34900
SGD,20100212,11.7,11.7,11.5,11.7,11100
SGD,20100211,11.4,11.5,11.4,11.4,6000
SGD,20100210,11,12.3,11,11.5,5500
SGD,20100209,11.1,11.6,11.1,11.5,22100
SGD,20100208,11.5,11.6,11.4,11.5,6400
SGD,20100205,11.4,11.6,11.4,11.5,16200
SGD,20100204,11.5,11.5,11.5,11.5,10100
SGD,20100203,11.4,11.5,11.3,11.4,13100
SGD,20100202,11.4,11.5,11.4,11.4,4100
SGD,20100201,11.4,11.5,11.4,11.4,7000
SGD,20100129,11.3,11.4,11.2,11.3,7400
SGD,20100128,11.4,11.5,11.3,11.3,10900
SGD,20100127,11.9,11.9,11.5,11.7,11800
SGD,20100126,11.8,11.9,11.5,11.8,46100
SGD,20100125,11.5,11.5,11.3,11.4,11500
SGD,20100122,11.3,11.4,11.2,11.3,10400
SGD,20100121,10.7,11.6,10.7,11.3,18300
SGD,20100120,11.7,11.7,11.3,11.5,6000
SGD,20100119,11.7,11.8,11.6,11.7,10700
SGD,20100118,11.5,11.7,11.2,11.4,30600
SGD,20100115,12.2,12.2,11.7,11.8,2700
SGD,20100114,12.3,12.3,11.8,11.9,17800
SGD,20100113,12,12,11.4,11.8,26500
SGD,20100112,12.1,12.2,11.7,11.8,19200
SGD,20100111,12.6,12.6,11.7,11.8,17000
SGD,20100108,12.9,12.9,11.5,11.9,28600
SGD,20100107,13.3,13.3,12.1,12.3,6400
SGD,20100106,12.9,12.9,12.7,12.8,21900
SGD,20100105,13.3,13.7,12.8,13.6,117600
SGD,20100104,12.3,12.8,12.3,12.8,22200
SGD,20091231,11.8,12.3,11.8,12,30800
SGD,20091230,11.6,11.9,11.6,11.8,5900
SGD,20091229,11.8,11.9,11.5,11.7,17500
SGD,20091228,11.5,12.4,11.5,12,6800
SGD,20091225,11.6,12.3,11.6,12.2,39100
SGD,20091224,11.4,11.8,11.4,11.5,26900
SGD,20091223,11.1,11.6,11.1,11.3,6500
SGD,20091222,12.1,12.1,11.3,11.6,11800
SGD,20091221,12,12.2,11.8,12.1,26400
SGD,20091218,10.8,11.6,10.8,11.4,17200
SGD,20091217,11.8,11.8,11.1,11.4,16300
SGD,20091216,11.5,11.5,10.9,11.4,27400
SGD,20091215,11.7,11.9,11.3,11.7,30400
SGD,20091214,11.9,11.9,11.6,11.8,12700
SGD,20091211,11.2,11.3,11.1,11.2,34700
SGD,20091210,11.1,11.6,11.1,11.2,15500
SGD,20091209,11.1,11.6,10.8,11,33400
SGD,20091208,11.8,11.8,11.6,11.6,13900
SGD,20091207,12,12.2,11.9,12,6400
SGD,20091204,12,12.3,11.7,11.9,10400
SGD,20091203,11.7,12.4,11.7,12,18800
SGD,20091202,13.2,13.2,12.3,12.5,18300
SGD,20091201,13.5,13.5,12.8,13.2,11000
SGD,20091130,12.7,12.8,12.7,12.8,14400
SGD,20091127,11.5,12.1,11.5,12,43100
SGD,20091126,12,12,11.2,11.3,61200
SGD,20091125,12.8,12.8,11.9,12,41700
SGD,20091124,13.4,13.4,12.6,12.8,30500
SGD,20091123,13.8,13.8,13.4,13.5,8200
SGD,20091120,13.9,14,13.8,13.9,15000
SGD,20091119,13.8,14.2,13.8,13.9,15800
SGD,20091118,13.8,14.1,13.7,13.9,17100
SGD,20091117,13.9,13.9,13.8,13.8,15000
SGD,20091116,13.8,14.1,13.8,13.9,34700
SGD,20091113,14,14.5,13.8,14.1,19600
SGD,20091112,14.5,14.8,14.3,14.3,16900
SGD,20091111,13.8,14.5,13.8,14.3,6000
SGD,20091110,14.6,14.6,13.5,13.9,27400
SGD,20091109,14.6,14.6,14.4,14.5,34100
SGD,20091106,15.8,15.8,15,15.4,55300
SGD,20091105,14.9,15.4,14.6,15,42300
SGD,20091104,14,15.1,14,14.6,28800
SGD,20091103,15,15,14,14.5,72500
SGD,20091102,16.2,16.2,15,15,86300
SGD,20091030,16.2,16.3,15.6,16.1,30900
SGD,20091029,15.8,15.9,15.2,15.4,103600
SGD,20091028,16.3,16.6,16,16.3,51300
SGD,20091027,16.3,16.6,15.8,16,118400
SGD,20091026,17,17.4,16.7,16.8,224700
SGD,20091023,17.9,18.3,17.8,17.9,141000
SGD,20091022,19.8,20.2,18.5,19.1,103300
SGD,20091021,19.3,19.3,18.2,19,236700
SGD,20091020,18.1,18.2,17.6,18.1,247800
SGD,20091019,16.5,17.6,15.8,17,238600
SGD,20091016,17.5,17.5,16.3,16.5,56700
SGD,20091015,17.7,17.8,16.9,17.5,140000
SGD,20091014,15.7,16.9,15.7,16.7,256300
SGD,20091013,15.8,16.2,15.4,15.8,65700
SGD,20091012,14.8,15.8,14.4,15.3,155400
SGD,20091009,14.8,15.2,14.7,14.8,26000
SGD,20091008,15.6,15.6,14.8,15,26300
SGD,20091007,14.4,14.9,14.4,14.8,87800
SGD,20091006,14.6,14.6,13.8,14,30000
SGD,20091005,13.7,14.5,13.5,13.9,55800
SGD,20091002,14.7,14.8,14.4,14.4,52600
SGD,20091001,15.3,15.8,15.3,15.4,17300
SGD,20090930,15.9,16.1,15.8,15.8,12300
SGD,20090929,16.2,16.3,15.8,16.1,23800
SGD,20090928,16.3,16.3,15.5,15.8,13800
SGD,20090925,15.4,15.9,15.4,15.7,17600
SGD,20090924,15.3,15.8,15.1,15.4,8700
SGD,20090923,16,16.2,15.7,15.9,15500
SGD,20090922,15.9,16.1,15.8,15.9,23100
SGD,20090921,16.1,16.3,15.8,16,8700
SGD,20090918,15.8,16.2,15.8,16.1,26300
SGD,20090917,16.2,16.3,15.8,16,22800
SGD,20090916,16.1,16.3,15.8,16.1,45800
SGD,20090915,16.3,16.3,16,16.1,17600
SGD,20090914,16.7,16.8,16.3,16.5,24200
SGD,20090911,16.8,17.3,16.4,16.8,28700
SGD,20090910,16.1,17.2,16.1,16.9,66300
SGD,20090909,16.3,16.8,15.8,16.2,41700
SGD,20090908,16.2,16.3,15.7,15.9,18900
SGD,20090907,16.1,16.1,15.5,15.7,24400
SGD,20090904,16.8,17.3,15.8,16.5,42300
SGD,20090903,16,17.1,16,16.4,46500
SGD,20090901,16.6,16.6,15.8,16,20500
SGD,20090831,16.9,16.9,16.3,16.6,25400
SGD,20090828,17.2,17.2,16.3,16.7,20300
SGD,20090827,16,16.8,16,16.5,27100
SGD,20090826,16,16.7,15.8,16.2,15900
SGD,20090825,15.2,16.6,15.2,15.7,19400
SGD,20090824,16.3,16.3,16,16.2,23400
SGD,20090821,16.8,17.4,16.6,16.9,27900
SGD,20090820,16.7,16.9,16.4,16.6,54100
SGD,20090819,17.3,17.6,16.8,17.1,47200
SGD,20090818,17.3,18.3,17.3,17.6,54500
SGD,20090817,19.1,19.1,17.8,18.6,58000
SGD,20090814,16.3,18.3,16.3,18,107100
SGD,20090813,17.5,17.5,17,17.1,73300
SGD,20090812,18.3,18.5,17.4,18.2,81300
SGD,20090811,17.2,17.8,17.2,17.3,91500
SGD,20090810,19.1,19.3,18.4,18.5,152300
SGD,20090807,20.3,20.3,18.5,19.7,259100
SGD,20090806,19,19,18.5,19,84500
SGD,20090805,17.7,17.9,15.9,17.7,110100
SGD,20090804,15.8,16.8,15.8,16.7,175300
SGD,20090803,16,16.1,15.5,15.7,136800
SGD,20090731,15,15,14.7,15,31500
SGD,20090730,13.9,14.6,13.8,14,37500
SGD,20090729,13.2,14.1,13.2,13.8,27800
SGD,20090728,14.3,14.7,13.6,13.9,14400
SGD,20090727,14.9,15.1,13.4,14.7,33000
SGD,20090724,14.1,14.1,14,14.1,48500
SGD,20090723,12.4,13.5,12.4,13.1,21200
SGD,20090722,12.6,12.6,12.5,12.6,3300
SGD,20090721,12.6,12.6,12.5,12.5,3600
SGD,20090720,13.1,13.1,12.6,12.8,3300
SGD,20090717,13.3,13.3,12.5,12.9,5000
SGD,20090716,13,13,12.4,12.8,3300
SGD,20090715,12.5,12.6,12.5,12.5,2000
SGD,20090714,12.3,12.6,12.3,12.4,4200
SGD,20090713,12.4,12.8,12.3,12.3,9200
SGD,20090710,13.2,13.2,12.1,12.3,16200
SGD,20090709,12.5,12.8,12.4,12.7,12800
SGD,20090708,12.2,12.8,12.2,12.5,6500
SGD,20090707,12.8,12.8,12.8,12.8,1000
SGD,20090706,12.8,13.4,12.4,13.1,2300
SGD,20090703,13.1,13.1,11.8,12.8,12800
SGD,20090702,13.1,13.4,12.1,12.7,15800
SGD,20090701,13.9,13.9,12.2,12.5,8300
SGD,20090630,14.6,14.6,12.7,13,7900
SGD,20090629,14.3,14.3,13,13.6,12100
SGD,20090626,14.1,14.1,13.6,13.9,10300
SGD,20090625,14.2,14.2,13,13.3,13200
SGD,20090624,13.2,13.3,13.2,13.3,17300
SGD,20090623,12.8,12.8,12.3,12.4,33700
SGD,20090622,14.5,14.6,12.8,13.2,16600
SGD,20090619,13.9,14,13.5,13.7,14900
SGD,20090618,13.8,14.2,13.8,14.1,14800
SGD,20090617,12.6,13.8,12.6,13.2,28500
SGD,20090616,14.4,14.4,13.5,13.6,39300
SGD,20090615,14.8,14.8,14.4,14.5,31600
SGD,20090612,16.3,16.3,15,15.5,39200
SGD,20090611,15.9,15.9,15.1,15.6,37000
SGD,20090610,16.2,16.2,14.8,14.9,35800
SGD,20090609,17.3,17.3,15,16,72900
SGD,20090608,16,16.2,15.2,16.2,96100
SGD,20090605,15,15.2,14.6,15.1,98100
SGD,20090604,14.4,14.7,13.8,14.2,23300
SGD,20090603,14.6,14.6,13.4,13.8,21700
SGD,20090602,14.3,14.3,13.8,14.1,67100
SGD,20090601,13.3,13.4,12.6,13.3,38700
SGD,20090529,13.6,13.6,12.4,12.5,81800
SGD,20090528,13.4,13.4,13.4,13.4,3300
SGD,20090527,15,15,13.9,14.4,14000
SGD,20090526,15.3,15.3,14.5,15,66400
SGD,20090525,14.3,14.3,14.2,14.3,17500
SGD,20090522,13.4,13.4,12.5,13.3,122100
SGD,20090521,12,12.7,11.9,12.5,142600
SGD,20090520,11.7,11.9,10.9,11.8,32100
SGD,20090519,11.7,11.9,11.4,11.7,21600
SGD,20090518,10.8,11.3,10.8,11.2,6400
SGD,20090515,10.8,11.8,10.8,11.3,13100
SGD,20090514,11.3,11.3,10.6,11.1,7700
SGD,20090513,11,11.3,11,11.1,8900
SGD,20090512,10.8,11.3,10.5,10.9,13700
SGD,20090511,11.3,11.7,10.8,11.4,7900
SGD,20090508,11.3,11.6,11.2,11.3,11300
SGD,20090507,11.8,11.8,11.4,11.6,19000
SGD,20090506,11.9,11.9,11.8,11.8,9000
SGD,20090505,12.8,12.8,11.9,12.7,44100
SGD,20090504,11.9,11.9,11.9,11.9,12300
SGD,20090429,11,11.1,10.8,11.1,15800
SGD,20090428,10.3,10.3,9.8,10.3,10400
SGD,20090427,9.6,9.6,9.4,9.6,10600
SGD,20090424,9.4,9.5,9.4,9.4,34100
SGD,20090423,9.7,9.7,9.6,9.6,31800
SGD,20090422,9.8,10.1,9.8,9.9,41300
SGD,20090421,10.1,10.1,10.1,10.1,2100
SGD,20090420,10.4,10.4,10.4,10.4,1400
SGD,20090417,11.1,11.1,10.6,10.8,4900
SGD,20090416,11.2,11.2,10.6,11,12800
SGD,20090415,10.9,10.9,10.6,10.9,58600
SGD,20090414,10.6,10.6,10.6,10.6,67000
SGD,20090413,10.3,10.3,10.3,10.3,17000
SGD,20090410,10,10,10,10,10100
SGD,20090409,9.7,9.8,9.6,9.7,19400
SGD,20090408,9.8,10,9.6,9.8,6900
SGD,20090407,9.6,9.8,9.6,9.8,23600
SGD,20090403,9.5,9.6,9.5,9.6,25300
SGD,20090402,9.4,9.4,9.3,9.3,10800
SGD,20090401,9.2,9.3,9.2,9.2,1100
SGD,20090331,9.1,9.2,9.1,9.2,5200
SGD,20090330,9.3,9.3,9.2,9.2,2500
SGD,20090327,9.3,9.3,9,9.2,22000
SGD,20090326,9.3,9.3,9.3,9.3,300
SGD,20090325,9.3,9.3,9.3,9.3,1000
SGD,20090324,9.3,9.3,9.2,9.3,3500
SGD,20090323,9.3,9.3,9.2,9.3,10800
SGD,20090320,9.5,9.5,9.2,9.3,12800
SGD,20090319,9.5,9.5,9.4,9.4,5300
SGD,20090318,9.5,9.5,9.4,9.5,4800
SGD,20090317,9.3,9.4,9.3,9.3,4200
SGD,20090316,9.3,9.3,9.3,9.3,9100
SGD,20090313,9.2,9.2,9.2,9.2,1000
SGD,20090312,9.3,9.3,9,9.1,13800
SGD,20090311,9.4,9.4,9.2,9.3,9900
SGD,20090310,9.2,9.3,9.2,9.2,8400
SGD,20090309,9.3,9.4,9.1,9.2,7800
SGD,20090306,9.3,9.3,9.2,9.3,3100
SGD,20090305,9.3,9.3,9,9.2,13400
SGD,20090304,9.1,9.3,9.1,9.2,1700
SGD,20090303,9.1,9.1,9,9,2100
SGD,20090302,9,9,9,9,2100
SGD,20090227,9,9,9,9,500
SGD,20090226,9,9,9,9,2000
SGD,20090225,9,9.1,9,9.1,1000
SGD,20090224,9,9,9,9,2400
SGD,20090223,9,9,9,9,2000
SGD,20090220,9,9,9,9,1500
SGD,20090219,9,9,8.9,9,2600
SGD,20090218,9.1,9.1,8.9,9,13100
SGD,20090217,9.5,9.5,9.2,9.2,3600
SGD,20090216,9.4,9.4,9.3,9.3,1800
SGD,20090213,9.4,9.4,9.4,9.4,100
SGD,20090212,9.4,9.4,9.4,9.4,100
SGD,20090211,9.3,9.3,9.3,9.3,2100
SGD,20090210,9.4,9.4,9.3,9.4,2000
SGD,20090209,9.3,9.4,9.3,9.3,8400
SGD,20090206,9.2,9.2,9.2,9.2,100
SGD,20090205,9,9.1,8.9,9,3700
SGD,20090204,9,9,9,9,2000
SGD,20090203,9,9,9,9,1000
SGD,20090202,9.1,9.1,8.9,9,3700
SGD,20090123,9.1,9.1,9.1,9.1,3800
SGD,20090122,9.1,9.1,8.9,9,2500
SGD,20090121,9.2,9.3,9.1,9.1,3300
SGD,20090120,9.2,9.3,9.2,9.2,700
SGD,20090119,9.3,9.3,9.3,9.3,4700
SGD,20090116,9.3,9.3,9.3,9.3,1800
SGD,20090115,9.3,9.3,9.3,9.3,1200
SGD,20090114,9.4,9.4,9.3,9.3,6800
SGD,20090113,9.3,9.3,9.3,9.3,9600
SGD,20090112,9.3,9.3,9.3,9.3,3000
SGD,20090109,9.3,9.3,9.3,9.3,1600
SGD,20090108,9.4,9.4,9.4,9.4,2200
SGD,20090107,9.6,9.6,9.5,9.6,3100
SGD,20090106,9.3,9.4,9.3,9.3,2700
SGD,20090105,9.3,9.3,9.3,9.3,200
SGD,20090102,9.3,9.3,9.3,9.3,400
SGD,20081231,9.1,9.1,9.1,9.1,2200
SGD,20081230,9.1,9.3,9.1,9.1,8200
SGD,20081229,9.1,9.1,9.1,9.1,200
SGD,20081226,9.3,9.3,9.3,9.3,2600
SGD,20081225,9.4,9.4,9.4,9.4,200
SGD,20081224,9.2,9.2,9.2,9.2,400
SGD,20081223,8.9,8.9,8.9,8.9,1300
SGD,20081222,9.2,9.2,9.2,9.2,900
SGD,20081219,9,9,8.9,9,6800
SGD,20081217,9,9.5,8.9,9.1,4300
SGD,20081216,9.2,9.3,9.1,9.2,6800
SGD,20081215,9.4,9.7,9.4,9.4,5600
SGD,20081212,9.7,9.7,9.6,9.7,600
SGD,20081211,9.5,9.5,9.4,9.4,1100
SGD,20081209,9.7,9.7,9.7,9.7,600
SGD,20081205,9.5,9.9,9.5,9.6,300
SGD,20081204,9.8,9.9,9.8,9.8,3100
SGD,20081203,9.8,9.8,9.8,9.8,1100
SGD,20081202,9.9,9.9,9.8,9.8,1100
SGD,20081201,9.8,9.8,9.8,9.8,2400
SGD,20081128,9.6,9.6,9.6,9.6,1100
SGD,20081127,9.3,9.3,9.3,9.3,3700
SGD,20081126,9.4,9.6,9.4,9.5,4000
SGD,20081125,9.7,9.7,9.7,9.7,600
SGD,20081124,9.9,9.9,9.6,9.6,900
SGD,20081124,9.9,9.9,9.6,9.6,900
SGD,20081121,9.6,9.6,9.5,9.6,1600
SGD,20081120,9.3,9.3,9.3,9.3,100
SGD,20081119,9.6,9.6,9.6,9.6,7300
SGD,20081118,9.5,9.8,9.4,9.5,8200
SGD,20081117,9.7,9.8,9.7,9.7,800
SGD,20081114,9.7,9.7,9.7,9.7,3000
SGD,20081113,9.5,9.5,9.4,9.4,4000
SGD,20081112,9.6,9.9,9.6,9.7,11100
SGD,20081111,10,10,9.9,9.9,6100
SGD,20081110,10.4,10.4,10.1,10.2,3100
SGD,20081107,10.4,10.4,10.4,10.4,800
SGD,20081106,10.8,10.8,10.8,10.8,1800
SGD,20081105,11.2,11.2,11.1,11.2,9700
SGD,20081104,10.5,10.8,10.5,10.8,8800
SGD,20081103,10.3,10.8,10.3,10.5,300
SGD,20081031,10,10.5,10,10.5,2700
SGD,20081030,9.7,10.2,9.7,10.2,3200
SGD,20081029,10,10,9.4,10,9000
SGD,20081028,9.7,10,9.7,9.7,5000
SGD,20081027,10.2,10.2,10.1,10.1,4700
SGD,20081024,11.1,11.1,10.3,10.4,11800
SGD,20081023,10.7,10.7,10.7,10.7,2500
SGD,20081022,11.8,11.8,11.1,11.1,4100
SGD,20081021,12,12,11.3,11.4,3600
SGD,20081020,11.6,11.6,11.6,11.6,5700
SGD,20081017,12.1,12.1,11.4,12,1600
SGD,20081016,11.7,11.9,11.7,11.7,3200
SGD,20081015,12.3,12.3,11.9,12.2,15900
SGD,20081014,11.8,11.8,11.8,11.8,100
SGD,20081013,10.8,11.6,10.8,11.4,12800
SGD,20081010,11.2,11.3,11.2,11.2,7800
SGD,20081009,11.6,11.6,11.6,11.6,14300
SGD,20081008,12.1,12.1,12.1,12.1,4700
SGD,20081007,12.6,12.6,12.6,12.6,2800
SGD,20081006,13.5,13.9,12.9,13.1,3200
SGD,20081003,14,14,13.1,13.5,4100
SGD,20081002,13.7,13.7,12.9,13.5,5700
SGD,20081001,14.2,14.2,13.1,13.2,12000
SGD,20080930,13.7,13.7,13.7,13.7,500
SGD,20080929,14.3,14.8,13.9,14.3,10900
SGD,20080926,14.2,14.2,14.1,14.2,23600
SGD,20080925,13.7,13.7,13.6,13.7,7500
SGD,20080924,13.9,13.9,12.9,13.1,22200
SGD,20080923,13.5,13.5,13.2,13.4,31600
SGD,20080922,12.9,12.9,12.9,12.9,100
SGD,20080919,12.9,12.9,12,12.4,1400
SGD,20080918,12.4,12.4,12.4,12.4,13100
SGD,20080917,13,13,12.9,12.9,16800
SGD,20080916,13.4,13.9,13.4,13.5,8600
SGD,20080915,13,14.2,13,14,20200
SGD,20080912,13.6,13.7,13.6,13.6,15200
SGD,20080911,15.3,15.3,14.2,14.3,20800
SGD,20080910,14.9,15.9,14.9,14.9,49800
SGD,20080909,16.3,16.3,15.3,15.6,48000
SGD,20080908,17.5,17.5,15.9,16,122200
SGD,20080905,16.7,16.7,16.7,16.7,16900
SGD,20080904,15.9,15.9,15.9,15.9,10300
SGD,20080903,15.2,15.2,15.2,15.2,1000
SGD,20080829,14.6,14.6,14.6,14.6,12300
SGD,20080828,14,14,14,14,25000
SGD,20080827,13.4,13.4,13.4,13.4,2400
SGD,20080826,12.9,12.9,12.9,12.9,100
SGD,20080825,12.4,12.4,12.4,12.4,2700
SGD,20080822,11.9,11.9,11.9,11.9,5800
SGD,20080821,11.5,11.5,11.5,11.5,6900
SGD,20080820,10.8,11.1,10.8,11.1,76800
SGD,20080819,10.8,10.8,10.5,10.7,38700
SGD,20080818,10.4,10.4,10.4,10.4,14000
SGD,20080815,10.1,10.1,10.1,10.1,100
SGD,20080814,9.9,9.9,9.9,9.9,500
SGD,20080813,9.7,9.7,9.7,9.7,15100
SGD,20080812,9.6,9.6,9.4,9.5,24100
SGD,20080811,9.4,9.4,9.4,9.4,3000
SGD,20080808,9.3,9.3,9.3,9.3,2200
SGD,20080807,9.1,9.1,9.1,9.1,4900
SGD,20080806,8.9,9.2,8.9,9,2900
SGD,20080805,9.1,9.1,9.1,9.1,2000
SGD,20080804,9.3,9.3,9.3,9.3,2700
SGD,20080801,9.4,9.4,9.4,9.4,8100
SGD,20080731,9.7,9.7,9.6,9.6,6100
SGD,20080730,9.8,9.8,9.8,9.8,3200
SGD,20080729,10,10,9.8,10,10200
SGD,20080728,9.8,10.2,9.8,9.9,25800
SGD,20080725,10,10,10,10,2100
SGD,20080724,10.2,10.2,10.2,10.2,1500
SGD,20080723,10.4,10.4,10.4,10.4,100
SGD,20080721,10.6,10.6,10.6,10.6,1100
SGD,20080718,11,11,10.7,10.9,14700
SGD,20080717,10.9,11,10.8,11,9700
SGD,20080716,10.9,10.9,10.5,10.8,18400
SGD,20080715,10.7,10.7,10.7,10.7,600
SGD,20080714,10.5,10.5,10.5,10.5,4400
SGD,20080711,10.3,10.3,10.3,10.3,4700
SGD,20080710,10.1,10.1,10.1,10.1,15400
SGD,20080709,9.9,10,9.9,9.9,12700
SGD,20080708,10.1,10.1,10.1,10.1,4300
SGD,20080707,10.3,10.3,9.9,10.3,8000
SGD,20080704,10.1,10.1,10.1,10.1,2300
SGD,20080703,9.9,9.9,9.9,9.9,9300
SGD,20080702,9.8,9.8,9.6,9.8,15600
SGD,20080701,9.6,9.6,9.4,9.6,23100
SGD,20080630,9.4,9.5,9.4,9.4,2000
SGD,20080627,9.6,9.6,9.6,9.6,1900
SGD,20080626,9.9,9.9,9.6,9.8,11400
SGD,20080625,9.6,9.9,9.6,9.8,9000
SGD,20080624,9.7,9.8,9.6,9.7,4700
SGD,20080623,9.8,10.2,9.8,9.8,10300
SGD,20080620,10,10,10,10,2000
SGD,20080619,10.2,10.2,10.2,10.2,2000
SGD,20080618,10.5,10.5,10.3,10.4,2600
SGD,20080617,10.3,10.3,10.3,10.3,9200
SGD,20080616,10.2,10.2,10.2,10.2,3900
SGD,20080613,10.2,10.2,9.9,10.1,11800
SGD,20080612,10,10.1,10,10.1,4300
SGD,20080611,9.8,10.1,9.8,9.9,18200
SGD,20080610,9.9,9.9,9.9,9.9,1000
SGD,20080609,10.1,10.1,10.1,10.1,500
SGD,20080606,10.2,10.2,10.2,10.2,100
SGD,20080605,10.3,10.3,10.3,10.3,100
SGD,20080530,10.5,10.5,10.5,10.5,2300
SGD,20080529,10.6,10.6,10.6,10.6,1300
SGD,20080528,10.8,10.8,10.8,10.8,1100
SGD,20080527,11,11,11,11,100
SGD,20080526,11.1,11.1,11.1,11.1,300
SGD,20080521,11.3,11.3,11.3,11.3,500
SGD,20080519,11.5,11.5,11.5,11.5,1300
SGD,20080516,11.7,12.1,11.7,11.7,7000
SGD,20080515,11.9,11.9,11.9,11.9,100
SGD,20080514,12.1,12.1,12.1,12.1,1900
SGD,20080513,12.3,12.3,12.3,12.3,500
SGD,20080512,12.5,12.5,12.5,12.5,500
SGD,20080509,12.7,12.7,12.7,12.7,500
SGD,20080508,12.9,12.9,12.9,12.9,100
SGD,20080507,13.1,13.1,13.1,13.1,100
SGD,20080506,13.4,13.4,13.4,13.4,3300
SGD,20080505,13.5,13.8,13.5,13.6,2900
SGD,20080429,13.8,13.9,13.6,13.7,3500
SGD,20080428,13.3,13.8,13.3,13.6,9900
SGD,20080425,13.5,13.7,13.5,13.6,5100
SGD,20080424,13.8,13.8,13.6,13.7,5100
SGD,20080423,14.2,14.2,13.6,13.8,13500
SGD,20080422,13.9,13.9,13.9,13.9,9000
SGD,20080421,13.6,13.7,13.6,13.7,17700
SGD,20080418,13.5,13.5,13.3,13.5,15500
SGD,20080417,13.1,13.5,13.1,13.3,1600
SGD,20080416,13.2,13.4,13.2,13.2,6700
SGD,20080411,13.4,13.5,13.4,13.4,5900
SGD,20080410,14.2,14.2,13.6,13.7,4000
SGD,20080409,13.9,14.2,13.7,13.9,15700
SGD,20080408,14,14,13.8,14,44400
SGD,20080407,13.7,13.7,13.7,13.7,7400
SGD,20080404,13.5,13.5,13.5,13.5,100
SGD,20080402,13.3,13.3,13.3,13.3,200
SGD,20080401,13.2,13.2,13.2,13.2,200
SGD,20080331,13.1,13.1,13.1,13.1,1000
SGD,20080328,12.9,12.9,12.9,12.9,300
SGD,20080327,12.8,12.8,12.8,12.8,100
SGD,20080326,12.3,12.8,12.3,12.7,12700
SGD,20080325,12.3,12.3,12.3,12.3,11500
SGD,20080324,13.2,13.2,13,13.1,10700
SGD,20080321,14.3,14.3,13.8,13.9,7900
SGD,20080320,14.3,14.9,14.3,14.6,11400
SGD,20080319,14.3,15.2,14.3,14.5,9500
SGD,20080318,15,15,14.3,14.3,31000
SGD,20080317,16.1,16.1,15,15.3,16300
SGD,20080314,16.2,16.3,15.9,16.1,18900
SGD,20080313,16.6,16.6,15.9,16.2,11700
SGD,20080312,16.3,16.6,14.9,16.1,10900
SGD,20080311,15.9,16.6,15.6,15.8,16900
SGD,20080310,17.6,17.6,15.6,16.8,63900
SGD,20080307,16.8,16.8,16.8,16.8,18800
SGD,20080306,15.6,15.8,15.6,15.8,11400
SGD,20080305,14.8,15.1,14.8,14.8,26600
SGD,20080304,16.9,16.9,15.8,15.9,17000
SGD,20080303,18.2,18.2,16.8,17,15600
SGD,20080229,18.3,18.4,17.6,18.1,28300
SGD,20080228,19.6,19.6,18.3,18.6,14700
SGD,20080227,19.1,19.6,18.6,19.3,22100
SGD,20080226,20.9,20.9,18.6,19.1,17100
SGD,20080225,19.9,20.1,19.9,20.1,8100
SGD,20080222,18.3,19.6,18.1,18.8,20600
SGD,20080221,19.6,19.6,19.5,19.6,15400
SGD,20080220,22.5,22.5,20.8,21.1,29600
SGD,20080219,22.8,22.8,21.8,22.5,10100
SGD,20080218,22.6,22.6,22.6,22.6,2000
SGD,20080215,22.9,23.2,22.8,23,12900
SGD,20080214,23.9,24.3,22.9,23.3,35600
SGD,20080213,23.2,23.3,23,23.2,30300
SGD,20080212,23.6,23.8,22.9,23.1,44000
SGD,20080201,22.9,23.9,22.9,23,133600
SGD,20080131,23.4,23.6,21.6,23,22000
SGD,20080130,23.2,23.6,23.2,23.4,30400
SGD,20080129,21.9,22.9,21.6,21.9,12900
SGD,20080128,20.6,22.3,20.6,21.7,4700
SGD,20080125,21.6,22.6,21.3,22,3000
SGD,20080124,22.8,22.8,21.2,22,8100
SGD,20080123,21.8,21.8,20.6,21.2,14400
SGD,20080122,22.3,22.4,22.3,22.3,2300
SGD,20080121,23,23,22.9,22.9,12900
SGD,20080118,24.2,24.9,23.9,24.2,1800
SGD,20080117,26.2,26.2,22.9,23.9,6900
SGD,20080116,24.3,24.3,24.3,24.3,4100
SGD,20080115,22.5,22.6,22.5,22.5,2300
SGD,20080114,24.6,24.6,24,24.4,2900
SGD,20080111,23.9,26.6,23.9,26.1,7200
SGD,20080110,25.3,26.6,25.3,26,6600
SGD,20080109,28.1,28.1,26.6,27.4,2400
SGD,20080108,28.3,29.9,27.9,28.5,5100
SGD,20080107,28.6,28.6,27.6,28.1,1700
SGD,20080104,29.4,30.2,29.2,29.4,1300
SGD,20080103,29.6,29.6,29.4,29.6,3000
SGD,20080102,30.3,30.3,29.6,29.9,4600
SGD,20071228,29.4,30.9,29.4,30.4,800
SGD,20071227,30.6,30.6,30.6,30.6,900
SGD,20071226,31.2,31.3,29.8,30.2,1300
SGD,20071225,29.1,29.8,29.1,29.2,1300
SGD,20071224,31.4,31.4,30.3,30.6,2800
SGD,20071221,31.6,31.6,30.6,31.7,2300
SGD,20071219,29,31.9,29,31.7,8500
SGD,20071218,29.6,31.3,29.6,30.3,3400
SGD,20071217,29.9,30.3,29.9,30.1,1100
SGD,20071214,31.5,31.5,31.1,31.3,4100
SGD,20071213,32.3,32.3,31.1,31.5,13000
SGD,20071212,32.9,32.9,31.6,31.9,7500
SGD,20071211,32.6,32.6,31.6,32,6900
SGD,20071210,32.6,32.9,32.6,32.7,2400
SGD,20071207,33.5,33.9,32.3,33.5,11500
SGD,20071206,33.3,33.7,33.3,33.5,8900
SGD,20071205,33.9,34.3,31.9,33.1,18300
SGD,20071204,34.3,35.1,33.9,34.3,19000
SGD,20071203,32.9,33.9,32.9,33.4,6500
SGD,20071130,32.6,32.6,31.8,32.4,12000
SGD,20071129,31.6,32.8,31.6,32.5,17400
SGD,20071128,32.3,32.3,31.9,32,10100
SGD,20071127,32.3,32.4,31.6,31.9,15000
SGD,20071126,32.1,32.4,30.8,31.6,34900
SGD,20071123,32.6,32.9,32.6,32.7,9400
SGD,20071122,31.6,33.1,31.6,32.7,15600
SGD,20071121,32.3,32.3,31.6,31.7,16200
SGD,20071120,35.3,35.3,32.9,33.2,14900
SGD,20071119,33.4,34.3,33.1,33.5,15800
SGD,20071116,31.6,34.6,31.6,33.4,23200
SGD,20071115,35.6,35.6,33,33.3,39900
SGD,20071114,32.6,36.3,32.6,36.1,39100
SGD,20071113,34.9,34.9,33.1,33.5,13900
SGD,20071112,36.9,37,34.9,36.3,23300
SGD,20071109,37.1,38.3,36.6,37,21900
SGD,20071108,42.4,42.6,37.9,40.1,20700
SGD,20071107,39.9,41.9,39.6,41.2,52100
SGD,20071106,38.3,39.9,38.3,39.5,61400
SGD,20071105,37.3,41.3,34.8,38.2,101900
SGD,20071102,38.4,38.4,35.9,38,72100
SGD,20071101,34,36.3,32.9,35.3,14800
SGD,20071031,33.3,34.6,31.6,33.5,52300
SGD,20071030,36.3,36.3,33.6,34.5,28900
SGD,20071029,36.4,38.3,35,36.5,37500
SGD,20071026,41.7,41.7,35.8,38.3,72900
SGD,20071025,36.3,38.4,36.3,38.3,106500
SGD,20071024,34.9,36.9,31.9,35.4,99800
SGD,20071023,34.8,35.1,33,34.6,35700
SGD,20071022,32.8,32.8,31.9,32.7,68400
SGD,20071019,27.3,31.8,27.3,30.3,50800
SGD,20071018,34.1,34.1,28.8,29.4,51200
SGD,20071017,31.5,31.5,31.3,31.5,112500
SGD,20071016,29.3,29.3,29.3,29.3,31100
SGD,20071015,26.3,27.3,26.3,27.1,36800
SGD,20071012,24.6,25.6,24.6,25.3,45700
SGD,20071011,24.3,24.3,23.9,24.2,15900
SGD,20071010,23.8,24.6,23.5,24.1,14100
SGD,20071009,23.8,24.1,23.3,23.7,7900
SGD,20071008,24.9,24.9,23.9,24.8,24200
SGD,20071005,24.3,24.3,22.4,23.8,32500
SGD,20071004,22.5,23.3,21.9,22.9,22200
SGD,20071003,22.3,22.9,22.3,22.5,11700
SGD,20071002,23.3,23.3,21.9,22.2,8200
SGD,20071001,21.8,21.8,21.8,21.8,10600
SGD,20070928,20,21.5,20,20.3,18100
SGD,20070927,19.9,20.1,19.9,20,3500
SGD,20070926,20.3,20.3,19.9,20,10900
SGD,20070925,19.8,20.3,19.8,20,4900
SGD,20070924,19.6,19.6,19.3,19.4,1100
SGD,20070921,20.1,20.1,20.1,20.1,2100
SGD,20070920,20.3,20.6,19.6,20.2,3600
SGD,20070919,19.4,20.2,19.4,19.9,9600
SGD,20070918,18.8,19.6,18.8,18.5,13600
SGD,20070917,18.3,18.7,18.3,18.5,5700
SGD,20070914,18.6,18.6,18.6,18.6,1100
SGD,20070913,18.6,18.8,18.6,18.6,1900
SGD,20070912,18.3,18.6,18.3,18.4,2500
SGD,20070911,17.5,18.3,17.5,17.9,2300
SGD,20070910,17.6,17.6,17.6,17.6,1400
SGD,20070907,17.9,18.1,17.9,17.9,2400
SGD,20070906,18.3,18.3,17.6,18.1,900
SGD,20070905,16.9,17.2,16.9,17.1,5600
SGD,20070904,16.3,16.9,16.3,16.8,2800
SGD,20070830,15.9,15.9,15.8,15.9,6500
SGD,20070829,16,16,15.9,15.9,1300
SGD,20070828,16.3,16.3,15.9,16.2,4900
SGD,20070827,16.5,16.5,16.5,16.5,400
SGD,20070824,16.6,16.6,16.3,16.5,800
SGD,20070823,16.6,16.6,16.6,16.6,1200
SGD,20070822,17.3,17.3,17.3,17.3,400
SGD,20070821,17.3,17.4,17.3,17.3,1500
SGD,20070820,17.3,17.4,17.3,17.4,1500
SGD,20070817,17.4,17.4,17.4,17.4,600
SGD,20070816,17.3,17.4,17.3,17.4,600
SGD,20070815,17.6,17.6,17.3,17.4,500
SGD,20070813,18.3,18.3,18.3,18.3,200
SGD,20070810,18.3,18.3,18.3,18.3,100
SGD,20070809,18.3,18.4,18.3,18.3,2100
SGD,20070808,18.1,18.1,18.1,18.1,100
SGD,20070807,17.6,17.6,17.6,17.6,100
SGD,20070806,16.6,16.6,16.6,16.6,400
SGD,20070803,17.1,17.6,16.9,17.3,1500
SGD,20070802,17.3,17.3,16.9,17.1,1400
SGD,20070801,18.3,18.3,18.3,18.3,800
SGD,20070730,18.3,18.3,18.3,18.3,200
SGD,20070726,18.6,18.6,18.3,18.5,2200
SGD,20070725,18.6,18.6,18.6,18.6,600
SGD,20070724,18.7,18.7,18.7,18.7,1000
SGD,20070720,19.3,19.3,18.9,19.2,1500
SGD,20070719,18.6,18.7,18.6,18.6,2900
SGD,20070717,19.9,19.9,19.9,19.9,100
SGD,20070716,19.9,19.9,19.9,19.9,100
SGD,20070713,19.9,19.9,19.9,19.9,100
SGD,20070712,19.9,19.9,19.8,19.9,2600
SGD,20070711,19.9,19.9,19.3,19.6,2100
SGD,20070710,19.4,20.5,18.9,19.3,700
SGD,20070709,20.4,20.4,20.4,20.4,100
SGD,20070706,20.2,20.2,20.2,20.2,100
SGD,20070705,19.3,19.4,19,19.3,5600
SGD,20070704,19.1,19.3,19.1,19.2,2900
SGD,20070703,17.9,18.3,17.9,18,1300
SGD,20070702,19.1,19.2,18.6,19,1900
SGD,20070629,19.3,19.4,19,19.2,500
SGD,20070628,20,20,19.9,21.8,1800
SGD,20070627,21.1,21.1,20.9,21,1800
SGD,20070626,21.6,21.6,21.4,21.5,1200
SGD,20070625,21.8,21.8,21.8,21.8,200
SGD,20070622,21.8,21.8,21.8,21.8,500
SGD,20070621,22.9,22.9,21.6,22.2,2000
SGD,20070620,22.6,22.8,22.6,22.7,1100
SGD,20070619,22.3,22.6,22.3,22.4,2100
SGD,20070618,22.6,22.6,22.1,22.5,2200
SGD,20070615,22.9,22.9,22.6,22.7,1400
SGD,20070614,23.8,23.8,22.6,23.2,800
SGD,20070613,23.8,23.9,23.8,23.8,10300
SGD,20070612,24.3,24.3,23.8,23.9,1600
SGD,20070611,24.9,24.9,24.6,24.8,4600
SGD,20070608,25.9,25.9,24.6,25.2,3700
SGD,20070607,24.3,24.9,24.3,24.8,4700
SGD,20070606,17.3,17.7,17.3,23.9,11700
SGD,20070605,17.8,18,17.1,23.6,6000
SGD,20070604,18.3,18.7,17,23.6,14100
SGD,20070601,18.6,18.6,18.3,25.1,5550
SGD,20070531,19.2,19.3,18.3,25.6,12450
SGD,20070530,19.5,19.7,18.7,26.3,50850
SGD,20070529,18.9,18.9,18.1,25,29700
SGD,20070528,18.7,18.9,18.4,25.4,25800
SGD,20070525,16.4,18.3,16.4,24,16200
SGD,20070524,18.3,18.3,17.4,24.1,12900
SGD,20070523,19.6,19.6,17.1,25.7,42000
SGD,20070522,18.3,18.3,18.1,24.9,24600
SGD,20070521,16.5,17.2,16.5,23.1,8550
SGD,20070518,15.3,16.5,15.3,21.6,8250
SGD,20070517,15.8,15.8,15.5,21,3150
SGD,20070516,15.7,15.7,15.3,21,1050
SGD,20070515,15.9,15.9,15.6,21.1,5250
SGD,20070514,15.9,15.9,15.7,21.3,2250
SGD,20070511,15.3,15.7,15.3,20.9,4800
SGD,20070509,15.9,15.9,15.7,21.3,13050
SGD,20070508,15.7,15.9,15.7,21.2,4200
SGD,20070507,15.7,15.8,15.6,21,4050
SGD,20070504,15.7,15.7,15.5,20.9,3150
SGD,20070503,15.9,16,15.5,21.2,1650
SGD,20070502,16,16,15.7,21.4,1050
SGD,20070425,15.6,15.7,15.4,20.9,15750
SGD,20070424,14.2,15.3,14.2,20.3,4650
SGD,20070423,15.9,15.9,15,20.3,10050
SGD,20070420,15.3,15.3,15.2,20.4,4350
SGD,20070419,15.4,15.6,15.4,20.8,600
SGD,20070418,14.8,15.7,14.8,20.5,6150
SGD,20070417,14.9,14.9,14.7,19.8,3300
SGD,20070416,14.9,14.9,14.5,19.6,3750
SGD,20070413,15.5,15.7,15.5,21,4350
SGD,20070412,15.6,15.7,15.3,20.9,3750
SGD,20070411,15.6,15.7,15.6,21,1950
SGD,20070410,15.5,15.5,15.3,20.5,6300
SGD,20070409,15.3,15.5,15.3,20.6,1800
SGD,20070406,15.7,15.7,15.2,20.6,4050
SGD,20070405,15.6,15.6,15.3,20.8,3600
SGD,20070404,16,16,15.3,21,8850
SGD,20070403,16.3,16.3,16.3,22,1200
SGD,20070402,16.9,17.2,16.1,22.2,15900
SGD,20070330,17.5,17.5,17.2,23.6,3750
SGD,20070329,17.6,17.6,16.5,23.3,15750
SGD,20070328,14.9,17.1,14.9,22.2,9150
SGD,20070327,16.2,16.2,16,21.6,5400
SGD,20070326,17.7,18.3,16.8,23.4,10950
SGD,20070323,17.5,18.6,17.1,24,21150
SGD,20070322,19.7,19.7,17.7,24.8,17100
SGD,20070321,18.4,18.4,18.3,25.1,65850
SGD,20070320,17.2,17.2,17.2,23.3,20100
SGD,20070319,16.1,16.1,16.1,21.6,3150
SGD,20070319,16.1,16.1,16.1,21.6,3150
SGD,20070316,14.9,15.3,14.9,20.1,2250
SGD,20070315,14.9,14.9,14.9,19.8,7200
SGD,20070314,16,16,16,21.5,6450
SGD,20070313,17.2,17.8,16.9,23.3,4650
SGD,20070312,17.5,18.8,17.5,24.3,22800
SGD,20070309,18.2,18.2,17.5,24.6,41700
SGD,20070308,17,17,17,23,26100
SGD,20070307,15.9,15.9,15.9,21.4,17550
SGD,20070306,14.9,14.9,14.9,19.9,9450
