<Ticker>,<DTYYYYMMDD>,<Open>,<High>,<Low>,<Close>,<Volume>
SIC,20100729,41.5,41.5,40,41.3,41200
SIC,20100728,42.9,42.9,40.8,41.8,15800
SIC,20100727,41.3,42.8,41,41.7,42800
SIC,20100726,43.4,43.4,40.7,42.3,6100
SIC,20100723,42.8,42.9,41.9,42.3,20000
SIC,20100722,43.5,43.5,41.9,42.2,21500
SIC,20100721,43.4,43.5,42.9,43.1,34300
SIC,20100720,43.5,43.5,42.6,42.9,40700
SIC,20100719,43.4,43.4,42.2,42.9,28200
SIC,20100716,42.6,43.9,42.5,43.2,22000
SIC,20100715,44,44.5,43,43.9,14200
SIC,20100714,44.8,44.9,43.2,44.3,15400
SIC,20100713,43,44.5,42.8,43.7,54400
SIC,20100712,43.3,43.3,41.7,42.5,32300
SIC,20100709,42.5,42.5,41.8,42.2,19400
SIC,20100708,43.3,43.3,41.8,42.3,19700
SIC,20100707,42.8,42.8,41.7,42.1,17300
SIC,20100706,43.5,43.5,42,42.3,17200
SIC,20100705,43.5,43.6,42.6,43,25800
SIC,20100702,43.5,43.5,42.3,42.6,11800
SIC,20100701,44,44,42.1,42.6,12800
SIC,20100630,41.5,42.8,41.5,42,14800
SIC,20100629,43.7,43.8,42.9,43.1,48600
SIC,20100628,44,44.1,42.3,42.9,15300
SIC,20100625,43.1,43.7,42,42.1,35000
SIC,20100624,45.2,45.2,43.1,43.7,76000
SIC,20100623,44,44,42.6,43.1,74700
SIC,20100622,45.5,45.5,43,44,93600
SIC,20100621,46.3,46.3,44,45.1,110600
SIC,20100618,45.3,45.9,44.5,45.2,109700
SIC,20100617,45.5,45.9,45,45.3,120800
SIC,20100616,46.3,46.5,45.6,46,118500
SIC,20100615,44,46,44,45.1,87100
SIC,20100614,47,47,44.2,45.5,64700
SIC,20100611,46,47.3,45.1,46.2,136600
SIC,20100610,42.5,44.9,42.5,44.3,199300
SIC,20100609,42.5,42.7,41.7,42,85300
SIC,20100608,41.6,42.8,41,41.7,83200
SIC,20100607,42,42.9,40.8,41.6,125300
SIC,20100604,43.5,44.2,43,43.3,179400
SIC,20100603,45.7,45.7,42.9,43.2,146700
SIC,20100602,41,43.8,41,42.9,188900
SIC,20100601,40.5,42.6,39.4,41,188800
SIC,20100531,39.6,41.5,39.6,40.2,147200
SIC,20100528,39.3,39.3,39.3,39.3,9500
SIC,20100527,37,37.1,35.5,36.8,62500
SIC,20100526,34,35.3,34,34.7,108600
SIC,20100525,33.9,33.9,30.9,33,55500
SIC,20100524,33.2,34.5,32.5,33.2,54500
SIC,20100521,35.5,35.5,33.1,33.2,85300
SIC,20100520,35.5,37.6,34.2,35.5,60800
SIC,20100519,38,38.5,36.3,36.7,143100
SIC,20100518,41.5,41.5,38.6,39,36200
SIC,20100517,41.8,41.8,39,40,49200
SIC,20100514,43,43,40.8,41.1,59200
SIC,20100513,40,42,40,40.8,50900
SIC,20100512,40.5,42.1,39.3,40.4,182000
SIC,20100511,44,44.8,41.7,42.2,126400
SIC,20100510,43,43.3,40.6,42,142700
SIC,20100507,43.5,44.5,42.1,43.3,115800
SIC,20100506,44.2,46.5,43.5,45.2,134100
SIC,20100505,44.3,45,43.2,44.1,45900
SIC,20100504,44.5,45.9,44.2,45.2,155500
SIC,20100429,46.7,46.8,45.5,45.9,61800
SIC,20100428,46.8,48.5,46,46.4,71100
SIC,20100427,47.3,47.3,45.5,46.2,53300
SIC,20100426,46,46.1,45,45.5,105300
SIC,20100422,50,51.3,45.5,48.2,162700
SIC,20100421,47.5,49.7,46.7,48.4,490600
SIC,20100420,43.5,48,43.5,46.5,166400
SIC,20100419,47.2,47.2,44.1,44.9,76100
SIC,20100416,49.6,49.6,46,47.3,262300
SIC,20100415,43.7,46.7,43.7,46.4,355400
SIC,20100414,44.9,45,42.8,43.7,135200
SIC,20100413,45.8,46,43,44.6,135200
SIC,20100412,47.1,50,45.5,45.8,334000
SIC,20100409,46.7,49.4,46.2,48.9,279500
SIC,20100408,45,46.2,44.5,46.2,298600
SIC,20100407,42,43.3,41.9,43.2,458800
SIC,20100406,38.2,40.7,38.2,40.5,312900
SIC,20100405,37.9,39.5,37.2,38.1,72500
SIC,20100402,37.2,37.6,37,37.4,58800
SIC,20100401,36.2,37.4,36,36.7,25100
SIC,20100331,37.5,37.9,36.5,37.1,48800
SIC,20100330,37.8,38,37,37.5,34200
SIC,20100329,38,38.2,37.5,37.9,69800
SIC,20100326,38.1,38.1,36.6,37.3,57100
SIC,20100325,38.5,38.7,37.2,38,78200
SIC,20100324,40,40.5,39.5,39.7,64100
SIC,20100323,41.5,41.5,38.6,39.4,74000
SIC,20100322,42,42,40,40.8,58600
SIC,20100319,42.5,42.8,39.9,40.7,65700
SIC,20100318,42.3,42.3,39.5,40.9,60200
SIC,20100317,41,41.8,38.3,39.6,81400
SIC,20100316,43.4,43.4,40.5,41.1,225500
SIC,20100315,42.8,43.8,42.5,43.5,299300
SIC,20100312,40.7,41.9,40.5,41,124000
SIC,20100311,40,41.9,39.5,40.6,109800
SIC,20100310,39.8,41,38.6,39.9,60600
SIC,20100309,41.5,41.5,39,40,91900
SIC,20100308,40,40.4,39.9,40.4,239900
SIC,20100305,37.9,38.9,37,37.8,103500
SIC,20100304,39,39.1,37,38.1,78000
SIC,20100303,37.5,38.4,36.1,37.2,57000
SIC,20100302,36,36.8,34.5,36.1,308500
SIC,20100301,33.9,35.6,32.5,34.4,214300
SIC,20100226,33.8,33.8,32.3,33.3,6300
SIC,20100225,33.1,33.7,33,33.3,27800
SIC,20100224,32,33.2,32,32.9,30600
SIC,20100223,33.9,33.9,32.5,33.3,42200
SIC,20100222,36.2,36.2,33.6,34.6,17600
SIC,20100212,33.9,34.4,33.7,34,33200
SIC,20100211,33.4,34,33,33.6,22500
SIC,20100210,34,34,32,33.5,34200
SIC,20100209,33,33.3,31.8,31.9,45500
SIC,20100208,34.7,34.7,32.6,34.1,59400
SIC,20100205,34.6,35.4,33,34.6,36300
SIC,20100204,33,34.9,33,34.4,23400
SIC,20100203,33,34.5,33,33.7,36400
SIC,20100202,35.5,35.7,33.1,34.9,35900
SIC,20100201,35,35.9,34,35.1,51800
SIC,20100129,34.9,36,33,34.9,45500
SIC,20100128,35.9,36.1,33.4,34.1,46900
SIC,20100127,38.2,38.4,34,35.9,54800
SIC,20100126,35.8,36.1,35.7,36,29000
SIC,20100125,33.5,34,33,33.8,58600
SIC,20100122,33,33.9,30.7,32.5,78400
SIC,20100121,36,36,31.9,33,88300
SIC,20100120,37.9,38,33.9,34.2,137800
SIC,20100119,35,37.1,34.8,36.4,63900
SIC,20100118,38.3,38.3,37,37.1,8900
SIC,20100115,37.6,40.7,37.6,39.7,32900
SIC,20100114,39.4,39.4,38.7,39.4,99300
SIC,20100113,36.5,39,35.4,36.9,69700
SIC,20100112,40,40,37.5,38,61600
SIC,20100111,43,43.5,38.5,40.3,70700
SIC,20100108,39,41.9,37,41.2,323300
SIC,20100107,38.8,42.5,38.8,39.2,168000
SIC,20100106,43.9,44,40,41.7,196500
SIC,20100105,43.1,43.1,42,43,132100
SIC,20100104,39.6,40.4,39.4,40.3,52000
SIC,20091231,37.8,37.9,36.8,37.8,165000
SIC,20091230,33.8,36.5,33.8,35.5,193600
SIC,20091229,34.9,35.3,33,34.2,136700
SIC,20091228,33.8,33.8,31.5,33.5,194800
SIC,20091225,31,31.7,31,31.6,66800
SIC,20091224,29.4,30.7,27.9,29.7,146600
SIC,20091223,27.9,29.5,26.5,28.7,129600
SIC,20091222,30.6,30.7,27.1,28.2,97100
SIC,20091221,29.4,29.6,28.5,29.1,131400
SIC,20091218,26.2,28.1,26.2,27.7,124700
SIC,20091217,26.5,27.9,24.9,26.3,74800
SIC,20091216,27,27.9,25.9,26.7,73400
SIC,20091215,28,28.9,27,27.8,62800
SIC,20091214,26.6,28,26.6,27.3,95700
SIC,20091211,29.5,29.5,25.8,26.8,113300
SIC,20091210,28,29.8,27.3,27.7,86700
SIC,20091209,30,30,29.3,29.3,33200
SIC,20091208,33.7,33.7,31.1,31.4,64200
SIC,20091207,34,34,32.1,33.4,49000
SIC,20091204,32.5,33.9,32,33,74700
SIC,20091203,33,33.5,32.5,32.6,63100
SIC,20091202,35.5,36.8,34,34.9,16900
SIC,20091201,36,36.7,35.2,36.5,84600
SIC,20091130,34,35,33.5,34.3,100700
SIC,20091127,31.5,35.8,31.5,33.5,179800
SIC,20091126,33.8,33.8,33.8,33.8,56600
SIC,20091125,37.6,37.8,35.9,36.3,78300
SIC,20091124,39,40,37.5,38.6,73500
SIC,20091123,40,40.7,39.3,40,89000
SIC,20091120,42.2,42.8,41,41.8,79900
SIC,20091119,42,43,41.6,42.2,159500
SIC,20091118,43.7,43.7,40.7,41.6,212000
SIC,20091117,46,46.8,41.5,43.7,164400
SIC,20091116,43.9,43.9,43,43.9,104500
SIC,20091113,41.4,41.5,39,41.1,211800
SIC,20091112,37,38.9,37,38.8,126800
SIC,20091111,37,37.5,34.8,36.3,152200
SIC,20091110,39,39,36.2,36.6,222700
SIC,20091109,39.5,39.5,38.9,39,33200
SIC,20091106,42,42.9,40.3,41.9,215200
SIC,20091105,39.1,41.3,37.5,40.1,231900
SIC,20091104,37.8,40,37.8,38.6,178400
SIC,20091103,41,42,40.6,40.7,106500
SIC,20091102,43.7,44,43.7,43.7,86800
SIC,20091030,43,49.6,43,47,231000
SIC,20091029,48,48,46.3,46.3,66700
SIC,20091028,49.7,52,49.7,49.8,466600
SIC,20091027,53.5,53.5,53.5,53.5,41000
SIC,20091026,57.5,57.5,57.5,57.5,9600
SIC,20091023,66,66,61.3,61.9,81500
SIC,20091022,66.6,66.6,63,65.9,363500
SIC,20091021,62.2,62.2,61.9,62.2,450400
SIC,20091020,58.1,58.1,58.1,58.1,25500
SIC,20091019,53.6,58.7,53.6,54.3,575600
SIC,20091016,57.5,61,57.5,57.7,393900
SIC,20091015,68,68.7,59.7,61.9,277700
SIC,20091014,64.7,64.8,60.5,64.2,492700
SIC,20091013,60.5,60.5,60,60.5,338700
SIC,20091012,56.5,56.5,56.5,56.5,26400
SIC,20091009,52.8,52.8,52.7,52.8,699000
SIC,20091008,49.3,49.3,49.3,49.3,6700
SIC,20091007,46.1,46.1,46.1,46.1,13400
SIC,20091006,41.5,43.2,41.5,43.1,47400
SIC,20091005,39,42,38,40.3,100000
SIC,20091002,41,41.1,40.3,40.4,122800
SIC,20091001,43.9,43.9,41.3,43.4,135800
SIC,20090930,41,41,41,41,169400
SIC,20090929,39.3,39.3,37,38.3,40000
SIC,20090928,36.5,36.9,36.2,36.7,63300
SIC,20090925,35,36.4,33.2,34.5,70000
SIC,20090924,36,36.9,35.4,35.7,87600
SIC,20090923,37.9,38.4,36,38.1,145500
SIC,20090922,36,36,34,35.9,154000
SIC,20090921,33.6,33.6,33.6,33.6,87400
SIC,20090918,30.8,32.7,30.5,31.4,154600
SIC,20090917,30.8,31.6,30,30.5,34000
SIC,20090916,32,32,30,30.9,51700
SIC,20090915,32.2,32.2,30,31.6,158300
SIC,20090914,29,30.1,29,30.1,94700
SIC,20090911,27.9,28.5,27.7,28.1,23000
SIC,20090910,28,28,26.8,27.9,21400
SIC,20090909,28.2,28.2,27,27.6,35000
SIC,20090908,26.7,27.9,26.7,27.4,59500
SIC,20090907,26.2,26.7,25.8,26.1,24100
SIC,20090904,27.3,27.5,25.8,26.5,32900
SIC,20090903,27,27.4,26.1,26.6,95600
SIC,20090901,29.2,29.2,27.4,27.7,41100
SIC,20090831,30,30.3,28.6,29.3,46000
SIC,20090828,29,29.5,28.6,29,73700
SIC,20090827,29.3,29.3,28.5,29,62100
SIC,20090826,26.3,28.2,26,27.9,78400
SIC,20090825,26.1,27.5,26,26.3,85000
SIC,20090824,26.7,29,26.7,26.8,153000
SIC,20090821,29.3,29.3,26.3,28.7,236000
SIC,20090820,27.4,27.4,27.4,27.4,19400
SIC,20090819,25.6,25.6,25.6,25.6,8000
SIC,20090818,22.5,24.1,22.5,23.9,71500
SIC,20090817,21.5,22.7,21.5,22.5,71400
SIC,20090814,20.8,21.9,20.4,21.2,28700
SIC,20090813,23.4,23.4,20.8,22,11500
SIC,20090812,22.4,22.7,21.6,22.4,55500
SIC,20090811,20.1,21.5,20.1,21.2,50700
SIC,20090810,20,20.5,19.7,20.1,39900
SIC,20090807,19.6,19.7,19,19.4,6100
SIC,20090806,20,20,19.3,19.5,17100
SIC,20090805,19.2,19.4,19,19.3,6800
SIC,20090804,19.2,19.5,19,19.2,13400
SIC,20090803,19.5,19.6,19,19.2,3500
SIC,20090731,20,20.5,19.2,20.2,15500
SIC,20090730,19.6,19.6,18.5,19.3,9400
SIC,20090729,19.6,20.3,19.4,19.6,19100
SIC,20090728,22.1,22.1,20.3,20.9,13500
SIC,20090727,22.7,22.8,21.4,21.8,6700
SIC,20090724,21.3,21.3,21,21.3,24500
SIC,20090723,19,20.1,19,19.9,7700
SIC,20090722,17.1,19.4,17.1,18.8,500
SIC,20090721,18.8,18.8,17.5,18.4,400
SIC,20090720,17.5,18.4,17.4,17.5,11800
SIC,20090717,19.3,19.3,18.2,18.8,11400
SIC,20090716,19.6,19.6,18.7,19.2,9600
SIC,20090715,18,18.3,18,18.2,15800
SIC,20090714,17,17.5,16.5,17,5800
SIC,20090713,17.5,18.7,17.4,17.5,3400
SIC,20090710,19,19.7,18,18.8,7500
SIC,20090709,19.7,19.7,18.8,19.1,8400
SIC,20090708,19.7,19.7,18.1,19,16600
SIC,20090707,18.8,18.8,17.8,18.7,27300
SIC,20090706,17.5,17.5,17.4,17.5,4300
SIC,20090703,16.3,17,15.3,16.3,9900
SIC,20090702,15.5,16.4,15.2,15.9,13700
SIC,20090701,16.3,16.4,16.2,16.2,28400
SIC,20090630,18.5,18.5,17.2,17.5,24500
SIC,20090629,18.5,19.5,18.2,18.6,14900
SIC,20090626,19,19,18,18.5,8500
SIC,20090625,21.9,21.9,18.9,19.1,29000
SIC,20090624,18.5,20.7,18.5,20.4,28000
SIC,20090623,19.3,19.3,19.3,19.3,35200
SIC,20090622,22,22,20.8,20.9,20900
SIC,20090619,24.3,24.4,21.8,22.5,16600
SIC,20090618,22.9,22.9,22.7,22.8,29300
SIC,20090617,19.7,21.6,19.7,21.3,71800
SIC,20090616,21.3,21.3,21.3,21.3,22700
SIC,20090615,24,24,23,23,37700
SIC,20090612,26.3,26.5,23.7,24.8,26900
SIC,20090611,23.9,27,23.9,25.6,55300
SIC,20090610,26,26,25.8,25.8,16700
SIC,20090609,29,29.1,25.1,27.8,38300
SIC,20090608,27.1,27.1,27,27.1,24500
SIC,20090605,24.5,25.2,24.5,25.2,126900
SIC,20090604,24.5,24.5,23,23.5,45400
SIC,20090603,24.4,24.4,22.7,23.2,34200
SIC,20090602,25.1,25.2,23.1,24.2,26200
SIC,20090601,23.5,23.5,23.4,23.5,33200
SIC,20090529,20.4,21.9,20.4,21.9,83800
SIC,20090528,20.4,20.6,20.4,20.4,37900
SIC,20090527,23.2,23.9,21.3,22,66900
SIC,20090526,25,25,22,23,67800
SIC,20090525,22,23.5,22,23.3,60300
SIC,20090522,23.5,23.5,20.3,21.9,75600
SIC,20090521,20.8,22.2,20.7,21.9,68300
SIC,20090520,20.9,21,19.6,20.7,65200
SIC,20090519,19.6,19.6,18.7,19.5,70900
SIC,20090518,18.3,18.4,17.4,18.2,69400
SIC,20090515,17,17.2,16.9,17.1,42400
SIC,20090514,16.4,16.6,15.6,16,30600
SIC,20090513,16.1,16.4,16.1,16.4,87500
SIC,20090512,14.9,16,14.8,15.2,60800
SIC,20090511,16.9,16.9,14.9,15.3,44200
SIC,20090508,16,16.5,15.3,15.8,37400
SIC,20090507,15.5,17,15.5,16.4,44200
SIC,20090506,17,17,16.8,16.8,55300
SIC,20090505,18.4,18.4,17.1,18.2,46800
SIC,20090504,17.1,17.1,17.1,17.1,2500
SIC,20090429,16,16,15.5,15.9,73700
SIC,20090428,14.3,14.9,14.3,14.9,70900
SIC,20090427,14.5,14.5,13.3,13.8,14700
SIC,20090424,14.1,14.1,13.1,13.7,24800
SIC,20090423,13.5,14,12.8,13.1,31800
SIC,20090422,12.8,14.7,12.8,13.9,96000
SIC,20090421,13.7,13.7,13.7,13.7,6600
SIC,20090420,14.8,14.8,14.8,14.8,4400
SIC,20090417,16,16,16,16,4900
SIC,20090416,18.5,19,16.9,17.3,24000
SIC,20090415,19,19.2,17.5,18.3,26200
SIC,20090414,19.2,19.2,17.9,18.8,67700
SIC,20090413,17.9,17.9,17.9,17.9,23300
SIC,20090410,16.5,16.7,16.4,16.6,79200
SIC,20090409,16.9,16.9,15,15.5,16400
SIC,20090408,14.9,16,14.2,15.8,63200
SIC,20090407,14.9,14.9,14.7,14.9,43300
SIC,20090403,13.2,13.8,13.2,13.8,70300
SIC,20090402,13,13.1,12.5,12.8,15800
SIC,20090401,12.4,12.7,11.9,12.4,15500
SIC,20090331,11.5,12,11.5,11.8,8200
SIC,20090330,11.9,11.9,11.4,11.6,7500
SIC,20090327,12.1,12.5,11.8,12,7900
SIC,20090326,13.1,13.1,12,12.4,17400
SIC,20090325,12,12.6,12,12.4,14300
SIC,20090324,11.8,11.9,11.5,11.9,21700
SIC,20090323,11.5,11.5,10.8,11,11000
SIC,20090320,12,12,11.2,11.7,12400
SIC,20090319,12,12.1,11.8,12,15400
SIC,20090318,12.8,12.8,12.7,12.8,16400
SIC,20090317,11.8,12,11.6,11.9,21600
SIC,20090316,11.3,11.4,10.3,11.1,11900
SIC,20090313,10.9,11.3,10.9,11,3300
SIC,20090312,11.3,11.3,10.5,10.9,9300
SIC,20090311,10.9,10.9,10.9,10.9,9500
SIC,20090310,9.9,10.5,9.7,10.1,18300
SIC,20090309,9.9,9.9,9.5,9.7,7200
SIC,20090306,9.6,10,9.6,9.8,7200
SIC,20090305,9.8,10.2,9.8,10,8200
SIC,20090304,9.5,9.7,9.4,9.5,12100
SIC,20090303,9.6,9.6,9.3,9.5,6900
SIC,20090302,9.5,9.8,9.3,9.6,4600
SIC,20090227,10.5,10.5,9.6,9.8,3500
SIC,20090226,10.1,10.2,10,10.1,5400
SIC,20090225,10,10.1,9.2,9.9,5700
SIC,20090224,10.4,10.4,9.1,9.4,9700
SIC,20090223,10.4,10.4,9.7,9.9,10400
SIC,20090220,10.5,10.5,10.5,10.5,300
SIC,20090219,10.6,11.4,10.5,10.7,6100
SIC,20090218,11.5,11.5,10.9,11.1,3600
SIC,20090217,11.8,11.8,11.5,11.6,4400
SIC,20090216,12,12,11.9,12,4000
SIC,20090213,12.3,12.3,12.2,12.2,1500
SIC,20090212,12.3,12.3,12.3,12.3,1500
SIC,20090211,12.5,12.5,11.7,12.2,2200
SIC,20090210,12.4,12.5,12.4,12.5,1100
SIC,20090209,12.5,12.6,12.2,12.4,6600
SIC,20090206,12.2,12.2,11.7,11.9,14300
SIC,20090205,12.4,12.4,11.8,12.1,3000
SIC,20090204,12.5,12.5,12,12.1,3400
SIC,20090203,12.8,12.8,12,12.1,7700
SIC,20090202,12.9,12.9,11.9,12.6,500
SIC,20090123,12.5,12.7,12.4,12.6,5200
SIC,20090122,12.3,12.8,12.1,12.6,5800
SIC,20090121,12.2,12.3,11.9,12.1,15700
SIC,20090120,11.6,12.5,11.6,12.2,6600
SIC,20090119,12.9,12.9,12.2,12.3,9600
SIC,20090116,12.2,12.9,12.2,12.7,12000
SIC,20090115,13,13.4,12.5,12.8,39600
SIC,20090114,13.3,13.8,12.7,13.5,16300
SIC,20090113,13.9,13.9,13.4,13.4,24200
SIC,20090112,16,16,14.3,14.5,22300
SIC,20090109,15.6,15.6,15,15.5,34300
SIC,20090108,14,14.6,14,14.5,36400
SIC,20090107,13.6,13.6,13.5,13.6,17600
SIC,20090106,12.6,12.9,12.3,12.6,12400
SIC,20090105,11.5,12.5,11.5,12,1500
SIC,20090102,12.1,12.6,12.1,12.3,300
SIC,20081231,12.9,12.9,12.3,12.4,6500
SIC,20081230,12.7,12.7,12.2,12.5,5100
SIC,20081229,12.2,12.7,12,12.5,3300
SIC,20081226,12.3,12.9,12.1,12.7,4100
SIC,20081225,12.9,12.9,12.2,12.3,2200
SIC,20081224,12.7,13,12.3,12.6,9800
SIC,20081223,13.1,13.1,12.2,12.3,3300
SIC,20081222,14,14,12.2,13.2,4500
SIC,20081219,12.9,13.1,12.9,13,12300
SIC,20081218,12.5,13,12,12.4,8200
SIC,20081217,12.3,13.2,11.9,12.8,8400
SIC,20081216,12.8,13.2,12.5,12.8,7600
SIC,20081215,12.7,13.6,12.7,13.5,18000
SIC,20081212,12.6,12.6,12.6,12.6,8800
SIC,20081211,10.9,12,10.9,11.7,3400
SIC,20081210,11.5,11.7,11.5,11.6,12800
SIC,20081209,12.4,12.5,11.4,12.5,11000
SIC,20081208,12.4,13.7,12.3,12.4,18300
SIC,20081205,13.4,13.4,13.2,13.3,19300
SIC,20081204,15,15,14,14.3,11200
SIC,20081203,14.2,14.2,13.5,13.9,3600
SIC,20081202,13,13.5,13,13.2,8100
SIC,20081201,14.4,14.4,13,13.8,14100
SIC,20081128,11.5,13.4,11.5,13.4,14900
SIC,20081127,13,13.2,12.2,12.4,11200
SIC,20081126,13.8,13.8,12.8,13.1,8000
SIC,20081125,14.3,14.3,13,13.5,13600
SIC,20081124,14.4,14.4,13,13.4,15400
SIC,20081124,14.4,14.4,13,13.4,15400
SIC,20081121,13.8,14.6,13.8,14,30900
SIC,20081120,15,15,14.9,14.9,27100
SIC,20081119,16.4,16.6,15.7,16.1,10800
SIC,20081118,17.4,17.4,15.2,16.4,31300
SIC,20081117,16.2,16.2,16,16.2,43400
SIC,20081114,15.1,15.1,14.5,15.1,21000
SIC,20081113,13.7,14.2,13.7,14,7300
SIC,20081112,12.9,14,12.9,13.2,32500
SIC,20081111,14.1,14.1,14,14,38900
SIC,20081110,16,16,14.2,15.1,7700
SIC,20081107,15.1,15.2,15.1,15.1,15100
SIC,20081106,16,18.1,15.5,16.3,76500
SIC,20081105,16.8,16.8,16.8,16.8,43700
SIC,20081104,15.3,16.1,15,15.6,11700
SIC,20081103,15,16,14.2,15,9700
SIC,20081031,15,15.5,15,15.4,25100
SIC,20081030,14.3,15.3,13.2,14.4,12500
SIC,20081029,14.3,14.3,14,14.3,23100
SIC,20081028,13.3,13.8,13.2,13.3,28300
SIC,20081027,14.3,14.3,14.3,14.3,5000
SIC,20081024,15.6,16,15.4,15.5,8000
SIC,20081023,17.7,18.2,16.4,16.7,9200
SIC,20081022,17,18.2,17,17.7,4500
SIC,20081021,18.7,18.7,17.6,18.3,11400
SIC,20081020,19,19,16.7,17.5,11400
SIC,20081017,18.5,18.5,18,18.1,9700
SIC,20081016,17.7,19.4,17.6,18.1,16400
SIC,20081015,19.6,19.6,17,19,32400
SIC,20081014,18.2,18.2,18.2,18.2,500
SIC,20081013,16.6,19.4,16.6,16.9,21300
SIC,20081010,19,19,18,18,8200
SIC,20081009,18.9,21.5,18.8,19.5,18400
SIC,20081008,20.3,21.3,20.2,20.3,16300
SIC,20081007,21.8,21.8,21.8,21.8,2100
SIC,20081006,25.3,25.3,23.4,23.5,12000
SIC,20081003,25,26.3,25,25.3,6200
SIC,20081002,25.5,27.4,25.5,26.3,21200
SIC,20081001,27,27,24.1,25.5,21400
SIC,20080930,25.9,25.9,25.9,25.9,500
SIC,20080929,28.4,28.4,24.8,27.9,19600
SIC,20080926,26.6,26.6,26,26.5,37100
SIC,20080925,24.5,25.4,23,24.8,22700
SIC,20080924,23.2,25,22.7,23.7,34800
SIC,20080923,25.9,26,22.5,24.5,37200
SIC,20080922,24.3,24.3,24.3,24.3,6400
SIC,20080919,20.3,23.5,20.3,22.6,29600
SIC,20080918,21.9,21.9,21.9,21.9,7000
SIC,20080917,23.6,23.6,23.6,23.6,13800
SIC,20080916,27,28,24.6,25.5,30300
SIC,20080915,25.9,29.9,25.9,26.5,48200
SIC,20080912,27.9,28,27.9,27.9,68200
SIC,20080911,31,31,30.1,30.1,77100
SIC,20080910,34,35.8,31.7,32.5,34600
SIC,20080909,35.4,35.6,30.8,34.2,70700
SIC,20080908,35.3,35.3,30.5,33.2,170700
SIC,20080905,32.9,32.9,32.9,32.9,9500
SIC,20080904,30.7,30.7,30.7,30.7,6600
SIC,20080903,28.6,28.6,28.6,28.6,300
SIC,20080829,26.6,26.6,26.6,26.6,24500
SIC,20080828,25.2,25.2,22,24.8,177700
SIC,20080827,23.5,23.5,23.5,23.5,7600
SIC,20080826,21.9,21.9,21.9,21.9,500
SIC,20080825,20.4,20.4,20.4,20.4,1300
SIC,20080822,19,19,19,19,1200
SIC,20080821,17.7,17.7,17.7,17.7,5800
SIC,20080820,16.5,16.5,16.4,16.5,54200
SIC,20080819,15.5,15.5,14.4,15.3,86900
SIC,20080818,14.4,14.4,14,14.4,37900
SIC,20080815,13.4,13.4,13.4,13.4,9400
SIC,20080814,12.6,13,12.6,12.9,28300
SIC,20080813,12.8,12.8,11.8,12.5,29700
SIC,20080812,12.3,12.3,12.3,12.3,26900
SIC,20080811,11,11.9,11,11.8,4700
SIC,20080808,11.9,11.9,11.2,11.4,5000
SIC,20080807,11.2,12.1,11.1,11.7,24400
SIC,20080806,11.4,11.9,11.4,11.6,30800
SIC,20080805,11.9,11.9,11.9,11.9,100
SIC,20080804,12.4,12.6,12.4,12.4,6700
SIC,20080801,12.9,12.9,12.9,12.9,400
SIC,20080731,13.5,13.5,13.5,13.5,1400
SIC,20080730,14.3,14.3,14.1,14.1,6000
SIC,20080729,14.3,15.5,14.3,14.7,62900
SIC,20080728,14.9,14.9,14.9,14.9,100
SIC,20080725,15.6,15.6,15.6,15.6,200
SIC,20080724,16.3,16.3,16.3,16.3,2000
SIC,20080721,17,17,17,17,1500
SIC,20080718,18.4,18.4,17,17.7,49200
SIC,20080717,17.7,17.7,17.7,17.7,16200
SIC,20080716,17.2,17.2,16,17,60800
SIC,20080715,16.5,16.5,16.5,16.5,4900
SIC,20080714,15.8,15.8,15.8,15.8,5800
SIC,20080711,15.2,15.2,15.2,15.2,13200
SIC,20080710,14.6,14.6,14.6,14.6,7000
SIC,20080709,12.8,14,12.8,14,22700
SIC,20080708,13.1,13.8,13.1,13.4,53100
SIC,20080707,14.2,14.2,13,13.7,61200
SIC,20080704,13.6,13.6,12.4,13.6,16600
SIC,20080703,13,13,13,13,4200
SIC,20080702,12.5,12.5,12.1,12.5,43000
SIC,20080701,12,12,12,12,9800
SIC,20080630,10.8,11.7,10.8,11.5,37600
SIC,20080627,10.8,11.6,10.7,11.2,15300
SIC,20080626,11.6,11.6,10.6,11.2,27500
SIC,20080625,11.1,11.3,10.8,11.1,22700
SIC,20080624,10.6,11.1,10.6,10.8,27000
SIC,20080623,10.4,11.2,10.4,10.6,30900
SIC,20080620,10.9,10.9,10.9,10.9,100
SIC,20080618,11.5,11.5,10.9,11.4,34400
SIC,20080617,11.2,11.2,11.2,11.2,4000
SIC,20080616,10.9,10.9,10.9,10.9,1000
SIC,20080613,10.6,10.6,10.6,10.6,10000
SIC,20080612,10.4,10.4,10.1,10.3,13800
SIC,20080611,9.7,10.3,9.7,10.1,23400
SIC,20080610,10,10.4,10,10,26400
SIC,20080609,10.3,10.3,10.3,10.3,900
SIC,20080606,10.6,10.6,10.6,10.6,800
SIC,20080605,11,11,11,11,100
SIC,20080603,11.4,11.4,11.4,11.4,100
SIC,20080602,11.8,11.8,11.8,11.8,600
SIC,20080530,12.2,12.2,12.2,12.2,500
SIC,20080529,12.6,12.6,12.6,12.6,100
SIC,20080528,13,13,13,13,200
SIC,20080527,13.4,13.4,13.4,13.4,100
SIC,20080526,13.8,13.8,13.8,13.8,500
SIC,20080522,14.3,14.3,14.3,14.3,100
SIC,20080521,14.8,14.8,14.8,14.8,100
SIC,20080520,15.3,15.3,15.3,15.3,300
SIC,20080519,15.8,15.8,15.8,15.8,300
SIC,20080516,16.3,16.3,16.3,16.3,4700
SIC,20080515,16.8,16.8,16.8,16.8,200
SIC,20080514,17.3,17.3,17.3,17.3,1100
SIC,20080513,17.9,17.9,17.9,17.9,1300
SIC,20080509,18.5,18.5,18.5,18.5,200
SIC,20080508,19.1,19.1,19.1,19.1,400
SIC,20080507,19.7,19.7,19.7,19.7,1000
SIC,20080506,20.3,20.3,20.3,20.3,600
SIC,20080505,21,21,21,21,1000
SIC,20080429,22.4,22.4,21,21.7,17500
SIC,20080428,21.2,22.2,21.2,21.7,9400
SIC,20080425,21.8,22,21.8,21.8,16800
SIC,20080424,22.4,22.9,22.4,22.5,6000
SIC,20080423,23.1,23.1,23.1,23.1,1500
SIC,20080422,25.4,25.4,23.8,23.8,3500
SIC,20080421,24.6,24.6,24.6,24.6,3700
SIC,20080418,26.7,26.7,25.1,25.4,21000
SIC,20080417,25.4,27,25.4,25.9,35200
SIC,20080416,26.2,26.2,26.2,26.2,3500
SIC,20080411,27,27,27,27,6500
SIC,20080410,27.9,27.9,27.9,27.9,2000
SIC,20080409,28.9,29.4,28.7,28.8,6200
SIC,20080408,30.6,30.6,28.8,29.6,41600
SIC,20080407,29.7,29.7,29.7,29.7,700
SIC,20080404,28.8,28.8,28.8,28.8,200
SIC,20080403,28.2,28.2,28.2,28.2,200
SIC,20080402,27.6,27.6,27.6,27.6,100
SIC,20080401,27.1,27.1,27.1,27.1,200
SIC,20080331,26.6,26.6,26.6,26.6,300
SIC,20080328,26.1,26.1,26.1,26.1,600
SIC,20080327,25.6,25.6,25.6,25.6,100
SIC,20080326,22.7,28,22.6,25.1,20500
SIC,20080325,25.7,25.7,25.4,25.4,10800
SIC,20080324,28.8,29.4,28.3,28.5,17800
SIC,20080321,34.4,34.9,30.5,31.7,24500
SIC,20080320,34.4,34.5,32.4,33.7,30100
SIC,20080319,35.9,36.5,30.4,34,19000
SIC,20080318,33.4,33.4,33,33,30700
SIC,20080317,38.4,38.4,36.7,36.9,29300
SIC,20080314,40.4,41.4,38.7,41,34200
SIC,20080313,44.2,45.1,41.4,42.6,26800
SIC,20080312,40.4,43.7,39.4,41.2,34100
SIC,20080311,40.4,40.9,39.7,40.1,32700
SIC,20080310,45,45,39.2,44.4,66900
SIC,20080307,40.7,40.7,40.7,40.7,3100
SIC,20080306,36.8,36.8,36.8,36.8,3700
SIC,20080305,32.6,38.6,32.6,33.3,60400
SIC,20080304,37.4,37.4,36.5,36.5,10800
SIC,20080303,44.4,45.4,39.7,40.8,30200
SIC,20080229,46.4,46.4,43.4,44.3,23900
SIC,20080228,47.4,49.4,45.9,47.7,28800
SIC,20080227,44.3,52.2,44.3,48.8,19200
SIC,20080226,54.4,54.6,46.9,49.5,28800
SIC,20080225,48.4,52.7,48.4,52.1,23100
SIC,20080222,47.8,52.3,46.3,47.7,56900
SIC,20080221,55.5,55.5,51.5,51.7,23700
SIC,20080220,57.4,59.4,55.4,57.5,14300
SIC,20080219,57.4,62.3,57.4,60.5,25300
SIC,20080218,57.1,60.4,57.1,58.7,58400
SIC,20080215,66.4,66.4,62.4,63.7,13700
SIC,20080214,65.4,69.4,64.4,67.2,35500
SIC,20080213,67.9,68.9,65.5,66.6,9600
SIC,20080212,73.9,73.9,69.2,70.5,18700
SIC,20080201,79.4,80.4,75.4,77,31000
SIC,20080131,78.1,78.1,65.4,73.2,50400
SIC,20080130,70.9,70.9,70.5,70.9,9800
SIC,20080129,64.3,64.3,64.3,64.3,34700
SIC,20080128,59.4,59.4,55.4,58.3,7100
SIC,20080125,57.4,59.4,56.9,58.8,8300
SIC,20080124,62.4,63.4,56.4,59.3,15400
SIC,20080123,57.4,60.4,54.9,57.5,11100
SIC,20080122,59.5,62.1,59.4,60.5,9200
SIC,20080121,63.4,64.6,63.4,64.1,12400
SIC,20080118,59.5,66.4,59.5,64.2,19600
SIC,20080117,67.4,67.9,56.4,63.1,29100
SIC,20080116,60.4,61.8,60.4,61.5,4400
SIC,20080115,56.1,56.1,56,56,14000
SIC,20080114,65.4,65.4,61,62.5,6100
SIC,20080111,64.4,69.9,64.4,67.9,11000
SIC,20080110,68.4,68.4,64.4,65.5,7200
SIC,20080109,71.4,71.4,69.9,70.4,9600
SIC,20080108,76.4,77.4,72.4,75.2,4700
SIC,20080107,70.9,72.4,70.9,71.3,5200
SIC,20080104,78.3,78.3,75.4,76.3,5500
SIC,20080103,78.4,78.9,77.4,78.3,2600
SIC,20080102,80.4,80.4,77.4,79,2000
SIC,20071228,78.9,80.4,78.9,79.8,2900
SIC,20071227,80.4,80.4,79.1,80,3800
SIC,20071226,77.5,81.4,77.5,80.3,14200
SIC,20071225,77.5,79.4,77.4,78.6,14500
SIC,20071224,80.4,81,79.5,80.1,6800
SIC,20071221,78.4,82.4,78.4,78.5,13200
SIC,20071220,78.4,78.9,77.4,78.5,1600
SIC,20071219,83.9,86.4,83,84.3,14300
SIC,20071218,76.4,79.9,76.4,79.1,14300
SIC,20071217,77.4,77.4,77.4,77.4,500
SIC,20071214,78.9,80.4,78.9,79.5,2500
SIC,20071213,81.4,81.4,79.4,80.1,10800
SIC,20071212,82.4,87.3,78.5,82.3,7800
SIC,20071211,83.9,83.9,81.4,81.9,7300
SIC,20071210,83.9,84.7,80.9,83.8,10500
SIC,20071207,84.9,87.4,83.4,86,38100
SIC,20071206,85.4,87.4,83.4,85,14200
SIC,20071205,92.4,92.4,80.5,84.2,23800
SIC,20071204,87.2,88,84.9,87.4,41100
SIC,20071203,77.4,84.6,77.4,79.8,23600
SIC,20071130,76.9,77.4,75.9,76.7,7900
SIC,20071129,80.8,80.8,75.6,76.8,11100
SIC,20071128,77.4,82.4,74.9,75.5,25900
SIC,20071127,75.4,77.4,75.4,76.5,12000
SIC,20071126,72.4,76.4,72.4,74.8,17700
SIC,20071123,75.4,75.4,72.4,73.3,9300
SIC,20071122,75.6,76.4,73.4,75.6,7500
SIC,20071121,73.4,75.4,70.4,73.9,9700
SIC,20071120,75.9,79.4,74.9,76.6,9800
SIC,20071119,77.4,77.4,74.4,75.9,12800
SIC,20071116,73.4,75.9,72.4,74.5,10900
SIC,20071115,81.4,81.4,73.4,76.4,15300
SIC,20071114,67.4,75.1,67.4,74.5,9000
SIC,20071113,70.4,71.6,67.4,68.1,12300
SIC,20071112,77.4,77.4,73.4,75.1,26000
SIC,20071109,83.4,85.4,80.8,81.1,45600
SIC,20071108,90.9,92.4,87.4,90,7200
SIC,20071107,90.4,94.9,89.4,92.4,23000
SIC,20071106,91.4,92.3,86.4,89.3,16600
SIC,20071105,96.3,96.3,89.9,92.3,24700
SIC,20071102,99.4,99.4,93.5,96.4,68500
SIC,20071101,85.4,96,82.4,91.1,24700
SIC,20071031,92.9,92.9,83.9,87.1,37000
SIC,20071030,94.4,99.4,90.4,92.9,73200
SIC,20071029,97.8,97.8,89.9,96.9,177600
SIC,20071026,88.7,88.7,88.7,88.7,61700
SIC,20071025,80.4,80.4,80.4,80.4,13100
SIC,20071024,72.9,72.9,72.9,72.9,24200
SIC,20071023,66.1,66.1,66.1,66.1,65900
SIC,20071022,60.9,60.9,58.4,59.9,44200
SIC,20071019,54.1,65.4,54.1,60.5,47400
SIC,20071018,60.4,60.4,60.4,60.4,8200
SIC,20071017,70,70,57.5,67.4,46400
SIC,20071016,63.4,63.4,63.4,63.4,12700
SIC,20071015,51.4,57.7,51.4,57.4,32900
SIC,20071012,53.4,54.2,50.4,52.3,70500
SIC,20071011,54.2,54.2,50.4,53,59600
SIC,20071010,49.1,49.1,49.1,49.1,13900
SIC,20071009,44.4,44.4,44.4,44.4,3000
SIC,20071008,42.7,42.7,38.8,63.5,46800
SIC,20071005,42.7,42.7,37.3,64.7,54368
SIC,20071004,42.1,42.7,41.1,65.9,77382
SIC,20071003,42.1,42.1,40.2,64.8,67651
SIC,20071002,40.7,40.7,38.8,63.5,88657
SIC,20071001,32.4,36.9,32.4,58.3,68269
SIC,20070928,33.3,34.2,32.4,52.9,62246
SIC,20070927,36.2,36.2,30.1,51.9,24558
SIC,20070926,33.6,33.6,27.1,51.9,108582
SIC,20070925,30.4,30.4,30.4,48.3,11739
SIC,20070924,27.4,27.4,27.4,43.7,8650
SIC,20070921,23.3,24.9,23.3,39.5,14364
SIC,20070920,22.7,22.7,22,36.1,9267
SIC,20070919,22.1,22.1,21.9,35.4,10503
SIC,20070918,21.4,22,21.4,35.1,3707
SIC,20070917,22,22,21.5,35.1,4788
SIC,20070914,22.3,22.3,22.2,35.8,5560
SIC,20070913,22.7,23,22,36.4,16836
SIC,20070912,21.7,21.8,21.7,35,1699
SIC,20070911,21.7,22.7,21.4,35.3,13438
SIC,20070910,22,22,20.4,34,7723
SIC,20070907,21.4,22,21.4,35,2780
SIC,20070906,21.2,21.2,21.2,34.2,927
SIC,20070905,21.4,21.4,21.4,34.4,772
SIC,20070831,21.4,21.4,21.4,34.4,1390
SIC,20070830,21.4,21.4,21.4,34.4,154
SIC,20070829,21.6,21.6,20.1,33,772
SIC,20070828,20.4,20.4,20.4,33,154
SIC,20070827,20.7,20.8,20.7,33.6,1236
SIC,20070824,20.7,20.8,20.7,33.6,2008
SIC,20070823,21.4,21.4,21.4,34.4,154
SIC,20070822,21.4,21.4,20.7,34.1,4634
SIC,20070821,21.4,21.4,21.4,34.5,927
SIC,20070820,21.4,21.4,21.4,34.4,772
SIC,20070817,23.3,23.3,23.3,37.4,1699
SIC,20070816,22.7,25.2,22.7,38,16372
SIC,20070815,20.7,23.4,20.7,36.4,12048
SIC,20070810,21,21.1,21,33.9,1699
SIC,20070809,21,21,21,33.9,618
SIC,20070808,20.7,20.7,20.7,33.4,1545
SIC,20070807,20.4,20.4,20.4,33,772
SIC,20070806,20.4,20.4,20.4,33,309
SIC,20070803,20.7,20.8,20.7,33.4,3707
SIC,20070802,20.4,20.4,20.4,32.9,772
SIC,20070801,20.4,20.7,20.4,33,17299
SIC,20070731,21,21,20.1,33.2,8650
SIC,20070730,21.4,21.4,21.4,34.5,1236
SIC,20070727,22.7,22.7,22.7,36.4,1545
SIC,20070726,22.1,22.1,22,35.4,772
SIC,20070725,23.2,23.3,23,37.1,9576
SIC,20070724,23.3,23.3,23.2,37.3,3707
SIC,20070723,22.3,23,22.3,36.6,7105
SIC,20070720,22.3,22.4,22.3,35.9,4016
SIC,20070719,22.1,22.1,22,35.4,2162
SIC,20070717,22.7,23,22.7,36.8,2317
SIC,20070716,23.9,23.9,22.7,38.2,2317
SIC,20070713,24.5,24.5,24.5,39.2,463
SIC,20070711,23,24.3,23,37.7,7259
SIC,20070710,21.8,22,21.8,35.3,3089
SIC,20070706,21.7,22,21.7,35.1,1390
SIC,20070705,21.4,21.7,21.4,34.8,3089
SIC,20070704,21.4,21.4,21.4,34.4,7105
SIC,20070703,21.4,21.4,21.4,34.4,1545
SIC,20070702,23.3,23.3,22,36.1,12048
SIC,20070629,23.9,24,23.3,38,4016
SIC,20070628,24.1,24.1,24.1,39.9,927
SIC,20070627,24.6,24.9,23.9,39.3,9885
SIC,20070626,24.9,24.9,23.9,39.3,5560
SIC,20070625,25.2,25.2,24.6,39.9,4479
SIC,20070622,25.9,25.9,25.4,41,10503
SIC,20070621,26.2,26.2,25.9,41.5,5406
SIC,20070620,27.5,27.5,27.5,43.9,3552
SIC,20070619,27.5,27.6,27.5,43.9,772
SIC,20070618,28.5,28.5,26.9,44.1,3244
SIC,20070615,27.5,27.5,27.2,43.8,927
SIC,20070614,27.5,27.6,27.5,43.9,463
SIC,20070613,27.5,27.5,27.5,43.9,1390
SIC,20070612,27.8,28.2,27.8,44.5,3552
SIC,20070611,26.9,27.2,26.5,42.7,9113
SIC,20070608,27.8,28.8,27.5,44.4,9576
SIC,20070607,28.3,29.1,27.8,45.7,7877
SIC,20070606,27.5,28.5,27.5,44.8,6642
SIC,20070605,27.2,27.5,27.2,43.9,3398
SIC,20070604,31.1,31.1,26.6,45.3,3552
SIC,20070601,29.8,30.4,29.8,47.5,2935
SIC,20070531,29.6,31.7,29.6,48.9,4325
SIC,20070530,29.8,29.8,28.7,47.2,6178
SIC,20070529,29.8,30.4,29.8,47.8,5715
SIC,20070528,32.4,33,29.8,50.2,2626
SIC,20070525,30.4,31.7,30.2,48.9,11430
SIC,20070524,33.7,33.7,29.4,49.4,6796
SIC,20070523,33,33,31.1,51.4,16990
SIC,20070522,30.4,31.2,30.4,49.5,20079
SIC,20070521,28.5,29.8,27.8,44.9,15446
SIC,20070518,27.8,28.4,27.8,44.6,2008
SIC,20070517,28.2,28.5,28.2,45.1,2317
SIC,20070516,28.8,29.8,28.5,45.8,5869
SIC,20070515,29.1,29.8,28.5,45.8,2780
SIC,20070514,28.5,28.6,28.2,45.4,11121
SIC,20070511,26.5,27.8,26.5,44,3552
SIC,20070510,27.2,27.8,27.2,43.5,1081
SIC,20070509,29.1,29.8,27.8,46.2,13747
SIC,20070508,27.2,29.1,27.2,45.5,7414
SIC,20070507,26.6,26.9,26.6,42.7,1853
SIC,20070504,27.5,27.5,26.5,42.8,2935
SIC,20070503,27.5,27.8,27.5,44.2,2008
SIC,20070502,29.6,29.6,27.5,46.6,6024
SIC,20070425,27.2,28.8,26.6,44.8,14673
SIC,20070424,26.5,26.5,25.4,41.6,5251
SIC,20070423,29.1,29.1,27.5,45.5,6950
SIC,20070420,29.1,29.1,28.2,45.9,3861
SIC,20070419,29.8,29.8,28.5,46.1,8341
SIC,20070418,27.5,29.4,26.5,45.6,27184
SIC,20070417,29.8,29.8,26.4,42.4,12048
SIC,20070416,29.8,29.8,29.1,47.1,2935
SIC,20070413,29.2,33.3,29.1,51.3,19616
SIC,20070412,31.4,32.7,31.4,50.9,8032
SIC,20070411,33,33.8,32.4,52.3,2626
SIC,20070410,33,33,32.4,52.2,1545
SIC,20070409,33.7,34.3,33.7,53.8,1081
SIC,20070406,35,35,33.7,53.8,2317
SIC,20070405,35.7,35.9,34.3,55.1,5251
SIC,20070404,35.6,35.6,35,55.8,4788
SIC,20070403,33.7,33.7,32.9,52.6,6024
SIC,20070402,38.8,38.8,35.7,58.3,6024
SIC,20070330,40.7,40.7,39.4,63.1,20388
SIC,20070329,36.2,37.1,36.2,58.3,6024
SIC,20070328,32.4,39.5,32.4,53.2,31509
SIC,20070327,39.5,39.5,35.3,57.4,8186
SIC,20070326,39.8,40.6,37.5,62.3,18844
SIC,20070323,41.7,41.7,38.2,63.5,26721
SIC,20070322,38,42.7,38,65.6,40004
SIC,20070321,43,44.3,41.1,67,44020
SIC,20070320,43.4,45,40.1,66.3,90974
SIC,20070319,40.1,40.7,40.1,64.3,37533
SIC,20070319,40.1,40.7,40.1,64.3,37533
SIC,20070316,35,40.9,33.5,58.3,23632
SIC,20070315,37,37,37,58.5,15909
SIC,20070314,40.8,43.4,40.8,65.2,36915
SIC,20070313,47.3,49.2,44.4,71.8,30582
SIC,20070312,53.5,53.5,43.4,78,75220
SIC,20070309,48.5,48.5,48.5,76.3,59002
SIC,20070308,43.9,43.9,43.9,69.2,14828
SIC,20070307,39.7,39.7,39.7,62.7,48962
SIC,20070306,35,37.1,34.3,56.8,72440
