<Ticker>,<DTYYYYMMDD>,<Open>,<High>,<Low>,<Close>,<Volume>
SJ1,20100729,26.1,27.6,26.1,27.6,19200
SJ1,20100728,24.7,26,24.7,25.8,27400
SJ1,20100727,23.8,25.5,23.8,24.3,7500
SJ1,20100726,23.7,25.2,23.7,23.9,4700
SJ1,20100723,22.7,25.7,22.5,23.6,6400
SJ1,20100722,23.8,25,23.8,24.1,2900
SJ1,20100721,26,26,24.4,25.5,10100
SJ1,20100720,24.3,24.3,24.3,24.3,3500
SJ1,20100719,25.5,25.5,22.5,22.8,1100
SJ1,20100716,23.9,23.9,23.9,23.9,900
SJ1,20100715,24.1,26.5,24.1,24.7,4900
SJ1,20100714,24.8,24.8,24.8,24.8,100
SJ1,20100713,26,26,23.3,23.6,900
SJ1,20100712,25,25.3,22.6,24.3,300
SJ1,20100709,23.1,24,23.1,23.7,20300
SJ1,20100708,22.7,22.7,22.7,22.7,100
SJ1,20100706,24.1,24.3,24.1,24.2,200
SJ1,20100705,26.8,26.8,24.4,25.6,200
SJ1,20100702,25.3,25.3,25.3,25.3,100
SJ1,20100701,23.7,23.7,23.7,23.7,100
SJ1,20100630,24.5,24.5,24.5,24.5,100
SJ1,20100629,26,26,23.1,24.4,800
SJ1,20100628,24.8,24.8,24.8,24.8,100
SJ1,20100624,26.6,26.6,26.6,26.6,100
SJ1,20100623,26.7,26.7,24.9,26.6,1400
SJ1,20100622,26.1,26.1,25,25,30000
SJ1,20100621,26,27.8,26,26.6,600
SJ1,20100618,26,26,26,26,100
SJ1,20100615,27.9,28,27.9,27.9,2200
SJ1,20100614,30,30,30,30,100
SJ1,20100611,29.9,29.9,28,29,200
SJ1,20100610,28,28,28,28,1000
SJ1,20100609,33,33,29.3,30.1,1300
SJ1,20100608,31.2,31.5,31.2,31.4,700
SJ1,20100607,32.1,32.1,32.1,32.1,100
SJ1,20100604,31,31,31,31,200
SJ1,20100603,30.8,30.8,30.8,30.8,100
SJ1,20100602,29,29,29,29,600
SJ1,20100601,30.4,30.4,30.4,30.4,100
SJ1,20100531,28.5,28.5,28.5,28.5,200
SJ1,20100528,26.7,26.8,26.7,26.7,2100
SJ1,20100527,28.7,28.7,28.7,28.7,100
SJ1,20100526,27,27,27,27,700
SJ1,20100525,25.3,25.3,25.3,25.3,4500
SJ1,20100524,27.1,27.1,27.1,27.1,1200
SJ1,20100521,29.1,29.1,29.1,29.1,300
SJ1,20100520,31.2,31.2,31.2,31.2,300
SJ1,20100519,33.5,33.5,33.5,33.5,300
SJ1,20100513,36,36,36,36,100
SJ1,20100511,34.9,34.9,34.2,34.5,600
SJ1,20100510,34,34,32,33,400
SJ1,20100507,31.8,32,31.8,31.8,4200
SJ1,20100506,31.6,31.6,31.4,31.5,2100
SJ1,20100505,29.7,29.7,29.7,29.7,100
SJ1,20100504,29.7,29.7,29.7,29.7,1100
SJ1,20100428,27.8,27.9,27.3,27.8,2700
SJ1,20100427,27.9,27.9,27.9,27.9,800
SJ1,20100422,30.1,30.1,30,30,2200
SJ1,20100421,30.5,30.5,30.5,30.5,3000
SJ1,20100420,34,34,31.7,31.8,3700
SJ1,20100419,33.9,34,33.9,34,1000
SJ1,20100416,34.3,34.3,34.3,34.3,200
SJ1,20100415,30.5,32.2,30.5,32.1,27400
SJ1,20100414,30.1,30.1,30.1,30.1,100
SJ1,20100413,32,32,30.2,31.1,4000
SJ1,20100412,30,30.2,30,30.2,1700
SJ1,20100409,28.7,30.7,28.7,30.2,52600
SJ1,20100408,30,32.4,30,30.7,1600
SJ1,20100407,30,30.7,29.5,30.4,16800
SJ1,20100406,29,29.2,28.3,28.7,15900
SJ1,20100405,27.3,27.3,27.3,27.3,700
SJ1,20100402,25.6,25.6,25.6,25.6,14800
SJ1,20100401,24,24,24,24,100
SJ1,20100331,25.1,25.1,25.1,25.1,100
SJ1,20100330,26,26,26,26,700
SJ1,20100329,27,28.8,27,27.7,24800
SJ1,20100326,27,27,27,27,1000
SJ1,20100325,27.3,27.3,27.3,27.3,100
SJ1,20100324,26.6,26.6,26.6,26.6,100
SJ1,20100323,28.4,28.4,28.3,28.4,10500
SJ1,20100322,28.3,28.3,27.5,28.3,18900
SJ1,20100319,28.7,28.9,26.3,28.3,19100
SJ1,20100318,26.9,27.5,26.9,27.1,56500
SJ1,20100317,26.9,27,26.8,26.9,18500
SJ1,20100316,26.7,26.8,26.7,26.7,14300
SJ1,20100315,26.1,27.3,25.9,26.7,16800
SJ1,20100312,25.4,25.7,25.4,25.6,23400
SJ1,20100310,24.5,24.5,24,24.1,7900
SJ1,20100309,24.5,24.5,24.5,24.5,1000
SJ1,20100308,26,26,25.9,26,6700
SJ1,20100305,25.7,26,25.7,25.8,5000
SJ1,20100304,25.7,26,25.6,25.8,15000
SJ1,20100303,24,25.5,24,24.6,20000
SJ1,20100302,24.2,24.5,22.6,24,19100
SJ1,20100301,23.1,24.5,23.1,24.1,16000
SJ1,20100226,23,23.5,23,23.2,23200
SJ1,20100225,22.6,23.5,22.6,22.9,14800
SJ1,20100224,21.4,22.8,21.4,22.6,41500
SJ1,20100223,20.5,21.6,20.5,21.4,49500
SJ1,20100222,20.1,20.2,20.1,20.2,35300
SJ1,20100212,18.8,18.8,18.8,18.8,2200
SJ1,20100211,19.3,19.3,18.8,18.8,9700
SJ1,20100210,19,19,18.4,18.8,5800
SJ1,20100209,17.9,17.9,17.8,17.9,2300
SJ1,20100208,17.8,17.8,17.8,17.8,1200
SJ1,20100205,17.6,18.8,17.6,17.9,62800
SJ1,20100204,18.8,18.8,18.6,18.7,1100
SJ1,20100203,17.9,17.9,17.9,17.9,300
SJ1,20100202,17.9,18,17.8,17.9,5100
SJ1,20100201,17.8,17.8,17.8,17.8,14500
SJ1,20100129,17.8,18.8,17.8,18.5,700
SJ1,20100128,18.3,18.3,17.8,18.1,2000
SJ1,20100127,18.4,18.4,17.9,18,2500
SJ1,20100126,18.7,18.8,17.9,18.4,17000
SJ1,20100125,18,18,17.8,18,11600
SJ1,20100122,18,18.3,18,18.3,700
SJ1,20100121,19.8,19.8,18.1,18.3,5500
SJ1,20100120,19.9,19.9,18.7,18.9,18100
SJ1,20100119,18.4,19.7,18.4,18.6,11400
SJ1,20100118,19.2,19.2,18.2,18.4,4200
SJ1,20100115,19.6,19.8,19.6,19.6,1200
SJ1,20100114,19.6,20.6,19.6,20,7600
SJ1,20100113,20.6,21.8,20.6,20.9,1900
SJ1,20100112,22.2,22.2,22.2,22.2,1200
SJ1,20100108,23.8,24.5,23,23.9,17700
SJ1,20100107,22.6,23.6,22.4,22.9,7100
SJ1,20100106,22.8,22.8,22.8,22.8,1000
SJ1,20100105,23.6,23.8,21.3,22.7,8800
SJ1,20100104,22.3,22.9,22,22.6,8500
SJ1,20091231,23.3,23.3,21.2,21.7,6700
SJ1,20091230,22.8,22.8,22.8,22.8,200
SJ1,20091229,22.4,22.4,21.8,22.3,600
SJ1,20091228,22.3,22.3,19.8,21.3,2400
SJ1,20091225,20.8,21.1,20.8,20.8,4000
SJ1,20091224,19.8,19.8,18.1,19.7,3000
SJ1,20091223,19.3,19.3,18.8,19.1,1100
SJ1,20091222,18.6,18.6,18.6,18.6,100
SJ1,20091221,17.5,17.5,17.3,17.5,1200
SJ1,20091218,16.3,16.8,15.9,16.3,5000
SJ1,20091217,15.8,15.8,15.8,15.8,1200
SJ1,20091216,17.3,17.3,16.3,16.4,8600
SJ1,20091215,17.6,17.6,17.6,17.6,100
SJ1,20091214,16.8,16.8,16.5,16.7,3200
SJ1,20091211,16.5,16.5,16.3,16.3,1100
SJ1,20091209,17.8,17.8,17.4,17.5,8700
SJ1,20091208,19,19,18.7,18.8,2500
SJ1,20091207,20.3,20.3,19.9,20.1,1000
SJ1,20091204,21.3,21.3,21.3,21.3,100
SJ1,20091203,20.8,20.8,20.7,20.8,1500
SJ1,20091202,21.8,21.8,20.1,20.2,15000
SJ1,20091201,20.8,21.8,20.8,21.5,2200
SJ1,20091130,20.4,20.6,20.4,20.5,4100
SJ1,20091127,17,19.6,17,19.2,2900
SJ1,20091126,18.8,18.8,18.2,18.3,18100
SJ1,20091125,22.3,22.3,19.4,19.6,14000
SJ1,20091124,21.1,21.1,20.7,20.9,1500
SJ1,20091123,21.5,21.8,21.3,21.5,5100
SJ1,20091120,22.8,22.8,22.8,22.8,200
SJ1,20091119,23.3,23.3,23.3,23.3,3100
SJ1,20091118,21.8,22.8,21.8,22.1,4100
SJ1,20091117,23.7,23.7,21.9,22.2,600
SJ1,20091116,21.9,22.8,21.8,22.2,4300
SJ1,20091113,21.4,23.3,21.4,21.9,9500
SJ1,20091112,20.8,23.8,20.8,23.1,4000
SJ1,20091111,20.4,23.3,20.4,22.4,1600
SJ1,20091110,22.8,22.9,21.3,22,2800
SJ1,20091109,23.8,23.8,22.7,22.8,3200
SJ1,20091106,24.5,24.8,24.1,24.4,3600
SJ1,20091105,23.2,23.3,23.1,23.2,8400
SJ1,20091104,21.3,22.3,21.3,21.7,2700
SJ1,20091103,23.3,24.8,22.4,22.8,10500
SJ1,20091102,24.1,24.2,24.1,24.1,7400
SJ1,20091030,25.4,26.3,25.4,26,10400
SJ1,20091029,25.8,25.8,23.8,24.8,9700
SJ1,20091028,24.8,25.9,24.8,25.5,8600
SJ1,20091027,24.3,25.3,24.2,24.4,25900
SJ1,20091026,26.2,27.3,24.8,26.1,28800
SJ1,20091023,27.8,27.8,25.8,26.2,11900
SJ1,20091022,27.8,27.8,26.7,26.9,24200
SJ1,20091021,28.4,28.4,27.1,28.2,12200
SJ1,20091020,26.8,28.3,26.8,28.2,59400
SJ1,20091019,28.2,28.2,26.2,26.4,24500
SJ1,20091016,29.8,29.8,27.3,28.2,9400
SJ1,20091015,28.8,28.9,28.2,28.8,43400
SJ1,20091014,27.2,27.5,26.5,27,48900
SJ1,20091013,25.7,25.7,25.7,25.7,67400
SJ1,20091012,23.8,24,23.8,24,9500
SJ1,20091009,21.8,23,21.8,22.4,56900
SJ1,20091008,21.8,21.8,21.8,21.8,4800
SJ1,20091007,21.8,22.2,21.8,21.9,12600
SJ1,20091006,20.8,21,20.5,20.7,15500
SJ1,20091005,20.9,20.9,19.8,20.4,7700
SJ1,20091002,20.8,20.8,20.3,20.5,14200
SJ1,20091001,22.1,22.3,21.3,21.9,9300
SJ1,20090930,22.3,22.3,22.1,22.3,15400
SJ1,20090929,22.6,22.8,22.3,22.6,6800
SJ1,20090928,22.8,23.2,22,22.6,9400
SJ1,20090925,21.4,22.5,21.3,21.7,7000
SJ1,20090924,22.8,24.6,22.8,22.9,15700
SJ1,20090923,25.3,25.6,23.2,24.6,31800
SJ1,20090922,24.3,24.4,23.3,24.2,34400
SJ1,20090921,22.8,22.8,22.6,22.8,33900
SJ1,20090918,21.2,21.3,21,21.3,25300
SJ1,20090917,20.2,20.7,19.5,19.9,21400
SJ1,20090916,18.8,19.8,18.8,19.3,12100
SJ1,20090915,20.3,20.3,19.6,19.8,8000
SJ1,20090914,20.6,20.7,20,20.5,13700
SJ1,20090911,20.4,20.5,20.3,20.4,1700
SJ1,20090910,21,21,19.9,20.4,10000
SJ1,20090909,19.8,20.2,19.8,20.1,4900
SJ1,20090908,17.3,19.7,17.3,19.4,7400
SJ1,20090907,18.5,18.8,18.4,18.4,24000
SJ1,20090904,21.6,21.8,19.5,19.8,27200
SJ1,20090903,21.7,21.7,20.1,20.9,23900
SJ1,20090901,21.6,21.6,21.6,21.6,25900
SJ1,20090831,20.2,20.2,20.2,20.2,15100
SJ1,20090828,18.8,18.8,18.7,18.8,82000
SJ1,20090827,17.3,17.8,16.5,17.5,8500
SJ1,20090826,16.8,17.2,16.8,16.9,10100
SJ1,20090825,17.4,17.8,17.3,17.5,12100
SJ1,20090821,16.8,17.8,16.8,17.4,6000
SJ1,20090820,17.3,17.3,17.1,17.2,20900
SJ1,20090819,17.8,17.8,17.8,17.8,2000
SJ1,20090818,19,19,17.8,18.2,1700
SJ1,20090817,17.8,18.3,17.8,18,10300
SJ1,20090814,17.7,17.7,17.1,17.5,300
SJ1,20090813,17.9,17.9,17.6,17.7,6000
SJ1,20090812,19.1,19.1,17.7,18.4,21000
SJ1,20090811,20,20,18.3,18.9,36600
SJ1,20090810,18.5,18.6,18.5,18.6,4100
SJ1,20090807,17.3,17.3,16.6,17.3,33700
SJ1,20090806,16.1,16.1,16.1,16.1,18600
SJ1,20090805,14.9,14.9,14.9,14.9,1000
SJ1,20090804,13.8,14.1,13.8,13.8,5200
SJ1,20090803,13.5,13.5,13.3,13.4,9000
SJ1,20090731,13.6,13.6,13.1,13.5,19300
SJ1,20090730,14.1,14.1,13.6,13.8,1300
SJ1,20090729,14.1,14.1,14.1,14.1,300
SJ1,20090728,14.6,14.6,14.6,14.6,1000
SJ1,20090727,15,15,15,15,1300
SJ1,20090724,16.9,16.9,15.8,16.3,10500
SJ1,20090722,15.7,15.7,15.7,15.7,100
SJ1,20090721,14.8,14.8,14.8,14.8,100
SJ1,20090720,13.6,16,13.6,13.7,5800
SJ1,20090716,14.6,14.8,14.6,14.8,41900
SJ1,20090715,13.7,13.7,13.7,13.7,100
SJ1,20090714,14.5,14.5,14.5,14.5,3000
SJ1,20090713,15.7,15.7,15.7,15.7,100
SJ1,20090707,16.7,17,16.7,17,2100
SJ1,20090706,17,17,17,17,200
SJ1,20090703,16.6,16.6,15.1,16.5,1400
SJ1,20090702,15.6,15.6,15.6,15.6,200
SJ1,20090701,13.8,14.6,13.8,14.5,5500
SJ1,20090630,16.7,16.7,14.5,15,7300
SJ1,20090629,15.8,15.8,15.6,15.7,1400
SJ1,20090626,14.7,14.7,14.6,14.7,4500
SJ1,20090625,16,17.6,15.6,15.7,12100
SJ1,20090624,18.9,18.9,16.7,16.9,7200
SJ1,20090623,18.1,18.1,18.1,18.1,3000
SJ1,20090622,19.6,19.6,19.6,19.6,2200
SJ1,20090619,21.8,21.8,20.2,21.2,4900
SJ1,20090618,21.8,21.8,21.8,21.8,4400
SJ1,20090617,22.6,22.6,20,20.3,10100
SJ1,20090616,23,23,21.5,21.6,13800
SJ1,20090615,20.8,24.1,20.8,23.2,22700
SJ1,20090612,22.4,22.4,22.4,22.4,8500
SJ1,20090611,20.8,20.8,20.8,20.8,7300
SJ1,20090610,19.3,19.3,19.3,19.3,26900
SJ1,20090609,17.9,17.9,17.9,17.9,24300
SJ1,20090608,16.6,16.6,16.6,16.6,300
SJ1,20090528,16.1,16.1,15.2,15.4,1580
SJ1,20090527,16,16.1,14.7,15.8,8170
SJ1,20090526,15.6,15.6,15.1,15.2,2190
SJ1,20090525,14.5,15.3,14.5,15,2420
SJ1,20090522,14.7,15.1,14.6,14.6,3850
SJ1,20090521,15.4,15.5,15.1,15.4,7150
SJ1,20090520,15.4,15.4,15.3,15.4,13220
SJ1,20090519,15.3,15.4,15.3,15.4,2540
SJ1,20090518,14.6,15.3,14.6,15,3400
SJ1,20090515,14.4,15.6,14.4,14.9,5700
SJ1,20090514,14.8,14.8,14.8,14.8,100
SJ1,20090513,14.7,14.7,14.6,14.7,6980
SJ1,20090512,13.7,14.8,13.7,14.2,2610
SJ1,20090511,15,15,14.3,15,1720
SJ1,20090508,15,15,15,15,4270
SJ1,20090507,15.1,15.3,15,15.1,3700
SJ1,20090506,14.8,14.8,14.8,14.8,170
SJ1,20090505,15.7,15.7,15.7,15.7,5420
SJ1,20090504,14.8,14.9,14.8,14.8,590
SJ1,20090429,13.8,14.1,13.8,13.9,1370
SJ1,20090428,14,14,14,14,7450
SJ1,20090427,12.8,13.6,12.8,13.5,320
SJ1,20090424,12.8,13.6,12.8,13.2,600
SJ1,20090423,13.8,14,13.3,13.8,3100
SJ1,20090422,12.6,13.3,12.6,13.1,1010
SJ1,20090421,12.6,12.6,12.6,12.6,100
SJ1,20090420,13.7,13.7,12.9,12.9,3300
SJ1,20090417,13.4,13.7,13,13.3,3700
SJ1,20090416,13.7,13.7,13,13.6,3720
SJ1,20090415,13.5,13.5,13,13.4,120
SJ1,20090414,13,13,13,13,800
SJ1,20090413,13.5,13.6,12.3,13.1,1150
SJ1,20090410,12.9,12.9,12.9,12.9,3450
SJ1,20090409,13,13,12.2,12.9,300
SJ1,20090408,13.1,13.1,12.3,12.9,130
SJ1,20090407,12.5,12.7,12.5,12.7,890
SJ1,20090403,12.7,12.7,12,12.1,2960
SJ1,20090402,13.2,13.2,12.7,13,800
SJ1,20090401,11.9,12.5,11.9,11.9,130
SJ1,20090331,11.8,11.8,11.8,11.8,160
SJ1,20090330,11.1,12.3,11.1,12,560
SJ1,20090327,11.6,11.6,11.6,11.6,160
SJ1,20090326,11.9,11.9,11.9,11.9,280
SJ1,20090325,12.7,12.7,11.3,11.4,400
SJ1,20090324,12,12,11,12,470
SJ1,20090320,11.3,11.9,11.3,11.5,3630
SJ1,20090319,11.2,11.6,11.2,11.4,990
SJ1,20090317,11.2,11.2,11.2,11.2,230
SJ1,20090316,12.3,12.3,10.9,12,230
SJ1,20090313,11.6,11.6,10.6,11.6,1030
SJ1,20090312,11,11,11,11,110
SJ1,20090311,11.4,11.6,11,11.5,4230
SJ1,20090310,11,11,11,11,200
SJ1,20090309,11.4,11.4,11.4,11.4,2230
SJ1,20090306,10.6,10.8,10.6,10.7,2010
SJ1,20090305,10.8,10.8,10.8,10.8,1500
SJ1,20090304,10.8,10.8,10.2,10.8,2220
SJ1,20090303,10.2,10.2,10.2,10.2,210
SJ1,20090302,10.1,10.1,10.1,10.1,510
SJ1,20090227,10.1,10.1,10.1,10.1,750
SJ1,20090226,10.5,10.5,10.4,10.5,5520
SJ1,20090225,11,11,10.3,10.7,2720
SJ1,20090224,10.8,10.8,10.8,10.8,1700
SJ1,20090223,10.2,10.2,10.2,10.2,1680
SJ1,20090220,10.7,10.7,10.7,10.7,30
SJ1,20090219,10.3,10.3,10.1,10.2,2700
SJ1,20090218,10.1,10.3,10.1,10.3,4070
SJ1,20090217,10.7,10.7,10.7,10.7,170
SJ1,20090216,11.1,11.1,11,11.1,1540
SJ1,20090213,11,11,11,11,200
SJ1,20090212,11.3,11.3,11,11.3,2350
SJ1,20090211,11,11,11,11,840
SJ1,20090210,10.6,11,10.6,11,2010
SJ1,20090209,10.8,10.8,10.4,10.8,1120
SJ1,20090206,10.9,10.9,10.2,10.5,520
SJ1,20090205,10.8,10.8,10.3,10.6,1540
SJ1,20090204,10.2,10.2,10.2,10.2,50
SJ1,20090203,10.1,10.1,10.1,10.1,290
SJ1,20090202,10.7,10.7,10.6,10.7,1110
SJ1,20090123,10.7,11.2,10.7,10.7,410
SJ1,20090122,10.6,11.1,10.6,11,1200
SJ1,20090121,10.5,10.5,10.5,10.5,560
SJ1,20090119,10.1,11.1,10.1,10.1,410
SJ1,20090116,9.9,10.5,9.9,10.4,30610
SJ1,20090115,10.7,10.7,9.9,10.7,1220
SJ1,20090114,10.1,10.1,10.1,10.1,360
SJ1,20090113,10.4,10.4,10.4,10.4,100
SJ1,20090112,10.9,10.9,10.9,11.5,110
SJ1,20090109,11.5,11.5,11.4,11.5,7810
SJ1,20090108,10.5,10.9,10.5,10.7,1000
SJ1,20090107,10.3,10.3,10.3,10.3,890
SJ1,20090106,9.3,9.7,9.2,9.2,3890
SJ1,20090105,9.2,9.2,9.2,9.2,100
SJ1,20090102,9.7,9.7,9.7,9.7,170
SJ1,20081231,9.8,9.8,9.8,9.8,80
SJ1,20081230,10.6,10.6,9.9,10.5,1120
SJ1,20081229,10.3,10.3,10.3,10.3,500
SJ1,20081226,9.7,9.7,9.7,9.7,90
SJ1,20081225,10.1,10.1,10.1,10.1,290
SJ1,20081224,10.5,10.5,10.5,10.5,550
SJ1,20081223,10.2,10.2,10.1,10.1,560
SJ1,20081222,9.1,9.6,9.1,9.1,1230
SJ1,20081219,9.1,9.1,9.1,9.1,300
SJ1,20081218,9.1,9.1,9.1,9.1,10
SJ1,20081217,8.4,8.6,8.4,8.5,310
SJ1,20081216,8.6,8.6,8.4,8.6,1010
SJ1,20081215,8.6,8.6,8.6,8.6,210
SJ1,20081212,8.6,8.6,8.6,8.6,50
SJ1,20081211,8.1,8.1,8.1,8.1,2500
SJ1,20081210,8,8.5,8,8.5,1020
SJ1,20081209,9,9,8.5,8.5,1500
SJ1,20081205,9,9.3,9,9,3210
SJ1,20081204,9.1,9.1,9,9,1510
SJ1,20081203,9.6,9.6,9.6,9.6,590
SJ1,20081202,10.2,10.2,10.2,10.2,10
SJ1,20081201,10.7,11.1,10.7,10.8,640
SJ1,20081128,11.3,12.7,11.3,11.3,1270
SJ1,20081127,12,12,12,12.1,530
SJ1,20081126,12.7,12.7,12.1,12.5,30
SJ1,20081125,11,12,11,11.1,110
SJ1,20081124,11.3,12.5,11.3,11.9,20
SJ1,20081121,11.8,11.8,11.8,11.8,30
SJ1,20081120,11.3,11.3,11.3,11.3,10
SJ1,20081119,11.8,12.3,11.8,11.9,730
SJ1,20081118,12.8,12.8,12.8,12.8,700
SJ1,20081118,12.8,12.8,12.8,12.8,700
SJ1,20081117,12.8,12.8,12.6,12.6,2470
SJ1,20081114,12.8,12.8,12.8,12.8,10
SJ1,20081113,12.3,12.5,12.3,12.3,2870
SJ1,20081112,12.3,12.3,12.3,12.3,2310
SJ1,20081111,12.3,13.3,12.1,12.2,7910
SJ1,20081110,14.2,14.2,12.9,13.2,2540
SJ1,20081107,13.5,13.5,13.5,13.5,10
SJ1,20081106,14.3,14.3,12.8,13.5,1140
SJ1,20081105,13.6,13.6,13.6,13.6,2000
SJ1,20081104,12.8,12.8,12,12.4,5670
SJ1,20081103,12.5,12.5,12.5,12.5,500
SJ1,20081031,12.9,13.6,12.9,13.3,3460
SJ1,20081030,12.8,14.1,12.5,12.9,210
SJ1,20081029,13.3,13.3,13.3,13.3,3440
SJ1,20081028,12.6,12.6,11.6,11.8,4560
SJ1,20081027,12,12.3,12,12.3,6210
SJ1,20081024,12.8,12.9,12.4,12.6,6310
SJ1,20081023,12.8,13.6,12.5,12.8,7510
SJ1,20081022,13.3,13.3,13,13.3,920
SJ1,20081021,13.4,14.1,13.3,13.5,7590
SJ1,20081020,13.3,14.8,13.3,14.5,12910
SJ1,20081017,14,14,14,14,10550
SJ1,20081016,13.2,13.3,12.8,13.1,1260
SJ1,20081015,13,13,13,13,1000
SJ1,20081014,13,13,13,13,20
SJ1,20081013,12.3,12.8,12.3,12.7,6270
SJ1,20081010,12.3,12.8,12.3,12.3,880
SJ1,20081009,13.9,13.9,12.8,13.7,2410
SJ1,20081008,13,13.1,13,13,3940
SJ1,20081007,13,13.8,13,13,3090
SJ1,20081006,13,13.8,13,13,4610
SJ1,20081003,14.5,14.5,13.8,14.2,8070
SJ1,20081002,13.8,14.5,13.8,13.9,110
SJ1,20081001,13.8,13.8,13.6,13.8,5800
SJ1,20080930,13.6,13.6,13.6,13.6,6200
SJ1,20080929,14.8,15.1,14.4,14.7,8960
SJ1,20080926,14.3,14.8,14.3,14.3,1220
SJ1,20080925,13.4,14.7,13.4,14.1,5760
SJ1,20080924,13.9,14.7,13.9,14.4,5100
SJ1,20080923,15.5,15.5,14.7,15,1460
SJ1,20080922,14.7,14.7,13.3,14.6,270
SJ1,20080919,13.1,13.9,13.1,13.8,790
SJ1,20080918,13.1,13.2,13.1,13.1,9210
SJ1,20080917,13.9,14.3,13.9,14.2,5870
SJ1,20080916,14.8,14.8,13.9,14.6,10270
SJ1,20080915,13.4,14.8,13.4,14,2220
SJ1,20080912,14.1,15.8,14.1,14.6,8710
SJ1,20080911,14.1,15.7,14.1,14.8,6690
SJ1,20080910,15.8,16.3,15,15.5,8280
SJ1,20080909,16.3,16.3,15.8,15.8,7680
SJ1,20080908,15.8,15.9,15.3,15.8,22130
SJ1,20080905,15.3,16.2,15.3,15.9,21550
SJ1,20080904,15.8,15.8,15.3,15.7,6280
SJ1,20080903,15.3,15.3,15.3,15.3,10660
SJ1,20080829,14.5,14.5,14.5,14.5,9020
SJ1,20080828,16.1,16.1,15.3,15.9,8370
SJ1,20080827,17,17,16.2,16.7,7970
SJ1,20080826,16.1,16.1,15.8,16.1,10190
SJ1,20080825,15.2,15.2,15.2,15.2,2570
SJ1,20080822,16.2,16.2,14.4,14.7,750
SJ1,20080821,15.3,16.6,15.3,15.3,5650
SJ1,20080820,14.5,16.2,14.5,15.8,7040
SJ1,20080819,15.4,15.4,15.4,15.4,1100
SJ1,20080818,14.6,14.6,14.6,14.6,2100
SJ1,20080815,13.8,13.8,13.8,13.8,6990
SJ1,20080814,13.4,13.4,13.4,13.4,12340
SJ1,20080813,13,13.8,13,13,280
SJ1,20080812,13.4,13.4,13.4,13.4,3690
SJ1,20080811,13,13,13,13,490
SJ1,20080808,12,12.6,12,12.1,2710
SJ1,20080807,12.2,12.2,12.2,12.2,1800
SJ1,20080806,11.8,12.6,11.8,12.4,460
SJ1,20080805,12.2,12.2,12.2,12.2,2970
SJ1,20080804,12.6,13.4,12.6,12.6,1270
SJ1,20080801,13,13,13,13,2800
SJ1,20080731,13.5,13.5,13.5,13.5,230
SJ1,20080730,15,15,14,14.7,1510
SJ1,20080729,13.8,14.5,13.8,14.5,850
SJ1,20080728,13,14,13,13.7,3900
SJ1,20080725,13.5,13.5,13.5,13.5,2200
SJ1,20080724,14,14,14,14,1050
SJ1,20080723,14.5,14.5,14.5,14.5,10
SJ1,20080722,15,15,15,15,10
SJ1,20080721,15.5,15.5,15.5,15.5,5020
SJ1,20080718,16,16,16,16,1350
SJ1,20080717,16.5,17.2,16.5,16.5,2570
SJ1,20080716,17.1,17.1,17.1,17.1,8040
SJ1,20080715,16.6,16.6,16.6,16.6,5220
SJ1,20080714,15.8,16.1,15.8,15.9,7720
SJ1,20080711,15.3,15.8,15.3,15.8,2150
SJ1,20080710,15.3,15.8,15.3,15.3,590
SJ1,20080709,16,16,15.8,15.8,2220
SJ1,20080708,16.4,16.4,16.4,16.4,210
SJ1,20080707,17.6,17.6,17,17.6,9300
SJ1,20080704,16.8,17,16.1,15.8,11950
SJ1,20080703,15.4,16.4,15.4,15.8,2560
SJ1,20080702,16,16,16,16,3590
SJ1,20080701,15.4,15.5,15.4,15.5,7430
SJ1,20080630,15,15,15,15,4300
SJ1,20080627,13.5,14.5,13.5,13.8,190
SJ1,20080626,13.2,14,13.1,13.3,2350
SJ1,20080625,12.6,13.6,12.6,13.5,1520
SJ1,20080624,13.5,13.5,13.1,13.2,610
SJ1,20080623,13.5,13.5,13.5,13.5,5050
SJ1,20080620,14,14,14,14,3010
SJ1,20080619,14.5,14.5,14.5,14.5,4000
SJ1,20080618,15.6,15.6,15,15.5,940
SJ1,20080617,15.3,15.3,15.3,15.3,1750
SJ1,20080616,15,15,15,15,100
SJ1,20080613,14.4,15,14.4,14.8,2840
SJ1,20080612,15.3,15.3,14.7,15.3,3290
SJ1,20080611,14.5,15,14.5,14.5,7810
SJ1,20080610,14.8,14.8,14.8,14.8,12000
SJ1,20080609,15.1,15.1,15.1,15.1,10
SJ1,20080606,15.4,15.4,15.4,15.4,100
SJ1,20080605,15.7,15.7,15.7,15.7,900
SJ1,20080604,16.1,16.1,16.1,16.1,10
SJ1,20080602,16.5,16.5,16.5,16.5,10
SJ1,20080530,16.9,16.9,16.9,16.9,10
SJ1,20080526,17.3,17.3,17.3,17.3,10
SJ1,20080522,18.1,18.1,18.1,18.1,10
SJ1,20080520,18.5,18.5,18.5,18.5,20
SJ1,20080519,18.9,19.7,18.9,19,1530
SJ1,20080516,19.3,19.3,19.3,19.3,15020
SJ1,20080515,19.7,19.7,19.7,19.7,10
SJ1,20080514,20.1,20.1,20.1,20.1,10
SJ1,20080513,20.5,20.5,20.5,20.5,20
SJ1,20080512,20.9,20.9,20.9,20.9,1010
SJ1,20080509,21.4,21.4,21.4,21.4,3510
SJ1,20080508,21.9,21.9,21.9,21.9,2000
SJ1,20080507,22.4,22.4,22.4,22.4,10
SJ1,20080506,22.9,22.9,22.9,22.9,2170
SJ1,20080505,23.5,23.5,22.9,23,2090
SJ1,20080429,23.2,23.4,23.1,23.4,1820
SJ1,20080428,22.9,23.1,22.9,23,13770
SJ1,20080425,22,22.6,22,22.1,910
SJ1,20080424,22.1,22.1,22.1,22.1,4240
SJ1,20080423,22.6,22.6,22.6,22.6,200
SJ1,20080422,23.1,23.1,22.6,22.8,7400
SJ1,20080421,23.1,23.1,22.6,23.1,4880
SJ1,20080418,23.1,23.1,23.1,23.1,300
SJ1,20080417,22.6,23.6,22.6,22.6,2260
SJ1,20080416,23.1,23.1,23.1,23.1,110
SJ1,20080411,23.6,23.6,23.6,23.6,20
SJ1,20080410,24.1,24.1,24.1,24.1,20
SJ1,20080409,24.6,24.6,24.6,24.6,300
SJ1,20080408,25.4,25.4,25.1,25.4,800
SJ1,20080407,24.9,24.9,24.9,24.9,10
SJ1,20080404,24.4,24.4,24.4,24.4,710
SJ1,20080403,24.2,24.2,24.2,24.2,10
SJ1,20080402,24,24,24,24,10
SJ1,20080401,23.8,23.8,23.8,23.8,110
SJ1,20080331,23.6,23.6,23.6,23.6,10
SJ1,20080328,23.4,23.4,23.4,23.4,100
SJ1,20080327,23.1,23.2,23.1,23.2,4970
SJ1,20080326,21.6,23,21.6,22.7,4920
SJ1,20080325,21.6,22.5,21.6,21.6,10390
SJ1,20080324,22.9,22.9,22.9,22.9,1200
SJ1,20080321,22.6,24.9,22.6,23.3,2090
SJ1,20080320,22,24,22,23.4,1900
SJ1,20080319,25,25,23.1,23.9,1630
SJ1,20080318,25.5,25.5,24.1,24.5,1240
SJ1,20080317,25.3,25.5,25,25.3,2420
SJ1,20080314,26.5,27.4,26.4,26.5,2220
SJ1,20080313,27.4,27.9,26,26.8,3060
SJ1,20080312,25.5,26.4,25.5,26.2,9600
SJ1,20080311,25.9,25.9,25,25.4,4350
SJ1,20080310,25.4,25.7,25,25.4,7710
SJ1,20080307,24.3,24.3,24.3,24.3,2220
SJ1,20080306,23,23,23,23,2160
SJ1,20080305,22,22,21.8,21.9,5350
SJ1,20080304,23.1,23.1,23.1,23.1,3890
SJ1,20080303,24.5,24.7,24.5,24.6,2070
SJ1,20080229,26,26,26,26,2960
SJ1,20080228,27.1,27.2,27.1,27.1,3910
SJ1,20080227,25.6,28.2,25.6,26.3,2830
SJ1,20080226,28,28,27.5,27.6,6190
SJ1,20080225,27.1,29.4,27.1,27.6,1390
SJ1,20080222,27.9,27.9,27.9,27.9,1220
SJ1,20080221,29.8,30.2,29.5,29.7,2630
SJ1,20080220,32,32,31.2,31.7,3860
SJ1,20080219,32.5,33,32,32.9,5290
SJ1,20080218,32.1,33.3,32.1,32.9,5270
SJ1,20080215,33.9,33.9,32.5,33.6,4610
SJ1,20080214,31.4,33.9,31.4,33.1,7470
SJ1,20080213,32.1,33,32.1,32.3,500
SJ1,20080212,34,34,34,34,3200
SJ1,20080201,33,34,31.7,33.7,3830
SJ1,20080131,33.7,33.9,33.5,33.7,8640
SJ1,20080130,33,33.5,32.3,33.2,4600
SJ1,20080129,31,31.8,30.9,31,7860
SJ1,20080128,30,30.9,30,30.6,5070
SJ1,20080125,29.3,30,29.3,29.7,2490
SJ1,20080124,29.5,31.1,29.5,30.9,5620
SJ1,20080123,31,31,30,30.6,12330
SJ1,20080122,32.7,32.7,31,31,2280
SJ1,20080121,32.8,32.9,32.7,0,5950
SJ1,20080118,31.2,33,31.2,0,1880
SJ1,20080117,32.8,32.8,32,0,3330
SJ1,20080116,28.6,31.1,28.6,0,3360
SJ1,20080115,29.2,29.5,29.2,0,10150
SJ1,20080114,31.2,31.2,30.5,0,2130
SJ1,20080111,32.1,32.1,31.2,0,5340
SJ1,20080110,32.1,32.2,32.1,0,57180
SJ1,20080109,34,34,34,0,776860
SJ1,20080108,33,34.4,33,0,1800
SJ1,20080107,34.5,34.5,34.4,0,13100
SJ1,20080104,34.9,34.9,34.7,0,8720
SJ1,20080103,35,35,33.7,0,13600
SJ1,20080102,33.6,35.5,33.6,0,8220
SJ1,20071228,34.8,35,33,0,9500
SJ1,20071227,33,34,33,0,37580
SJ1,20071226,33,33,31.7,0,5750
SJ1,20071225,32.5,33,31.5,0,22490
SJ1,20071224,34.1,34.1,33,0,8640
SJ1,20071221,34.5,34.5,34.4,0,560
SJ1,20071220,34.1,35,34.1,0,4390
SJ1,20071219,34.9,35,34.1,0,39350
SJ1,20071218,34,34.6,34,0,2630
SJ1,20071217,34.5,34.7,34,0,2470
SJ1,20071214,34,34.5,34,0,1010
SJ1,20071213,35,35,34.5,0,1720
SJ1,20071212,35,35.5,34.5,0,50060
SJ1,20071211,34.5,34.5,34.5,0,280
SJ1,20071210,36,36,35.7,0,5740
SJ1,20071207,36,36.9,36,0,8700
SJ1,20071206,36,37,36,0,49500
SJ1,20071205,36.5,37,36,0,9460
SJ1,20071204,36.5,37,36.5,0,6310
SJ1,20071203,36.2,37.8,36.2,0,2020
SJ1,20071130,36.6,37,35.9,0,70840
SJ1,20071129,37,38.5,37,0,5810
SJ1,20071128,38,38,37.1,0,1530
SJ1,20071127,37.7,38.5,37.7,0,4650
SJ1,20071126,37,37.9,37,0,59550
SJ1,20071123,38.4,38.4,37.5,0,6340
SJ1,20071122,38.5,38.5,37.6,0,3460
SJ1,20071121,38.1,38.5,37,0,6260
SJ1,20071120,38,38.1,37.5,0,46580
SJ1,20071119,37.5,39,37.5,0,3380
SJ1,20071116,37,39.5,36.8,0,4000
SJ1,20071115,40,40,38.5,0,7320
SJ1,20071114,37,39,37,0,47440
SJ1,20071113,38.3,38.3,37,0,7880
SJ1,20071112,39,39,39,0,660
SJ1,20071109,41,41,40,0,7200
SJ1,20071108,39,41.1,39,0,23780
SJ1,20071107,39,39.5,39,0,4030
SJ1,20071106,39,39,38.1,0,10180
SJ1,20071105,39.8,39.8,38.5,0,15450
SJ1,20071102,39.7,41,39.7,0,42410
SJ1,20071101,40.3,42,40.3,0,9130
SJ1,20071031,40.2,42.5,40.2,0,11580
SJ1,20071030,42,42,41,0,4070
SJ1,20071029,41.1,42,41,0,13450
SJ1,20071026,43,43.1,42.5,0,36660
SJ1,20071025,41,42.2,41,0,27080
SJ1,20071024,39.5,40,39.5,0,9660
SJ1,20071023,40,40,39.5,0,13010
SJ1,20071022,41.5,41.5,41,0,10570
SJ1,20071019,39.7,41,39.7,0,7460
SJ1,20071018,43,43,42,0,26790
SJ1,20071017,43.5,43.5,42,0,27960
SJ1,20071016,43.4,43.4,42,0,23290
SJ1,20071015,42.8,43,42,0,16400
SJ1,20071012,43.3,43.3,38.9,0,70080
SJ1,20071011,41,41.1,40.5,0,51460
SJ1,20071010,39,39.2,38.5,0,25280
SJ1,20071009,39.5,39.5,38.5,0,13710
SJ1,20071008,38,38.5,38,0,18600
SJ1,20071005,39.4,39.4,38,0,14920
SJ1,20071004,37.4,39.5,37.4,0,15580
SJ1,20071003,39.5,39.9,39,0,9940
SJ1,20071002,41,41,39.5,0,7360
SJ1,20071001,41,41.1,40,0,12640
SJ1,20070928,37,39,37,0,24820
SJ1,20070927,37.5,37.5,37,0,17590
SJ1,20070926,38,40,37.6,0,21620
SJ1,20070925,38.6,38.6,38,0,17960
SJ1,20070924,37,37.1,36.5,0,5880
SJ1,20070921,36.9,37,36.5,0,17190
SJ1,20070920,36.5,36.9,36.5,0,13510
SJ1,20070919,36.9,36.9,36.3,0,7780
SJ1,20070918,36,36.9,36,0,5610
SJ1,20070917,37,37.1,36.9,0,3410
SJ1,20070914,36.5,37,36.5,0,5290
SJ1,20070913,35.7,37,35.7,0,14410
SJ1,20070912,37.5,37.5,37.5,0,19630
SJ1,20070911,36,36,35.1,0,15594
SJ1,20070910,36.9,36.9,35.3,0,23649
SJ1,20070907,35.9,35.9,35.1,0,28232
SJ1,20070906,34.2,34.2,33.2,0,14319
SJ1,20070905,33.3,33.8,32.5,0,3154
SJ1,20070904,34.1,34.1,32.9,0,5220
SJ1,20070831,32.9,32.9,32.4,0,5879
SJ1,20070830,32.9,33.3,32.9,0,5319
SJ1,20070829,33.8,34,32.9,0,5286
SJ1,20070828,34.9,34.9,34.2,0,9220
SJ1,20070827,33,33,32.4,0,8165
SJ1,20070824,31.3,31.5,30.6,0,16330
SJ1,20070823,31.5,31.5,31.5,0,3242
SJ1,20070822,32.4,32.4,32.1,0,2055
SJ1,20070821,33.2,33.2,32.4,0,1901
SJ1,20070820,32.4,32.4,32.4,0,1989
SJ1,20070817,34.2,34.2,33.3,0,121
SJ1,20070816,32.5,33.3,32.5,0,1286
SJ1,20070815,32.4,32.9,32.4,0,2539
SJ1,20070814,32.9,32.9,32.9,0,978
SJ1,20070813,32.9,32.9,32.9,0,549
SJ1,20070810,33.8,33.8,33.8,0,1813
SJ1,20070809,33.6,33.6,33.5,0,6044
SJ1,20070808,33.9,34,33.5,0,6572
SJ1,20070807,33.5,33.9,33.4,0,1934
SJ1,20070806,33.9,33.9,33.5,0,1484
SJ1,20070803,33.6,33.6,33.6,0,1099
SJ1,20070802,33,33.5,33,0,3407
SJ1,20070801,32.5,34.8,31.7,0,2769
SJ1,20070731,33.5,33.5,33,0,1780
SJ1,20070730,33.5,33.9,33.5,0,1758
SJ1,20070727,33.5,34.4,33.5,0,1725
SJ1,20070726,33.3,33.5,33.3,0,2462
SJ1,20070725,35.3,35.3,35.1,0,2011
SJ1,20070724,35.9,35.9,35,0,6989
SJ1,20070723,35.9,35.9,35.9,0,19616
SJ1,20070720,35.9,35.9,35.5,0,12704
SJ1,20070719,34.2,35,34.2,0,3198
SJ1,20070718,33.3,34.2,33.3,0,7748
SJ1,20070717,33,33.1,33,0,330
SJ1,20070716,33.2,33.3,33.2,0,1110
SJ1,20070713,33.8,33.8,33.1,0,1879
SJ1,20070712,33.3,33.3,32.1,0,1440
SJ1,20070711,33.7,33.7,33.3,0,1648
SJ1,20070710,32.9,33.7,32.9,0,2572
SJ1,20070709,31.1,32.9,31.1,0,1176
SJ1,20070706,31.1,31.1,31.1,0,1681
SJ1,20070705,33.3,33.3,31.5,0,4725
SJ1,20070704,31.6,33.3,31.6,0,6396
SJ1,20070703,32.4,32.4,32.3,0,3857
SJ1,20070702,34.2,34.2,34,0,2857
SJ1,20070629,35.9,35.9,35.9,0,3769
SJ1,20070628,35.5,36.8,35.4,0,7396
SJ1,20070627,36.3,36.3,36,0,4846
SJ1,20070626,39.4,39.4,38.1,0,16045
SJ1,20070625,36.8,37.4,36.8,0,15264
SJ1,20070622,35.5,35.5,35.5,0,13165
SJ1,20070621,35,35,35,0,8583
SJ1,20070620,35,35,35,0,4011
SJ1,20070619,35,35,35,0,5572
SJ1,20070618,35.9,35.9,34.2,0,4945
SJ1,20070615,36.3,36.3,35.9,0,2747
SJ1,20070614,35.5,36.3,35.5,0,6099
SJ1,20070613,34.2,35,34.2,0,10594
SJ1,20070612,34.1,35.9,34.1,0,9858
SJ1,20070611,38.1,38.1,36.1,0,7220
SJ1,20070608,38.5,38.5,38.1,0,31880
SJ1,20070607,36.8,36.8,36.8,0,20254
SJ1,20070606,34.2,34.9,34.2,0,18572
SJ1,20070605,33,33.1,33,0,7121
SJ1,20070604,34.2,34.2,33,0,1297
SJ1,20070601,33,33.7,33,0,5649
SJ1,20070531,32.4,33,32.4,0,2033
SJ1,20070530,33.3,33.7,32.9,0,1868
SJ1,20070529,34.6,34.6,33.3,0,7473
SJ1,20070528,34.2,34.2,34.2,0,8374
SJ1,20070525,32.1,32.4,32.1,0,6198
SJ1,20070524,35.9,35.9,33.9,0,4517
SJ1,20070523,35.1,35.9,35.1,0,5945
SJ1,20070522,35.1,35.1,35.1,0,8363
SJ1,20070521,32.9,33.3,32.9,0,6802
SJ1,20070518,30.7,32,30.7,0,21177
SJ1,20070517,32,32,30.2,0,4407
SJ1,20070516,31.6,32,31.6,0,5165
SJ1,20070515,32.4,32.4,32,0,2890
SJ1,20070514,32.4,32.4,32.4,0,3627
SJ1,20070511,32.4,32.4,32.4,0,945
SJ1,20070510,31.6,32.4,31.6,0,10110
SJ1,20070509,32.4,32.4,31.6,0,10484
SJ1,20070508,33.3,33.3,32.4,0,13957
SJ1,20070507,32.4,32.4,32.4,0,6561
SJ1,20070504,33.3,33.3,33.3,0,2967
SJ1,20070503,32.4,32.4,32.4,0,4616
SJ1,20070502,31.6,32.4,31.6,0,3605
SJ1,20070425,31.6,33.3,31.6,0,4857
SJ1,20070424,33.3,33.3,29.8,0,7253
SJ1,20070423,31.5,31.6,31.5,0,1571
SJ1,20070420,34.8,34.8,33.3,0,6484
SJ1,20070419,34.8,34.8,34.8,0,12704
SJ1,20070418,30.2,33,29.8,0,6759
SJ1,20070417,31.6,31.6,31.3,0,2044
SJ1,20070416,33.3,33.3,33.1,0,5385
SJ1,20070413,35,35,34.8,0,6813
SJ1,20070412,37.6,37.6,36.8,0,3956
SJ1,20070411,38.1,38.1,37.7,0,1539
SJ1,20070410,37.6,38.1,37.6,0,5264
SJ1,20070409,37.6,37.6,37.3,0,6627
SJ1,20070406,39.4,39.4,39.4,0,1791
SJ1,20070405,40.2,41.1,40.2,0,8253
SJ1,20070404,36.8,39.4,36.8,0,1429
SJ1,20070403,40.7,40.7,38.5,0,9682
SJ1,20070402,40.7,40.7,39.4,0,10649
SJ1,20070330,40.7,40.7,40.7,0,10847
SJ1,20070329,37.6,38.7,37.6,0,3517
SJ1,20070328,36.8,36.8,36.8,0,3132
SJ1,20070327,38.8,38.8,38.8,0,2484
SJ1,20070326,41.1,41.1,41.1,0,17396
SJ1,20070323,43.7,43.7,43.3,0,7462
SJ1,20070322,48,48,45.4,0,3846
SJ1,20070321,48,48,48,0,4066
SJ1,20070320,48.5,48.5,48,0,11330
SJ1,20070319,46.3,46.3,46.3,0,9297
SJ1,20070316,44.1,44.1,44.1,0,44310
SJ1,20070315,46.7,46.7,46.3,0,1802
SJ1,20070314,54.1,54.1,48.9,0,15341
SJ1,20070313,48.9,51.5,48.9,0,15034
SJ1,20070312,48.9,48.9,48.9,0,23891
SJ1,20070309,46.3,46.7,46.3,0,42914
SJ1,20070308,44.6,46.7,44.6,0,29880
SJ1,20070308,44.6,46.7,44.6,0,29880
SJ1,20070307,45,45,44.6,0,25518
SJ1,20070306,44.6,44.6,42.8,0,27320
SJ1,20070305,41.1,42.4,41.1,0,19649
SJ1,20070302,40.2,40.2,40.2,0,16264
SJ1,20070301,38.9,38.9,38.8,0,5165
SJ1,20070228,42.8,42.8,41.1,0,14363
SJ1,20070227,42.8,42.8,42.8,0,30210
SJ1,20070226,38.9,42.8,38.9,0,8110
SJ1,20070215,39.4,40.7,39.4,0,3956
