<Ticker>,<DTYYYYMMDD>,<Open>,<High>,<Low>,<Close>,<Volume>
SJE,20100729,39.1,39.8,38,39.5,35300
SJE,20100728,39.4,39.4,38.5,38.9,29300
SJE,20100727,40.5,41,39.7,40.2,30800
SJE,20100726,41.7,41.7,40,40.3,19700
SJE,20100723,42.5,42.5,41.2,41.8,32400
SJE,20100722,42.5,42.5,41.2,41.5,40400
SJE,20100721,42.5,42.6,41.9,42.3,12800
SJE,20100720,42.5,42.7,42,42.3,54900
SJE,20100719,42.5,42.9,42.1,42.4,31000
SJE,20100716,42.5,42.8,42,42.5,29200
SJE,20100715,43.5,43.6,42,42.8,27600
SJE,20100714,44.5,45,43.1,44,74900
SJE,20100713,43,43.5,42.4,43.1,52500
SJE,20100712,42.6,42.6,42,42.4,24800
SJE,20100709,42.2,43,42.2,42.6,44800
SJE,20100708,43.5,43.5,40.9,42.5,36700
SJE,20100707,42,42.9,41.3,42.5,35000
SJE,20100706,42,42,41,41.3,14700
SJE,20100705,40.1,42.5,40.1,42.1,17500
SJE,20100702,41.8,42.8,41.7,42.5,33400
SJE,20100701,41.3,42.5,41.1,41.7,73200
SJE,20100630,42,42,41,41.3,30700
SJE,20100629,43.1,43.7,42.3,43,82700
SJE,20100628,43.4,43.4,42.1,43,39100
SJE,20100625,42,44,41.9,42.4,66400
SJE,20100624,45.4,45.4,43.8,44.6,81000
SJE,20100623,43,44.5,43,44.1,20300
SJE,20100622,45.7,45.7,43.7,44.1,65900
SJE,20100621,45.5,46.4,45.3,45.8,114700
SJE,20100618,44,45,43,44,128000
SJE,20100617,44.5,44.5,43.1,43.8,98100
SJE,20100616,45.5,45.5,44.2,45.1,67700
SJE,20100615,44,44.5,43.1,44,144900
SJE,20100614,43.7,44,42.7,43.4,191700
SJE,20100611,43,44.3,41.7,42.7,68500
SJE,20100610,41.2,42,40.5,41.5,14100
SJE,20100609,41.9,42,40.8,41.3,27600
SJE,20100608,39.5,42.5,39.5,41.5,31400
SJE,20100607,42.5,42.8,40.4,41.7,56000
SJE,20100604,44.2,44.4,42.3,43.4,91400
SJE,20100603,43.9,43.9,41.9,42.5,158400
SJE,20100602,40,42.5,40,41.2,158900
SJE,20100601,40.1,44,40,41.5,88300
SJE,20100531,42,44,41.7,42,74400
SJE,20100528,43.9,44.9,43.9,44.6,185000
SJE,20100527,41.9,42.6,41,42,151600
SJE,20100526,39.3,41.4,39.3,40.6,232600
SJE,20100525,38,39.1,38,38.7,35300
SJE,20100524,41,41.3,37.2,38.7,43400
SJE,20100521,38.6,38.6,38.6,38.6,86100
SJE,20100520,44,44,39.1,41.5,153400
SJE,20100519,44.7,44.7,41.7,42,75800
SJE,20100518,46,46.5,43,44.8,67000
SJE,20100517,48,48,44.6,44.8,172500
SJE,20100514,48,48.5,47.5,47.9,63400
SJE,20100513,50.5,52.5,46.1,47.6,65000
SJE,20100512,50,50,49.1,49.3,71700
SJE,20100511,56.8,57,51.4,52.7,65800
SJE,20100510,56,56,52.3,54.3,298000
SJE,20100507,55,55.4,51.8,53.8,374600
SJE,20100506,49.1,52.2,49.1,51.8,457200
SJE,20100505,50,50.6,48,48.8,132100
SJE,20100504,47.5,53.5,47.5,50.2,149200
SJE,20100429,50.1,52,50,51,265900
SJE,20100428,48.3,51,48.2,50.2,255100
SJE,20100427,48,48.5,47.1,47.9,90300
SJE,20100426,47.5,49,47.4,47.6,63800
SJE,20100422,54,54.4,48.3,50.9,257700
SJE,20100421,49,51.4,49,50.9,157300
SJE,20100420,46.6,49,46.6,48.1,123000
SJE,20100419,48.1,48.3,47.1,47.7,250500
SJE,20100416,49.6,49.7,47.1,48.1,278200
SJE,20100415,45,46.6,45,46.5,284500
SJE,20100414,42.5,44.5,42.5,43.6,72900
SJE,20100413,43.3,43.5,42.5,43,67000
SJE,20100412,44,44.5,42.8,43.3,74500
SJE,20100409,46.1,46.1,44,44.9,96800
SJE,20100408,44,46.5,44,46.1,222100
SJE,20100407,43,44,42.9,43.5,129300
SJE,20100406,42,43.5,42,42.8,117200
SJE,20100405,42,42,41.2,41.7,45000
SJE,20100402,41.5,42,40.9,41.2,40300
SJE,20100401,41,42,40.9,41.1,44100
SJE,20100331,41.2,42.5,41.2,41.8,19500
SJE,20100330,42.9,43.2,41.8,42.6,97500
SJE,20100329,41.5,43.2,41.5,42.4,94400
SJE,20100326,40.5,41.6,40,40.8,168500
SJE,20100325,40.8,40.8,40,40.4,75500
SJE,20100324,41.1,42.6,40,41.7,58700
SJE,20100323,42.5,43.1,41.6,42.5,39100
SJE,20100322,42.2,45,42,43,83700
SJE,20100319,43.2,43.2,42,42.3,40300
SJE,20100318,42,43.5,41,42.6,52900
SJE,20100317,42.5,43.5,41.5,42.3,70400
SJE,20100316,44.5,44.5,41.8,43.2,113500
SJE,20100315,44.3,46,44,44.7,127600
SJE,20100312,44.3,44.8,43.8,44.1,102600
SJE,20100311,44,44.6,43.5,44,47800
SJE,20100310,43.8,44.4,43.6,44,103400
SJE,20100309,43.8,44.5,43,43.8,102100
SJE,20100308,46.4,46.5,43,44.8,81100
SJE,20100305,42.6,44.7,42,43.8,52800
SJE,20100304,44.5,45.1,42.8,44.1,98600
SJE,20100303,41,43.8,40.5,42.2,118000
SJE,20100302,41,42,40,41,168600
SJE,20100301,38.7,40.6,38.7,39.3,62000
SJE,20100226,38,38.5,37.6,38,52600
SJE,20100225,35.8,38.3,35.8,37.6,71600
SJE,20100224,35.5,36.8,35.3,35.8,29300
SJE,20100223,36.8,37,36.6,36.7,13200
SJE,20100222,39,39,38.1,38.5,26600
SJE,20100212,37.7,38.6,37.7,38.1,24000
SJE,20100211,36.3,37.9,36.3,37.2,25400
SJE,20100210,38,38,36.3,36.8,30400
SJE,20100209,36.4,36.5,35.5,35.9,71800
SJE,20100208,38,38,36.5,37,10000
SJE,20100205,38,38.4,37,37.6,23100
SJE,20100204,37.5,38.7,37.5,38.2,31200
SJE,20100203,37.7,38,37,37.5,26200
SJE,20100202,37,38,37,37.7,18400
SJE,20100201,37.4,38.3,37.1,37.8,28300
SJE,20100129,37,38,37,37.4,27800
SJE,20100128,39,39,37,37.3,24900
SJE,20100127,41.9,42,38,39.6,46600
SJE,20100126,39.2,39.3,39.2,39.3,55900
SJE,20100125,36.4,37.5,36.1,36.8,55500
SJE,20100122,37,37.5,35,36.3,28900
SJE,20100121,38,38.5,36.2,37,84200
SJE,20100120,39.1,40,37.5,38.9,55800
SJE,20100119,38.5,40,38.5,39.1,47200
SJE,20100118,39,39,38.2,38.3,64800
SJE,20100115,44.5,44.5,39.9,41,40400
SJE,20100114,41.9,41.9,41.9,41.9,92400
SJE,20100113,40.2,42.4,37.4,39.2,141000
SJE,20100112,42.1,42.5,39.5,40.2,135300
SJE,20100111,43.8,43.9,41.3,42.4,92600
SJE,20100108,44.4,46.5,41.5,43.7,129600
SJE,20100107,44.5,46.1,44.1,44.6,117900
SJE,20100106,46,48.5,45.5,47.4,221600
SJE,20100105,49,49,46.5,48.5,192800
SJE,20100104,45.5,45.9,43,45.8,62400
SJE,20091231,42.9,43.1,41.5,42.9,147700
SJE,20091230,37.9,40.9,37.9,40.3,132500
SJE,20091229,39.1,40.5,37.5,38.3,126200
SJE,20091228,39.1,39.2,37,39,168600
SJE,20091225,35.5,36.9,34.5,36.7,41000
SJE,20091224,33,35.2,33,34.5,66900
SJE,20091223,30.6,33.7,30,32.9,110200
SJE,20091222,31.4,31.7,30.7,31.5,131800
SJE,20091221,29.5,29.7,29.5,29.7,23000
SJE,20091218,27.9,27.9,27,27.8,36600
SJE,20091217,28,28,25.6,26.1,69600
SJE,20091216,28.5,28.5,27.4,27.5,25200
SJE,20091215,30.5,31.3,28.6,29.4,49700
SJE,20091214,31,31,28.8,29.5,61800
SJE,20091211,31,31,28.8,29,32300
SJE,20091210,32.5,32.5,30.8,30.9,48700
SJE,20091209,33.3,33.3,33.1,33.1,61300
SJE,20091208,36.6,36.6,35,35.5,20700
SJE,20091207,36.6,37,36.4,36.6,21300
SJE,20091204,37,37,36,36.6,35600
SJE,20091203,36,38.2,35.8,36.3,65200
SJE,20091202,43.3,43.3,37.7,38.4,62100
SJE,20091201,40,40.8,39.5,40.5,104500
SJE,20091130,37.5,39.9,37,38.2,52500
SJE,20091127,36.5,40,36.5,37.7,116700
SJE,20091126,40,40,39.1,39.2,18000
SJE,20091125,44,44,41.7,42,48600
SJE,20091124,46,46,44,44.8,50400
SJE,20091123,49,49,45.9,46.4,92100
SJE,20091120,49.5,50,48.7,49.3,76200
SJE,20091119,49.2,50.5,49,49.6,84200
SJE,20091118,49,49.8,47.1,48.9,52500
SJE,20091117,50.1,50.1,49,49.6,52300
SJE,20091116,50.9,51,49,50,140600
SJE,20091113,46,50,46,49,71000
SJE,20091112,49.5,49.5,47.5,48.5,84800
SJE,20091111,47,49.3,45,47.3,67900
SJE,20091110,50,50.5,46.4,47.1,125100
SJE,20091109,51.4,51.4,49.2,49.8,35400
SJE,20091106,55,55.7,51,52.8,129600
SJE,20091105,52,53.2,50,52.1,148000
SJE,20091104,48,52.8,48,50.9,142900
SJE,20091103,50.7,52,48,49.6,173000
SJE,20091102,54,54,50.4,50.7,158900
SJE,20091030,54.1,54.1,53,54.1,181000
SJE,20091029,53,54,47.5,50.6,268300
SJE,20091028,49.8,51.3,48.1,50.8,90300
SJE,20091027,49,49,48,48,198700
SJE,20091026,52,54.5,51,51.6,170600
SJE,20091023,59,59,54.2,54.8,190000
SJE,20091022,60.1,60.1,57,58.2,128500
SJE,20091021,61,62,59,60.7,226500
SJE,20091020,62,62,59.7,61.1,188700
SJE,20091019,53.6,60.7,53.6,58.4,246500
SJE,20091016,61,61.4,57.2,57.6,184500
SJE,20091015,63,63.2,59.5,61.4,169600
SJE,20091014,57,61.9,54.1,59.3,362600
SJE,20091013,60.7,60.7,56.7,57.9,375000
SJE,20091012,56.9,56.9,56.1,56.9,212700
SJE,20091009,51,53.3,51,53.2,196600
SJE,20091008,50,51.4,48,49.9,262300
SJE,20091007,46,48.1,46,48.1,379400
SJE,20091006,46,46.3,44.5,45,203200
SJE,20091005,44.1,46.1,43,45,147600
SJE,20091002,44,45.3,43.9,44.1,270200
SJE,20091001,47.6,47.6,46,47.2,536200
SJE,20090930,44.5,44.5,44.5,44.5,167300
SJE,20090929,40,42.1,40,41.6,341600
SJE,20090928,38.9,40,38.8,39.4,197600
SJE,20090925,37.5,38.6,36.5,38,218000
SJE,20090924,38,38.2,37.4,37.5,223600
SJE,20090923,39.5,41.3,37,40.2,184300
SJE,20090922,38.9,39,37.5,38.6,188900
SJE,20090921,36.5,38,35.9,37.4,435300
SJE,20090918,35.1,36.1,34.5,35.6,135000
SJE,20090917,36.5,36.5,34.2,34.9,93500
SJE,20090916,36.1,37,34.9,36.5,114900
SJE,20090915,35.7,37,35,35.9,276900
SJE,20090914,35,36,34.6,35.1,201500
SJE,20090911,34.5,35,34.2,34.5,99600
SJE,20090910,33.9,34.4,33.5,34,176700
SJE,20090909,34.4,34.5,33,33.6,122200
SJE,20090908,33,33.4,32,33,157500
SJE,20090907,30.9,32.8,30.9,31.4,156900
SJE,20090904,33,35,32.6,33.2,174500
SJE,20090903,35.7,36,33.3,35,232000
SJE,20090901,37.1,37.1,35.1,35.7,208300
SJE,20090831,34,35.2,34,35.1,226200
SJE,20090828,32,33,31.9,32.9,329700
SJE,20090827,31,31.9,30,30.9,200000
SJE,20090826,30,31.4,30,30.7,135800
SJE,20090825,30.4,31,30,30.4,150100
SJE,20090824,30.5,32,30.5,31.4,152100
SJE,20090821,31.5,32.3,30.2,31.9,349500
SJE,20090820,30.7,30.7,29.1,30.2,359000
SJE,20090819,28,28.8,28,28.7,85500
SJE,20090818,26.2,27.8,26.2,27,127500
SJE,20090817,27.4,27.8,27.1,27.4,69400
SJE,20090814,27.6,27.8,27,27.3,179900
SJE,20090813,30,31,27.9,28.8,158100
SJE,20090812,30,30.2,28.3,30,324300
SJE,20090811,28,28.8,27,28.3,197200
SJE,20090810,26.5,27.2,25.7,27,264300
SJE,20090807,23.5,25.9,23.5,25.5,117500
SJE,20090806,23.1,25.9,23.1,25.2,110100
SJE,20090805,23.3,25,23.3,24.8,41000
SJE,20090804,25,25.5,24.5,25,65000
SJE,20090803,24.7,24.7,23.9,24.2,62600
SJE,20090731,24.7,24.7,23.6,24.2,77600
SJE,20090730,24,24,23,23.3,32900
SJE,20090729,23.5,25.1,23.3,24.3,60200
SJE,20090728,25.6,25.7,24.1,24.6,166900
SJE,20090727,24.1,24.1,24.1,24.1,98000
SJE,20090724,22,22.6,22,22.6,35900
SJE,20090723,20.2,21.6,20.2,21.2,21000
SJE,20090722,20.5,20.5,20.2,20.3,9400
SJE,20090721,19.5,20.5,19.5,20.1,10000
SJE,20090720,20.1,20.1,19.6,19.8,21800
SJE,20090717,21.4,21.4,20.8,21,17600
SJE,20090716,22,22.1,20.8,21.4,15700
SJE,20090715,21.6,21.6,20.5,20.7,3700
SJE,20090714,20.6,21,20,20.5,21400
SJE,20090713,21.5,21.5,20.2,20.5,16800
SJE,20090710,22,22,20.8,21.4,37600
SJE,20090709,21.4,22.5,21.4,21.9,36700
SJE,20090708,21.1,21.4,20.9,21.1,19200
SJE,20090707,21.5,21.5,20.9,21.1,5900
SJE,20090706,20.5,21.2,20.4,20.9,30100
SJE,20090703,20.5,20.5,19.5,19.9,20000
SJE,20090702,20.1,20.2,19,19.6,29700
SJE,20090701,20,20,19,19.1,70100
SJE,20090630,21.5,22.2,20,20.4,52800
SJE,20090629,21.5,21.5,21,21.3,30500
SJE,20090626,22,22,21,21.5,22000
SJE,20090625,23.4,23.6,21,21.8,61900
SJE,20090624,19.6,22.3,19.6,22.1,37300
SJE,20090623,20.8,22,20.8,20.9,135000
SJE,20090622,22.5,22.8,22.3,22.3,56400
SJE,20090619,26,26,23.2,23.9,42000
SJE,20090618,24.8,24.9,23.8,24.8,96900
SJE,20090617,22.5,24.8,22.5,23.3,104900
SJE,20090616,24,24,23.9,23.9,57300
SJE,20090615,26.1,26.6,25.4,25.6,98100
SJE,20090612,28,28,26.1,27.3,330900
SJE,20090611,25.7,27.2,25.7,26.2,516900
SJE,20090610,27.6,27.6,27.6,27.6,7600
SJE,20090609,29.7,31.7,28,29.6,176900
SJE,20090608,29.7,29.7,29.7,29.7,61100
SJE,20090605,26.4,27.8,26.3,27.8,539000
SJE,20090604,26.4,26.4,23.2,26,331500
SJE,20090603,25.5,25.5,24,24.7,54700
SJE,20090602,26.2,26.2,24.5,25.4,98400
SJE,20090601,24.5,24.5,24.3,24.5,144700
SJE,20090529,21.6,23.1,21.6,22.9,268300
SJE,20090528,21.4,21.8,21.4,21.6,210900
SJE,20090527,24.9,24.9,22.7,23,136600
SJE,20090526,27.1,27.1,23.6,24.4,222900
SJE,20090525,25.2,25.4,24.5,25.3,243800
SJE,20090522,23.7,23.7,22.9,23.7,628100
SJE,20090521,22.2,22.2,22.2,22.2,51900
SJE,20090520,19.9,21,19.7,20.8,179200
SJE,20090519,19.5,19.7,19.4,19.6,156400
SJE,20090518,18.4,18.8,18.1,18.4,72300
SJE,20090515,18.2,18.4,17.4,18.1,90500
SJE,20090514,17.2,17.8,16.9,17.2,44600
SJE,20090513,18,18.2,17.3,17.8,29600
SJE,20090512,16.9,18.4,16.9,17.7,87600
SJE,20090511,18.5,18.5,17.5,17.9,36400
SJE,20090508,18.1,19,17.9,18.2,31500
SJE,20090507,19.7,19.7,18,19.1,83800
SJE,20090506,18.8,19,18,18.4,67800
SJE,20090505,19.5,19.5,18.3,19.3,89300
SJE,20090504,18.1,18.2,18.1,18.2,8200
SJE,20090429,16.7,17.5,16.4,17,52200
SJE,20090428,16.6,17,16.4,16.7,29700
SJE,20090427,16.4,17.3,16.3,16.5,13200
SJE,20090424,17.4,17.4,16.5,16.7,40300
SJE,20090423,17.4,18.3,17.4,17.7,35800
SJE,20090422,16.8,19.2,16.7,18.1,127200
SJE,20090421,18,18,18,18,9500
SJE,20090420,19.3,19.3,19.3,19.3,1000
SJE,20090417,22.6,22.6,20.5,20.7,94900
SJE,20090416,22.2,22.2,21,22,165200
SJE,20090415,20.9,21.4,20.2,20.8,125300
SJE,20090414,20.7,20.8,18,20.5,180500
SJE,20090413,19.3,19.4,18.4,19.4,65800
SJE,20090410,18,18.1,17.9,18.1,51100
SJE,20090409,16.9,17.4,16.4,16.9,47000
SJE,20090408,16.9,18.3,16.7,17.2,58000
SJE,20090407,17,18.2,16.8,17.8,83500
SJE,20090403,16.4,17,16.4,17,139000
SJE,20090402,16.4,16.4,15.5,15.9,45500
SJE,20090401,15.4,15.6,15.3,15.5,28300
SJE,20090331,14.1,15.2,14.1,14.6,29500
SJE,20090330,15.6,15.6,14.9,15.1,6300
SJE,20090327,15.8,15.9,15.3,15.7,39700
SJE,20090326,15.8,15.9,15.4,15.8,21900
SJE,20090325,15.5,16.1,15.4,15.8,13600
SJE,20090324,15.5,15.7,15.5,15.6,32000
SJE,20090323,14.7,15.3,14.5,14.7,16400
SJE,20090320,16.1,16.1,15.3,15.5,54200
SJE,20090319,17.8,17.8,15.7,16.4,13400
SJE,20090318,16.7,16.7,16.5,16.7,41000
SJE,20090317,14.9,15.8,14.9,15.6,43000
SJE,20090316,14.9,14.9,14.1,14.8,6600
SJE,20090313,15,15.2,14.6,14.9,6700
SJE,20090312,14.4,15.1,14.4,14.8,5400
SJE,20090311,15.2,15.2,14.9,15.1,41400
SJE,20090310,14.1,14.4,13.9,14.2,12900
SJE,20090309,14.4,14.4,13.7,13.9,8200
SJE,20090306,13.4,14.1,13.4,13.9,3500
SJE,20090305,14,14.7,13.9,14.3,38300
SJE,20090304,14,14,13.3,13.8,25200
SJE,20090303,13.2,13.2,13,13.1,3000
SJE,20090302,13.4,13.4,13,13.3,10000
SJE,20090227,12.6,13.7,12.6,13.4,10400
SJE,20090226,12.9,13.8,12.8,13.3,23400
SJE,20090225,13.3,13.4,13.3,13.4,15800
SJE,20090224,12.7,12.9,12.4,12.5,13700
SJE,20090223,13.2,13.4,13,13.1,13800
SJE,20090220,14.1,14.1,13.4,13.9,28900
SJE,20090219,13.9,13.9,12.9,13.2,21000
SJE,20090218,13,13.4,13,13.3,46800
SJE,20090217,14.4,14.4,13.8,13.9,33500
SJE,20090216,15.1,15.1,14.7,14.8,11700
SJE,20090213,15.2,15.2,14.9,15.1,4400
SJE,20090212,15.2,15.3,15.1,15.2,8600
SJE,20090211,15.4,15.4,14.7,15.1,5100
SJE,20090210,15.6,15.7,15.5,15.6,2500
SJE,20090209,15.7,16.3,15.7,15.9,7000
SJE,20090206,15.1,16.1,14.8,15.5,10900
SJE,20090205,15.9,15.9,14.8,15.1,35800
SJE,20090204,16,16.4,15.9,15.9,11000
SJE,20090203,16.4,16.4,16,16.1,30700
SJE,20090202,17.3,17.4,17,17.2,6000
SJE,20090123,17.2,17.3,16.9,17.2,7500
SJE,20090122,17.2,17.3,16.9,17.1,1700
SJE,20090121,16.9,16.9,16.9,16.9,600
SJE,20090120,16.4,16.4,16.4,16.4,6300
SJE,20090119,16.8,16.8,16.7,16.8,9200
SJE,20090116,17.1,17.3,16.6,16.8,14500
SJE,20090115,16.7,16.9,16.5,16.7,16300
SJE,20090114,17.4,17.4,16.7,16.9,6800
SJE,20090113,17.2,17.2,16.6,16.8,10700
SJE,20090112,17.1,17.6,17,17.2,7900
SJE,20090109,17.2,17.9,17.2,17.6,17500
SJE,20090108,16.6,17.4,16.6,17.2,37200
SJE,20090107,17,17.3,17,17.2,67300
SJE,20090106,15.4,16.5,15.4,16.2,30000
SJE,20090105,15.4,15.5,15.2,15.4,7400
SJE,20090102,15.9,16,15.9,15.9,3300
SJE,20081231,16,16,15.7,15.9,6500
SJE,20081230,16,16.3,15.4,15.9,26300
SJE,20081229,15.8,15.9,15.8,15.8,7200
SJE,20081226,16.1,16.1,15.8,15.9,3000
SJE,20081225,16.3,16.4,16.1,16.2,6500
SJE,20081224,16.4,16.4,16.2,16.3,5200
SJE,20081223,16.4,16.4,15.6,16.2,17000
SJE,20081222,16.6,17.4,16.5,16.8,13000
SJE,20081219,16.4,16.4,16.3,16.4,7800
SJE,20081218,16.4,16.5,15.9,16.3,2800
SJE,20081217,15.6,16.9,15.4,16.2,16200
SJE,20081216,16.2,16.5,15.9,16.1,14300
SJE,20081215,17.1,17.1,16.4,17.1,42600
SJE,20081212,15.4,15.9,15.4,15.9,29900
SJE,20081211,14.6,14.9,14.4,14.8,7300
SJE,20081210,14.2,14.2,14.1,14.2,5900
SJE,20081209,14.7,14.9,14.6,14.8,12400
SJE,20081208,14.9,14.9,14.6,14.7,15000
SJE,20081205,16.3,16.3,15.5,15.8,7400
SJE,20081204,16.8,17,16.6,16.7,5300
SJE,20081203,16.4,16.5,16.4,16.5,12700
SJE,20081202,16.2,16.9,16.1,16.5,12900
SJE,20081201,17.7,17.7,16.4,17.4,9400
SJE,20081128,16.4,16.5,16.4,16.5,13400
SJE,20081127,15.9,15.9,15.3,15.4,27800
SJE,20081126,17,17,16.4,16.5,17900
SJE,20081125,18.1,18.1,17.4,17.7,23000
SJE,20081124,18.6,18.7,17.4,17.9,8600
SJE,20081124,18.6,18.7,17.4,17.9,8600
SJE,20081121,17.2,18.4,17,17.7,18400
SJE,20081120,18.9,18.9,18.4,18.4,33600
SJE,20081119,20.1,20.4,19.4,19.8,14900
SJE,20081118,19.4,19.9,19.2,19.6,13900
SJE,20081117,21.4,21.4,19.9,20.4,16300
SJE,20081114,20.5,20.6,20,20.5,51500
SJE,20081113,18.4,20,18.4,19.2,40400
SJE,20081112,18.6,20,18.5,18.9,79900
SJE,20081111,21.4,21.4,19.7,20,56500
SJE,20081110,21,21.9,20.5,21.2,44600
SJE,20081107,20.8,21.4,20.8,20.9,24400
SJE,20081106,21.4,23.3,20.4,22.4,169600
SJE,20081105,21.7,21.7,21.7,21.7,3700
SJE,20081104,19.3,20.8,19.3,20.2,27100
SJE,20081103,20.7,20.7,18.2,19.4,28500
SJE,20081031,18,19.3,18,19.3,32800
SJE,20081030,16.5,18.3,16.4,18,37600
SJE,20081029,17.1,17.1,16.4,17,55000
SJE,20081028,15.8,16.8,15.7,15.9,46100
SJE,20081027,17,17,16.9,16.9,10100
SJE,20081024,18.9,18.9,18.2,18.2,28900
SJE,20081023,20.4,20.4,19.6,19.6,32400
SJE,20081022,21.6,21.6,20.5,21.1,12100
SJE,20081021,22.1,22.1,21.1,21.7,65300
SJE,20081020,22.2,22.2,20,20.6,33500
SJE,20081017,20.4,21.6,20.4,20.7,29500
SJE,20081016,19.7,21.4,19.7,20.4,47700
SJE,20081015,21.7,21.7,19.9,21.3,81400
SJE,20081014,20.2,20.2,20.2,20.2,100
SJE,20081013,19.2,20.5,17.9,18.8,22500
SJE,20081010,19.2,19.5,19.2,19.2,43900
SJE,20081009,19.5,22.4,19.5,20.7,60700
SJE,20081008,21,21.2,21,21,84700
SJE,20081007,22.9,22.9,22.6,22.6,45100
SJE,20081006,26.2,26.4,24.2,24.4,76400
SJE,20081003,25.4,26.8,25.4,26.1,56200
SJE,20081002,24.4,25.8,24.4,25.7,68200
SJE,20081001,24.5,24.9,22.9,24.1,116400
SJE,20080930,24.5,24.5,24.5,24.5,1000
SJE,20080929,27.4,27.4,24.9,26.4,38700
SJE,20080926,26.5,26.5,24.9,26.4,103600
SJE,20080925,22.9,25.6,22.5,24.7,123500
SJE,20080924,22.9,24.4,22.6,23.9,102600
SJE,20080923,24.8,25.9,23,24.2,130700
SJE,20080922,24.8,24.8,24.8,24.8,200
SJE,20080919,20.2,23.3,20.2,23.1,49600
SJE,20080918,21.7,21.7,21.7,21.7,7500
SJE,20080917,23.4,23.5,23.4,23.4,134000
SJE,20080916,25.4,27.9,25.1,25.2,58800
SJE,20080915,25.9,29.7,25.9,27.1,185300
SJE,20080912,27.9,27.9,27.9,27.9,7200
SJE,20080911,30.4,31.3,30,30.1,16300
SJE,20080910,34.4,34.4,31.9,32.3,70800
SJE,20080909,34.5,36.4,32.2,34.4,94300
SJE,20080908,34.3,36.3,34.3,34.5,131000
SJE,20080905,38.4,38.6,33.4,36.9,307500
SJE,20080904,36.2,36.2,33.9,36,196800
SJE,20080903,33.8,33.8,33.8,33.8,13100
SJE,20080829,32.5,32.5,29.9,31.5,208100
SJE,20080828,31.7,31.7,27.9,30.3,424800
SJE,20080827,29.6,29.6,29.6,29.6,81600
SJE,20080826,27.6,27.6,27.6,27.6,700
SJE,20080825,25.7,25.7,25.7,25.7,7000
SJE,20080822,24,24,23.3,24,224200
SJE,20080821,21.4,23,20.2,22.4,136800
SJE,20080820,22.4,22.8,20.8,21.4,143100
SJE,20080819,23.4,23.6,20.5,22.4,169500
SJE,20080818,22,22.1,21,22,104100
SJE,20080815,20.6,20.6,20.6,20.6,10900
SJE,20080814,19.4,19.9,19.1,19.8,69000
SJE,20080813,19.6,19.6,18.2,19.1,67600
SJE,20080812,18.9,18.9,17.6,18.9,96200
SJE,20080811,17.9,18.2,17.9,18.2,40100
SJE,20080808,17.8,17.9,17.2,17.5,61400
SJE,20080807,17.6,18.2,16.8,17.8,89000
SJE,20080806,17,18.4,17,17.5,171600
SJE,20080805,17.7,17.7,17.7,17.7,5600
SJE,20080804,18.5,18.5,18.5,18.5,20300
SJE,20080801,19.4,19.4,19.3,19.3,59400
SJE,20080731,20.6,20.9,20,20.1,77900
SJE,20080730,21.1,21.1,19.6,20.9,139600
SJE,20080729,20.3,20.3,19.5,20.3,62400
SJE,20080728,18.5,20.1,18.5,19.5,88100
SJE,20080725,19.1,20.3,19,19.3,78200
SJE,20080724,18.9,20.5,18.9,19.8,290900
SJE,20080723,19.7,19.7,19.7,19.7,46400
SJE,20080722,20.5,20.5,20.5,20.5,100
SJE,20080721,22.7,22.7,20.9,21.4,69700
SJE,20080718,21.9,21.9,20.5,21.8,197900
SJE,20080717,21,21,21,21,1800
SJE,20080716,20.4,20.4,18.8,20.2,171600
SJE,20080715,19.6,19.6,19.6,19.6,800
SJE,20080714,18.8,18.8,18.8,18.8,1700
SJE,20080711,18.1,18.1,18.1,18.1,3300
SJE,20080710,17.4,17.4,17.4,17.4,7100
SJE,20080709,16.7,16.7,16.7,16.7,800
SJE,20080708,16.4,16.4,15.3,16,119600
SJE,20080707,16.1,16.1,14.9,15.8,228600
SJE,20080704,15.5,15.5,15.5,15.5,5500
SJE,20080703,14.9,14.9,14.9,14.9,3200
SJE,20080702,14.3,14.3,14.3,14.3,8900
SJE,20080701,13.7,13.7,13.7,13.7,2300
SJE,20080630,13.2,13.2,13.2,13.2,19400
SJE,20080627,12.9,12.9,12,12.7,80900
SJE,20080626,12.5,12.5,11.5,12.4,180200
SJE,20080625,12,12,12,12,9200
SJE,20080624,11.5,11.5,11.5,11.5,54300
SJE,20080623,11,11,10.9,11,25600
SJE,20080620,10.4,11.2,10.4,10.6,71300
SJE,20080619,10.8,10.8,10.8,10.8,13000
SJE,20080618,11.6,11.6,11,11.3,131500
SJE,20080617,11.3,11.3,11.3,11.3,1500
SJE,20080616,11,11,11,11,5700
SJE,20080613,10.7,10.7,10.7,10.7,13900
SJE,20080612,10.4,10.4,10.4,10.4,4200
SJE,20080611,10.1,10.1,10.1,10.1,4000
SJE,20080610,9.7,10,9.7,9.8,11600
SJE,20080609,9.4,9.9,9.4,9.7,31500
SJE,20080606,9.7,10,9.7,9.7,50600
SJE,20080605,10,10,10,10,6400
SJE,20080604,10.3,10.3,10.3,10.3,9900
SJE,20080603,10.6,10.7,10.6,10.6,8300
SJE,20080602,10.9,11.2,10.9,10.9,19500
SJE,20080530,11.7,11.7,11.1,11.2,46700
SJE,20080529,11.1,11.4,11.1,11.4,47600
SJE,20080528,11.1,11.4,11.1,11.1,86300
SJE,20080527,11.4,11.4,11.4,11.4,6400
SJE,20080526,11.8,11.8,11.8,11.8,4900
SJE,20080522,12.6,12.6,12.6,12.6,800
SJE,20080521,13,13,13,13,2000
SJE,20080520,13.4,13.5,13.4,13.4,17800
SJE,20080519,14,14.3,13.8,13.9,31700
SJE,20080516,14.2,15.1,14.2,14.3,89200
SJE,20080515,14.7,14.7,14.7,14.7,1200
SJE,20080514,15.2,15.2,15.2,15.2,100
SJE,20080513,15.7,15.7,15.7,15.7,1200
SJE,20080512,16.2,16.2,16.2,16.2,100
SJE,20080509,16.7,16.7,16.7,16.7,1600
SJE,20080508,17.3,17.3,17.3,17.3,3900
SJE,20080507,17.9,17.9,17.9,17.9,800
SJE,20080506,18.5,18.5,18.5,18.5,11200
SJE,20080505,19.2,19.2,19.1,19.1,10900
SJE,20080429,20.7,20.7,19.5,19.7,35000
SJE,20080428,19.7,20.7,19.7,20.1,48300
SJE,20080425,20.1,20.3,20.1,20.1,42100
SJE,20080424,20.7,21.4,20.7,20.8,49800
SJE,20080423,21.4,21.4,21.4,21.4,1700
SJE,20080422,22.1,22.1,22.1,22.1,2700
SJE,20080421,22.9,22.9,22.8,22.8,4800
SJE,20080418,25.1,25.1,23.5,23.6,43800
SJE,20080417,23.7,25.3,23.7,24.3,58800
SJE,20080416,24.5,24.5,24.5,24.5,5300
SJE,20080411,25.3,25.3,25.3,25.3,12200
SJE,20080410,26.1,26.1,26.1,26.1,1100
SJE,20080409,27.8,27.8,26.9,27,21600
SJE,20080408,28.7,28.7,26.9,27.8,138300
SJE,20080407,27.8,27.8,27.8,27.8,13200
SJE,20080404,26.9,26.9,26.9,26.9,200
SJE,20080403,26.4,26.4,26.4,26.4,200
SJE,20080402,25.9,25.9,25.9,25.9,200
SJE,20080401,25.4,25.4,25.4,25.4,700
SJE,20080331,24.9,24.9,24.9,24.9,15000
SJE,20080328,24.4,24.4,24.4,24.4,500
SJE,20080327,23.9,23.9,23.9,23.9,5900
SJE,20080326,20.2,25.3,20.2,23.4,59500
SJE,20080325,22.8,22.8,22.8,22.8,28300
SJE,20080324,28.8,28.8,25.5,25.6,45000
SJE,20080321,30.3,30.8,28.2,28.6,49800
SJE,20080320,31.8,32.8,30.4,31.6,32900
SJE,20080319,32.3,35.7,29.3,32.2,52300
SJE,20080318,32.4,33.5,32.3,32.3,86500
SJE,20080317,39.3,39.3,35.3,36.2,52800
SJE,20080314,41.8,41.8,37.3,39.4,35800
SJE,20080313,41.7,43.6,39.3,40.5,58800
SJE,20080312,37.6,41.7,36.8,39.9,80000
SJE,20080311,37.8,38.8,37.1,37.7,65900
SJE,20080310,42.8,42.8,38.3,41.5,142300
SJE,20080307,38.7,38.7,38.7,38.7,7700
SJE,20080306,34.9,35,33.8,34.9,4000
SJE,20080305,31.4,32.8,31.4,31.6,111500
SJE,20080304,35.8,35.8,35.1,35.2,16000
SJE,20080303,43.8,43.8,38.8,39.3,77300
SJE,20080229,44.3,44.8,42.3,43.4,48700
SJE,20080228,44.3,47.3,43.5,45,38300
SJE,20080227,45.7,48.8,42.8,45.7,76300
SJE,20080226,49.8,50.4,43.8,46.7,77400
SJE,20080225,47.3,49.1,47.3,48.9,45500
SJE,20080222,45.8,49.8,42.4,44.4,152700
SJE,20080221,48.9,48.9,47.1,47.4,38800
SJE,20080220,55.3,56.8,50.8,52.6,80500
SJE,20080219,56.8,57.7,53,55.8,54500
SJE,20080218,55.8,57.8,54.8,56.4,75800
SJE,20080215,61.3,61.3,59.3,59.9,27900
SJE,20080214,60.8,62.8,59.8,60.9,61700
SJE,20080213,63.8,63.8,60.3,60.7,43600
SJE,20080212,64.3,64.6,59.8,61.7,33600
SJE,20080201,66.8,68.8,65.3,66.5,109000
SJE,20080131,72.3,72.3,61.8,65.9,85000
SJE,20080130,62.3,67.3,61.3,66.9,149200
SJE,20080129,59.2,62.1,58.8,60.9,97100
SJE,20080128,59.8,60.5,58.3,59.2,36700
SJE,20080125,59.8,61.7,58.8,60.2,69200
SJE,20080124,59.4,63.3,58.3,60.7,78100
SJE,20080123,62.8,62.8,57.9,59.4,76400
SJE,20080122,62.8,62.8,59.9,61.1,81700
SJE,20080121,64.3,64.3,61.3,62.7,77400
SJE,20080118,62.3,66.8,59.8,64.3,113500
SJE,20080117,65.3,65.3,58.8,62.3,159000
SJE,20080116,56.8,59.2,56.8,59.1,71600
SJE,20080115,58.8,58.8,52.9,53.6,103200
SJE,20080114,63.8,63.8,58,59.1,102000
SJE,20080111,63.8,66.3,62.8,64.8,84700
SJE,20080110,63.1,65.8,60,62.2,78600
SJE,20080109,67.3,68.8,64.4,66.1,39300
SJE,20080108,62.8,71.8,62.8,68.3,79000
SJE,20080107,68.3,68.8,64.8,66.4,59400
SJE,20080104,70.3,70.3,69.3,69.9,49800
SJE,20080103,73.3,73.3,69.8,71.1,41500
SJE,20080102,74.8,74.8,72.3,73.3,23400
SJE,20071228,74.8,75.7,73.8,74.7,44100
SJE,20071227,76.8,76.8,74.9,75.3,25300
SJE,20071226,74.4,76.7,74.3,75.8,92400
SJE,20071225,74.9,75.2,73.8,74.5,29900
SJE,20071224,76.7,76.8,74.3,75.1,70900
SJE,20071221,73,77.3,72.9,73.8,62900
SJE,20071220,77,77,72.8,73.8,36200
SJE,20071219,72.8,78.8,72.8,77.5,152100
SJE,20071218,67.9,74.7,66.8,71.4,110100
SJE,20071217,74.3,74.3,69.9,71.1,62800
SJE,20071214,74.8,75.1,73.4,74.4,68600
SJE,20071213,76.8,79.7,74.3,75,66200
SJE,20071212,75.8,79.8,72.8,76.5,195200
SJE,20071211,76.8,78.3,74.8,75.8,100500
SJE,20071210,81.9,82.8,76.9,78.7,79100
SJE,20071207,80.4,82.7,79.3,81.2,194100
SJE,20071206,79.3,82,77.8,80,160500
SJE,20071205,82.7,83.8,74.8,78.9,251800
SJE,20071204,79.8,84.2,79.8,82.3,278900
SJE,20071203,71.8,78.7,71.8,76.3,211400
SJE,20071130,71.8,75,68.8,71.3,200700
SJE,20071129,66.7,73.3,65.8,68.7,365300
SJE,20071128,67.8,68.8,65.8,67.3,22600
SJE,20071127,66.8,69.6,66.3,68.2,30800
SJE,20071126,66.8,66.8,64.8,66.5,13000
SJE,20071123,68.8,68.8,65.8,66.7,7300
SJE,20071122,67.8,71.8,66.8,69.3,23000
SJE,20071121,68.8,69.8,67.8,68.8,19900
SJE,20071120,73.8,73.8,69.8,71.6,15000
SJE,20071119,70.8,74.3,70.8,72.8,16500
SJE,20071116,72.8,72.8,67.8,71,22400
SJE,20071115,80.3,80.8,68.8,73.5,21500
SJE,20071114,61.8,75.2,61.8,73.7,38800
SJE,20071113,70.8,70.8,67.9,68.1,29100
SJE,20071112,78.8,79.3,71.3,75.8,27200
SJE,20071109,79.9,84.8,77.8,79.5,37800
SJE,20071108,87.8,91.8,84.8,85.8,22400
SJE,20071107,85.7,92.8,85.7,90.9,33400
SJE,20071106,86.8,87,78.8,85.7,26000
SJE,20071105,94.8,96.8,84.8,87,37500
SJE,20071102,101.8,101.8,89.3,94,41100
SJE,20071101,86.8,95.1,86.8,94.1,43600
SJE,20071031,84.8,88.8,82.8,86.2,38500
SJE,20071030,88.8,96.7,86.8,89.4,49800
SJE,20071029,111.8,111.8,92.8,96,63800
SJE,20071026,110.2,110.3,89.7,102.8,88200
SJE,20071025,100,100,97.2,100,85000
SJE,20071024,84.8,93.2,82.8,90.7,109300
SJE,20071023,86.8,86.8,79.8,84.5,77400
SJE,20071022,81.8,82.9,79.3,81.8,108100
SJE,20071019,65.9,81.1,65.9,75.2,80300
SJE,20071018,74.8,74.8,73.4,73.5,39100
SJE,20071017,88.2,88.2,71.8,81.9,76600
SJE,20071016,79.9,79.9,79.9,79.9,34700
SJE,20071015,72.4,72.4,72.4,72.4,30700
SJE,20071012,63.4,66.8,61.8,65.6,70200
SJE,20071011,61.8,62.4,58.8,60.5,77500
SJE,20071010,54.8,59.8,53.8,56.5,51800
SJE,20071009,62.6,64.8,55.8,57.5,37600
SJE,20071008,62.6,62.6,60.8,62.3,107800
SJE,20071005,57,57,53.8,56.7,32500
SJE,20071004,50.3,54.5,49.8,51.6,65600
SJE,20071003,50.8,51.5,47.8,49.3,38800
SJE,20071002,48.8,48.9,44.3,46.7,72300
SJE,20071001,44.1,44.2,44.1,44.2,13000
SJE,20070928,37.3,40.8,37.3,39.9,27800
SJE,20070927,36.8,37.2,36.4,36.2,24600
SJE,20070926,34.8,36.8,34.8,36.2,52500
SJE,20070925,35.8,35.8,34.8,35.1,37100
SJE,20070924,33.7,35.8,33.5,34.8,26700
SJE,20070921,35.4,35.4,33.8,34.3,7100
SJE,20070920,36.8,36.8,34.8,35.6,10800
SJE,20070919,34.1,36.3,33.8,35.8,21900
SJE,20070918,32.7,36.2,32.7,34.1,30400
SJE,20070917,35.4,35.4,32.8,34.1,19300
SJE,20070914,36.8,36.8,33.8,35,11700
SJE,20070913,36.8,37.8,34.8,36.8,13900
SJE,20070912,38.2,38.2,35.8,37.3,26500
SJE,20070911,34,35,34,34.5,20700
SJE,20070910,30.3,32.1,30.3,31.6,6200
SJE,20070907,28.7,30,28.5,28.9,11900
SJE,20070906,27.8,28.4,27.8,28,3700
SJE,20070905,28.3,28.3,27.8,28,2400
SJE,20070904,27.6,28.8,27.6,27.9,1900
SJE,20070831,26.9,27.3,26.8,27,3700
SJE,20070830,29.3,29.3,25.9,26.7,2500
SJE,20070829,28.7,28.7,26.8,27.1,1200
SJE,20070828,28.8,28.8,27.3,27.6,600
SJE,20070827,30.8,30.8,29.8,30.1,1500
SJE,20070824,31.8,31.8,30,30.8,900
SJE,20070823,31.8,31.8,29.8,30.6,2200
SJE,20070822,33.2,33.2,30.8,31.8,1200
SJE,20070821,31.9,31.9,27.8,29.9,2200
SJE,20070820,30.4,31,29.6,30.2,2000
SJE,20070817,30.3,30.3,29.6,30,1900
SJE,20070816,30.6,30.8,30.6,30.7,2500
SJE,20070815,31.3,31.3,31.3,31.3,2400
SJE,20070814,32.4,32.4,31.8,32.2,1000
SJE,20070813,32.8,32.8,32.8,32.8,200
SJE,20070810,33.4,33.4,32.8,33.1,3600
SJE,20070809,33.3,33.7,33.3,33.6,4400
SJE,20070808,33.3,33.3,33,33.1,800
SJE,20070807,33.7,33.7,32.6,33,3300
SJE,20070803,33.7,33.8,33.6,33.7,2000
SJE,20070802,33.7,33.8,33.5,33.7,4400
SJE,20070801,33.2,33.8,33.2,33.4,6600
SJE,20070731,35.6,35.6,33,33.4,800
SJE,20070730,35.6,35.6,33.8,34.7,2100
SJE,20070727,23,23.1,21.5,33.7,13064
SJE,20070726,23.6,23.8,22,35.7,13686
SJE,20070725,22.6,24.6,22.6,36.6,9332
SJE,20070724,24.8,25.1,24.4,38.1,2799
SJE,20070723,25.4,25.6,25.2,39.4,11509
SJE,20070720,24.8,25.6,24.4,38.9,15242
SJE,20070719,24.4,24.6,24.4,37.7,4044
SJE,20070718,24.8,24.9,24.4,38,3888
SJE,20070717,24.1,25.2,24.1,38.2,3577
SJE,20070716,25.9,25.9,24.1,37.5,4199
SJE,20070712,25.4,25.4,24.9,39,4355
SJE,20070711,25.3,25.3,25.3,39.1,3422
SJE,20070710,25.1,25.2,25.1,39,5443
SJE,20070709,25.2,25.5,25.2,39.2,2177
SJE,20070706,26.4,27.4,24.8,40.7,3577
SJE,20070705,26.4,26.4,25.2,40.4,2488
SJE,20070704,24.8,26.4,24.8,40.3,7621
SJE,20070703,24.8,24.8,24.8,38.2,2333
SJE,20070702,26.4,26.4,26.1,41,2644
SJE,20070629,27.5,27.5,25.4,41.9,15242
SJE,20070628,25.6,25.6,25.1,41.5,1555
SJE,20070627,24.3,26.4,24.3,38.6,467
SJE,20070626,26.2,26.2,25.7,40.2,8865
SJE,20070625,26.4,26.7,26.4,41.5,2644
SJE,20070622,26.1,26.1,26.1,40.6,1866
SJE,20070621,26.4,26.4,26.4,41.1,778
SJE,20070620,26.7,26.7,26.4,41.4,6377
SJE,20070619,27,27,26.7,41.8,3577
SJE,20070618,27.7,27.7,27.2,43,19130
SJE,20070615,27.4,27.5,26.8,42.7,6066
SJE,20070614,27.5,27.6,27.4,43,13966
SJE,20070613,27.9,27.9,27.7,43.5,6532
SJE,20070612,27,28,27,43.5,6377
SJE,20070611,27.9,28,26.1,43.4,15708
SJE,20070608,28.3,28.3,27.4,43.5,12287
SJE,20070607,27.2,27.7,27.2,43.1,13686
SJE,20070606,26.4,27.7,26.4,41.7,10731
SJE,20070605,26.6,26.6,26.1,41.1,14464
SJE,20070604,28.4,28.4,26.7,42.6,14464
SJE,20070601,28,28,27.7,43.8,15397
SJE,20070531,27.7,28,27.5,43.6,11820
SJE,20070530,27.7,27.7,27.2,43,14153
SJE,20070529,29.3,29.3,28,44.9,11042
SJE,20070528,28.7,29.7,28,45.6,20685
SJE,20070525,25.4,29.7,25.2,43.1,18041
SJE,20070524,29.3,29.3,27.1,42.7,21307
SJE,20070523,29.8,29.8,28.7,46.9,34371
SJE,20070522,27.4,27.4,27.4,42.8,311
SJE,20070521,24.7,26.6,24.1,39,39504
SJE,20070518,24.8,24.8,24.4,37.7,8087
SJE,20070517,24.7,24.7,24.4,38,3888
SJE,20070516,25,25,24.4,38.1,2333
SJE,20070515,24.8,25.6,24.4,38.1,23485
SJE,20070514,24.4,24.9,24.4,38,6843
SJE,20070511,24.8,24.8,24.4,37.9,6843
SJE,20070510,24.4,24.8,24.4,38,2022
SJE,20070509,24.9,25.4,24.8,38.8,15242
SJE,20070508,24.3,24.4,23.8,37.4,12753
SJE,20070507,23.9,24.1,23.1,36.3,6843
SJE,20070504,23.5,23.6,23.5,36.2,1711
SJE,20070503,23.8,23.8,23.1,36.1,2488
SJE,20070502,22.8,23.9,22.8,36.5,1866
SJE,20070425,23.5,23.6,23.4,36.1,13531
SJE,20070424,23.5,23.8,23.1,35.8,19130
SJE,20070423,26.6,26.6,24.1,38,4821
SJE,20070420,26.8,26.8,26.1,41,4355
SJE,20070419,27.8,27.8,27,43.1,11976
SJE,20070418,23.5,27.9,23.5,39.7,5754
SJE,20070417,25.7,25.7,25.7,39.8,3888
SJE,20070416,29,29,27.4,44.1,4821
SJE,20070413,30.1,30.1,29.7,47.4,1244
SJE,20070412,31.6,32.3,31.3,50.4,5288
SJE,20070411,32.3,32.6,32.3,51.6,9176
SJE,20070410,32.7,32.8,32.7,52.2,4821
SJE,20070409,32.9,32.9,32.3,52.2,3266
SJE,20070406,33,33,32.6,52.4,13375
SJE,20070405,33.6,34.2,32.9,53.4,6843
SJE,20070404,32.9,34.6,32.9,55.2,5443
SJE,20070403,33.6,33.7,33.6,53.8,1244
SJE,20070402,35.9,37.8,35.9,59.4,1555
SJE,20070330,41.4,41.4,38,63.9,18197
SJE,20070329,38,38,37.2,61.4,24262
SJE,20070328,34.6,36.2,33.9,56,37171
SJE,20070327,37.8,38.8,35.7,60.1,11976
SJE,20070326,39.9,40.2,37.3,64.5,17575
SJE,20070323,39.5,40.5,38.9,64.3,25973
SJE,20070322,41.2,42.5,35.7,64.8,45414
SJE,20070321,40.6,40.6,37.6,64.1,12442
SJE,20070320,40.6,40.6,40.4,66.9,60811
SJE,20070319,37.2,37.2,37.2,61,8554
SJE,20070319,37.2,37.2,37.2,61,8554
SJE,20070316,34.2,34.2,34.2,55.5,5754
SJE,20070315,31.1,32.5,31.1,50.6,25506
SJE,20070314,34.2,34.2,34.2,55.5,15397
SJE,20070313,38.9,38.9,36.7,61.5,9021
SJE,20070312,46.1,46.1,38.4,66.5,20218
SJE,20070309,42.1,45.4,40.5,69.9,9798
SJE,20070308,42.3,42.3,39.9,68.7,34060
SJE,20070307,39.4,39.4,37.6,63.7,61900
SJE,20070306,35.7,36.7,35,59.1,23951
