<Ticker>,<DTYYYYMMDD>,<Open>,<High>,<Low>,<Close>,<Volume>
STP,20100729,44.6,45,44,44.2,122500
STP,20100728,46.6,46.6,43.9,44.6,129700
STP,20100727,47.3,47.6,45,46,77600
STP,20100726,47,47.1,46.5,46.8,32500
STP,20100723,47,48,46.7,47,177100
STP,20100722,47,47,46.6,46.8,62500
STP,20100721,49.3,49.3,47.1,47.5,86900
STP,20100720,49.1,49.4,47.7,48.1,134500
STP,20100719,50.2,50.2,48.6,49.1,236500
STP,20100716,49.5,51,48.6,50.3,135300
STP,20100715,50.7,50.7,49,49.4,140700
STP,20100714,51.4,52,49.6,50.7,84000
STP,20100713,51.1,52,49.8,50.9,80800
STP,20100712,50.9,50.9,49.4,50.4,217600
STP,20100709,45.6,48.7,45.3,47.6,247600
STP,20100708,47,48.2,44.8,45.6,77700
STP,20100707,46.5,46.5,44.6,45.6,71100
STP,20100706,47.9,47.9,45.6,46.4,77100
STP,20100705,48,48,46.7,47.3,48700
STP,20100702,47.5,47.6,47,47.4,87500
STP,20100701,48.5,50,46.5,47.4,228900
STP,20100630,46.4,48,46.4,46.8,182700
STP,20100629,51.4,51.5,49,49.8,67600
STP,20100628,49,51.7,48.1,49.8,136500
STP,20100625,51.8,52,49.3,50.1,177200
STP,20100624,52,54,52,52.6,75600
STP,20100623,50.9,53.4,50.8,52.2,174200
STP,20100622,56,56.7,52.1,54.4,251700
STP,20100621,56,57,55.1,55.9,143300
STP,20100618,54,56.2,54,55.7,168400
STP,20100617,58,58,54.9,55.9,187200
STP,20100616,56.7,56.7,54,56.5,498700
STP,20100615,51.9,53,51.9,53,129800
STP,20100614,50,50,49,49.6,167400
STP,20100611,52,52,49.2,50.3,180400
STP,20100610,49,51.3,49,50.8,86400
STP,20100609,50,51.1,50,51.1,312300
STP,20100608,45.1,50,45.1,47.8,316400
STP,20100607,48,51.2,47.6,48.4,384400
STP,20100604,51.4,51.4,49,51.1,416000
STP,20100603,48.1,48.1,47.9,48.1,558100
STP,20100602,44,45,44,45,135900
STP,20100601,39.7,42.4,39.7,42.1,229000
STP,20100531,39,39.9,37.5,39.7,479800
STP,20100528,37.4,37.4,37,37.3,156200
STP,20100527,33.8,35.7,33,35,160900
STP,20100526,32,34,32,33.4,101000
STP,20100525,31.7,32.2,31.3,31.8,182000
STP,20100524,30,33,30,31.7,73400
STP,20100521,34.4,34.4,32,32.1,221800
STP,20100520,34,36.4,33.6,34.4,102600
STP,20100519,38.7,38.7,36,36.1,226200
STP,20100518,36.3,39.9,36.3,38.7,174600
STP,20100517,38.7,39.3,36.3,37.3,256600
STP,20100514,36.7,37.6,36,36.9,141900
STP,20100513,35.7,37.7,35.7,36.3,117600
STP,20100512,37.3,37.8,35.3,35.7,156900
STP,20100511,37.7,39.3,37.1,37.8,171900
STP,20100510,39.8,39.8,36.7,37.3,193500
STP,20100507,39.3,40.7,38.3,38.7,276300
STP,20100506,42,42,40.5,41,178100
STP,20100505,40.7,42,39.3,40.5,268000
STP,20100504,39.3,40.7,39.1,39.7,154900
STP,20100429,40,40.5,38.8,39.7,139500
STP,20100428,39.3,40.1,39.3,39.7,170400
STP,20100427,40.3,41.5,39.1,40.2,157900
STP,20100426,40,40.1,38.2,39,135200
STP,20100422,43.3,44,39.3,40.7,204900
STP,20100421,42,43.7,40,42.1,358000
STP,20100420,40.6,42.3,40,41,203000
STP,20100419,42.6,42.6,39.8,40.4,437700
STP,20100416,43.3,43.7,41.4,42.6,281000
STP,20100415,40.3,41.4,40.3,41.4,226100
STP,20100414,38,40,37.9,38.9,364900
STP,20100413,38,39.2,35.5,37.9,171400
STP,20100412,38.8,39.2,37.6,37.8,254700
STP,20100409,40.7,41.8,38.7,40.3,380100
STP,20100408,39.2,39.2,38.7,39.2,723300
STP,20100407,36,37,34.8,36.8,143400
STP,20100406,33.3,35,33.3,34.7,540700
STP,20100405,32.8,33.3,32.5,32.9,156600
STP,20100402,32.7,33.3,31.7,32.3,81300
STP,20100401,32,32.7,30.7,31.7,57100
STP,20100331,32,32,30.1,31.1,98000
STP,20100330,32.7,32.7,31.4,32,50900
STP,20100329,31.5,33.1,31.5,32.9,206800
STP,20100326,32,32.1,30.4,31.1,147200
STP,20100325,34,34,31.3,31.7,131900
STP,20100324,33.9,34.1,32.3,33.5,116700
STP,20100323,34.9,34.9,32.7,33.9,106700
STP,20100322,32.8,34.9,32.6,34.6,442300
STP,20100319,33.9,33.9,32.3,32.8,113300
STP,20100318,33.1,33.3,31.5,32.8,141000
STP,20100317,32.9,33.7,31.3,32.3,147400
STP,20100316,34,35.3,32.3,33.3,246400
STP,20100315,34,34.8,33.3,34.5,399600
STP,20100312,32.5,33.3,31.8,32.7,248600
STP,20100311,32,33.3,31.8,32.3,102500
STP,20100310,32.2,33.4,32.2,32.9,82600
STP,20100309,31,33,30.7,32.1,413500
STP,20100308,32.3,32.3,30.7,31,173300
STP,20100305,30.3,31.3,29.7,30.8,185800
STP,20100304,31,31.9,29.5,30.7,102500
STP,20100303,30.7,31.3,29.7,30.5,91800
STP,20100302,29,29.9,29,29.8,346600
STP,20100301,27.3,28.9,27.1,28.1,113600
STP,20100226,26.7,27.2,26.7,27.1,10500
STP,20100225,27.1,27.5,26.6,27.1,14100
STP,20100224,26.5,26.7,25.9,26.4,38700
STP,20100223,26.7,26.7,26.3,26.5,15600
STP,20100222,28.7,28.7,27.1,27.5,34400
STP,20100212,26.8,27.1,26.8,27,15900
STP,20100211,26,26.6,25.9,26.3,33300
STP,20100210,26,26.3,25.7,25.9,25900
STP,20100209,26.4,26.4,25.1,25.5,92200
STP,20100208,26.5,26.5,26.3,26.4,24300
STP,20100205,26.7,27.9,26.7,27,72200
STP,20100204,27.3,28,27,27.7,70000
STP,20100203,26.5,27,26.5,26.7,22500
STP,20100202,27.3,27.3,25.9,26.5,44100
STP,20100201,27,27.3,26.3,26.6,39300
STP,20100129,26.7,26.9,25.5,26.3,59500
STP,20100128,28,28.1,26.4,26.9,33500
STP,20100127,29.6,29.6,26,28.2,84900
STP,20100126,27.7,27.8,27,27.8,46600
STP,20100125,25.7,26.7,25.7,26.1,43700
STP,20100122,24.7,26.7,24.5,25.3,87100
STP,20100121,28,28,26,26.1,110300
STP,20100120,28.7,29.3,26.7,27.8,78200
STP,20100119,28.7,29.1,27.1,28.4,46200
STP,20100118,29,29,28.1,28.3,75500
STP,20100115,32.3,32.3,29.3,30.1,94500
STP,20100114,30.7,30.8,30.5,30.8,239000
STP,20100113,28.3,31.3,28.1,28.9,182000
STP,20100112,30.7,31.3,29.2,30,132200
STP,20100111,32.7,32.7,30.7,31.2,114500
STP,20100108,29.1,31.3,29.1,30.9,330000
STP,20100107,30.3,30.7,29.1,29.5,293600
STP,20100106,31.3,32.7,30.3,31.1,311400
STP,20100105,32.7,32.7,30.7,32.4,255900
STP,20100104,30,30.7,30,30.7,60900
STP,20091231,28.7,28.9,28,28.9,132400
STP,20091230,25.5,27.7,25.5,27.1,275600
STP,20091229,26.1,26.1,25,26,351400
STP,20091228,24.6,24.6,24.6,24.6,109400
STP,20091225,23.1,23.1,23.1,23.1,11800
STP,20091224,21.1,22.2,20.7,21.8,179700
STP,20091223,20.1,21.7,20.1,20.9,84200
STP,20091222,21,21.9,20,20.8,81200
STP,20091221,20.3,20.7,20.3,20.7,40600
STP,20091218,18.9,19.5,18.9,19.5,118700
STP,20091217,18.7,19.7,18.3,18.4,108200
STP,20091216,19.7,19.7,19.5,19.5,15300
STP,20091215,20.3,21.3,20.1,20.7,31500
STP,20091214,19.2,21.7,19.2,21.1,72200
STP,20091211,20.5,20.7,20.5,20.5,31800
STP,20091210,22,23,21.3,21.8,73800
STP,20091209,23,23,22.7,22.7,66300
STP,20091208,25.5,25.6,24,24.2,76500
STP,20091207,25.8,25.8,25.3,25.6,79600
STP,20091204,26,26.5,25.3,25.7,45900
STP,20091203,25.3,26.9,25.2,25.5,73900
STP,20091202,28.7,28.7,26.5,26.9,73600
STP,20091201,27.3,28.3,26.7,28.3,175000
STP,20091130,26.7,27,26,26.7,115900
STP,20091127,26.1,29.3,26.1,26.6,206100
STP,20091126,27.9,28,27.9,27.9,109800
STP,20091125,30.9,30.9,29.7,29.9,82400
STP,20091124,32.7,33.3,31,31.7,46900
STP,20091123,32.8,33.9,32,32.7,180000
STP,20091120,33.8,34.8,33.5,34.1,141000
STP,20091119,34.7,34.7,33.5,33.8,144300
STP,20091118,33.2,35.2,32.3,33.5,130400
STP,20091117,36.4,36.7,33.7,34.3,160900
STP,20091116,34.9,35.1,34.7,35.1,210000
STP,20091113,31.4,33.4,30.9,33,247200
STP,20091112,31,31.6,30.3,31.4,134100
STP,20091111,29.3,30.7,28.7,29.7,118500
STP,20091110,31.4,31.4,29.4,29.5,150300
STP,20091109,31.3,31.9,31.3,31.4,29900
STP,20091106,34.7,34.7,32.1,33.4,131500
STP,20091105,32.6,33.5,31.5,32.8,238400
STP,20091104,30.7,33.3,30.4,31.5,211500
STP,20091103,34,34,32.1,32.5,56600
STP,20091102,36,36,34.3,34.3,144600
STP,20091030,36.7,36.7,36.6,36.7,395200
STP,20091029,36.3,37,32.6,34.5,342800
STP,20091028,32.3,36.9,32.3,34.9,596800
STP,20091027,34.6,34.6,34.6,34.6,6100
STP,20091026,37.1,37.3,37.1,37.1,123700
STP,20091023,41.7,42.3,39.2,39.7,154800
STP,20091022,44.7,45.3,40.4,42,310400
STP,20091021,43.7,43.7,41,43.3,687300
STP,20091020,41,41,41,41,53200
STP,20091019,38.5,38.5,38.5,38.5,54100
STP,20091016,38,38.9,34.1,36.1,490200
STP,20091015,36.6,36.6,36,36.5,318300
STP,20091014,34.5,34.5,32.4,34.3,287200
STP,20091013,32.3,32.3,32.3,32.3,434400
STP,20091012,30.3,30.3,30.3,30.3,68600
STP,20091009,28.5,28.5,28.5,28.5,28100
STP,20091008,26.7,27.4,25.9,26.7,287300
STP,20091007,24.8,25.9,24.8,25.7,351000
STP,20091006,24,24.8,23.7,24.3,70300
STP,20091005,23.7,24,22.9,23.3,165500
STP,20091002,22.9,23.3,22.8,22.9,172000
STP,20091001,25.2,25.2,23.6,24.4,149400
STP,20090930,25.3,25.7,24.7,25.1,150300
STP,20090929,26.3,26.5,24.7,25.9,183600
STP,20090928,25.1,25.1,24,24.9,188800
STP,20090925,22.3,24.2,22,23.6,322300
STP,20090924,23.4,23.4,22.3,22.7,118400
STP,20090923,23,24.2,22.1,23.8,450800
STP,20090922,23.3,23.3,22.3,22.7,211600
STP,20090921,23.5,23.5,22.5,23.2,191500
STP,20090918,21.6,23,21.5,22.4,140400
STP,20090917,22,22.4,21.4,21.7,106900
STP,20090916,24,24.5,22,22.5,178700
STP,20090915,23.5,23.5,22.7,23.3,440300
STP,20090914,20.9,22.2,20.9,22.1,288200
STP,20090911,20,21.3,20,20.9,282600
STP,20090910,19.7,20.1,18.8,20,64900
STP,20090909,20.8,20.8,19.8,20.1,81300
STP,20090908,19.7,20.2,19.7,20.1,123000
STP,20090907,19.6,19.6,18.7,19,76400
STP,20090904,19.7,19.9,18.7,19.5,101700
STP,20090903,20,20,19.5,19.8,70400
STP,20090901,21.1,21.1,20.3,20.6,147500
STP,20090831,20.5,21.5,20.3,21.1,239400
STP,20090828,20.5,20.7,20.2,20.3,114700
STP,20090827,20.3,20.8,19.4,20.2,106700
STP,20090826,18.7,19.9,18.7,19.7,212700
STP,20090825,19.1,19.3,18.5,18.7,178500
STP,20090824,21.6,21.6,19.1,19.8,260800
STP,20090821,20.3,20.3,20.3,20.3,99800
STP,20090820,19.1,19.1,19.1,19.1,16600
STP,20090819,18,18,18,18,48500
STP,20090818,16.3,17.2,16.3,16.9,111800
STP,20090817,16.3,16.5,15.9,16.2,54000
STP,20090814,16.7,16.7,15.9,16,35100
STP,20090813,18.3,18.3,16.4,16.8,40700
STP,20090812,17.7,17.9,17,17.5,91200
STP,20090811,16,17.1,16,16.8,75600
STP,20090810,16,16.3,15.8,16.1,48100
STP,20090807,15.9,15.9,15.3,15.7,29000
STP,20090806,16.2,16.5,15.8,15.9,30800
STP,20090805,15.5,16.3,15.4,15.8,43700
STP,20090804,15.4,15.6,15,15.4,47800
STP,20090803,15.2,15.4,15.2,15.3,27600
STP,20090731,15.3,15.7,14.9,15.2,48200
STP,20090730,15,15.3,14.7,14.9,24700
STP,20090729,14.7,15.3,14.7,15,29000
STP,20090728,16,16,15.1,15.3,33600
STP,20090727,16.4,16.4,15.7,16.1,95000
STP,20090724,15.5,15.5,15.5,15.5,11900
STP,20090723,13.4,14.9,13.4,14.6,38700
STP,20090722,14.8,14.8,13.9,14.1,8800
STP,20090721,14,14.4,14,14.1,19500
STP,20090720,13.7,14,13.7,13.8,9500
STP,20090717,14.7,14.7,14.3,14.5,13500
STP,20090716,14.5,14.7,14.2,14.5,29100
STP,20090715,14.3,14.8,14.3,14.5,17700
STP,20090714,14.3,14.6,14,14.1,26400
STP,20090713,15.5,15.5,14.3,14.5,23700
STP,20090710,15.4,15.4,14.5,15.1,39400
STP,20090709,15.3,15.9,15,15.4,21200
STP,20090708,14.6,15.6,14.6,15.3,14600
STP,20090707,15.9,16.1,14.3,15.4,43200
STP,20090706,15,15.3,15,15.2,18700
STP,20090703,13.9,14.7,13.7,14.4,40700
STP,20090702,13.7,14.3,13.7,13.9,48600
STP,20090701,13.9,14,13.9,13.9,57800
STP,20090630,15.7,15.8,14.7,14.8,84000
STP,20090629,16,16,15.2,15.7,35500
STP,20090626,16.1,16.1,15.3,15.7,58000
STP,20090625,17.3,17.3,15.6,15.8,81300
STP,20090624,15.1,17,15,16.7,70800
STP,20090623,16,16.1,16,16,60100
STP,20090622,18.1,18.1,17,17.1,62700
STP,20090619,19.5,19.5,17.7,18.1,79400
STP,20090618,19,19.5,18.5,18.9,121300
STP,20090617,17.3,19.5,17.2,18.5,134300
STP,20090616,19.3,19.6,18.2,18.3,82100
STP,20090615,20,20.7,18.3,19.4,222600
STP,20090612,18.7,19.5,18.7,19.5,406800
STP,20090611,17.7,18.8,17.3,18.3,148600
STP,20090610,19.3,19.3,18.3,18.4,36900
STP,20090609,20.1,20.1,18.9,19.6,210700
STP,20090608,18.9,18.9,18.9,18.9,69200
STP,20090605,17.7,17.7,17.7,17.7,73400
STP,20090604,15.9,16.9,15.9,16.7,204200
STP,20090603,16,16.2,15.4,15.9,61500
STP,20090602,16.1,16.1,15.3,15.9,150400
STP,20090601,14.8,15.5,14.8,15.2,56600
STP,20090529,14.4,15.1,14.1,14.6,117000
STP,20090528,15.3,15.3,14.9,15,77900
STP,20090527,17,17.3,15.7,15.9,164800
STP,20090526,18,18,16.1,16.8,108000
STP,20090525,17.1,17.1,16.7,17,105300
STP,20090522,16.2,16.2,15.3,16.1,340100
STP,20090521,15.3,15.3,14.8,15.3,92700
STP,20090520,14.2,14.9,13.4,14.5,141500
STP,20090519,14.5,14.6,14.1,14.2,100800
STP,20090518,14.5,14.5,13.8,13.9,27700
STP,20090515,13.3,13.9,13.3,13.8,86600
STP,20090514,13,13.3,12.9,13.1,50100
STP,20090513,13,13.4,13,13.3,91200
STP,20090512,12.9,13.5,12.9,13.3,63300
STP,20090511,14,14.1,13.3,13.5,73100
STP,20090508,14,14.2,13.8,14,40700
STP,20090507,14.3,14.9,14,14.3,102800
STP,20090506,15,15,13.9,14.1,61800
STP,20090505,15,15,14.1,14.9,167100
STP,20090504,13.9,14.1,13.9,14.1,23800
STP,20090429,13.2,13.3,12.8,13.2,93500
STP,20090428,13.5,13.5,12.5,12.9,89400
STP,20090427,13.3,14,13.2,13.5,158300
STP,20090424,12.7,13.5,12.3,13.3,150000
STP,20090423,12.5,12.9,12.1,12.7,80400
STP,20090422,11.4,12.1,11.4,12.1,83000
STP,20090421,11.3,11.7,11.3,11.4,120900
STP,20090420,12.1,12.1,12.1,12.1,13700
STP,20090417,14,14.4,12.5,13,130500
STP,20090416,14.5,14.5,13,13.5,80100
STP,20090415,14.7,14.7,13.7,13.9,125900
STP,20090414,14.8,14.8,13.7,14.7,117100
STP,20090413,13.9,13.9,13.9,13.9,8100
STP,20090410,13,13,12.9,13,110200
STP,20090409,12.3,12.9,12,12.2,61400
STP,20090408,12.5,13,11.9,12.3,77300
STP,20090407,12.7,12.9,11.7,12.7,122000
STP,20090403,12.1,12.1,12,12.1,109000
STP,20090402,11.5,11.5,11.2,11.4,59700
STP,20090401,11.3,11.3,11,11.2,33700
STP,20090331,10.9,11.3,10.7,10.8,38100
STP,20090330,10.7,10.8,10.5,10.5,15400
STP,20090327,10.9,11,10.6,10.8,28900
STP,20090326,10.7,10.9,10.5,10.7,23500
STP,20090325,10.3,10.9,10.3,10.7,23700
STP,20090324,10.8,10.9,10.7,10.8,27900
STP,20090323,10.8,10.8,10.1,10.2,22800
STP,20090320,11,11.3,10.7,10.8,42500
STP,20090319,11.7,11.9,10.9,11.5,54600
STP,20090318,11.5,11.6,11.5,11.5,81400
STP,20090317,10.9,10.9,10.6,10.9,69900
STP,20090316,9.7,10.4,9.7,10.3,56600
STP,20090313,10.1,10.1,9.6,9.7,15300
STP,20090312,9.7,9.8,9.4,9.6,20900
STP,20090311,9.8,10.1,9.6,9.9,29100
STP,20090310,9.3,9.6,9.3,9.5,23400
STP,20090309,9.5,9.5,9.2,9.3,6300
STP,20090306,9.3,9.3,9.2,9.3,22800
STP,20090305,9.5,9.5,9.3,9.3,7200
STP,20090304,9.3,9.3,9,9.3,27600
STP,20090303,9.5,9.5,9.2,9.3,2000
STP,20090302,9.4,9.6,9.4,9.5,19900
STP,20090227,9.6,9.6,9.2,9.5,8200
STP,20090226,9.6,9.7,9,9.6,19200
STP,20090225,9.5,9.8,9.3,9.5,21800
STP,20090224,9.6,9.6,9,9.3,21900
STP,20090223,9.3,9.3,9.1,9.2,13700
STP,20090220,9.5,9.7,9.3,9.6,16000
STP,20090219,9.7,9.7,9.3,9.5,28400
STP,20090218,9.3,9.7,9.3,9.5,24400
STP,20090217,10,10.2,9.5,9.7,17400
STP,20090216,10.4,10.4,9.7,10,15500
STP,20090213,10,10,9.9,9.9,5300
STP,20090212,10,10.3,9.8,10.1,14900
STP,20090211,10,10,9.7,9.9,6400
STP,20090210,10.7,10.7,9.9,10.4,6700
STP,20090209,10.3,10.6,10.1,10.3,27600
STP,20090206,10.3,10.3,9.3,10,34000
STP,20090205,10.3,10.3,9.6,9.7,19400
STP,20090204,10.3,10.5,10,10.3,9300
STP,20090203,10.6,10.6,10.2,10.3,28800
STP,20090202,11.3,11.3,10.5,10.9,23000
STP,20090123,10.5,10.6,10.3,10.5,7900
STP,20090122,10.3,10.7,10.3,10.6,14500
STP,20090121,10.6,10.6,10.3,10.4,13000
STP,20090120,10.9,11.1,10.5,10.8,17300
STP,20090119,11,11,10.7,10.9,19400
STP,20090116,11.3,11.6,10.7,11.1,26200
STP,20090115,11.2,11.3,11.1,11.2,9500
STP,20090114,11.7,11.8,11.2,11.5,20700
STP,20090113,11.3,11.3,11.1,11.2,6500
STP,20090112,11.6,11.7,11.3,11.5,14900
STP,20090109,11.1,11.5,11.1,11.3,4100
STP,20090108,11.7,11.7,11.2,11.3,23200
STP,20090107,11.7,11.9,11.5,11.7,23900
STP,20090106,11.2,11.6,11,11.3,15500
STP,20090105,10.9,10.9,10.9,10.9,7500
STP,20090102,10.9,11.2,10.8,11.1,2900
STP,20081231,11.5,11.5,11.1,11.2,7300
STP,20081230,11.2,11.3,11.2,11.3,7300
STP,20081229,11.3,11.3,10.9,11,7800
STP,20081226,11.3,11.3,11,11.1,9100
STP,20081225,11.3,11.4,11.2,11.3,7900
STP,20081224,11.2,11.5,11.2,11.4,4300
STP,20081223,11.2,11.4,11.2,11.3,24500
STP,20081222,12,12.5,11.7,12,20100
STP,20081219,11.6,11.9,11.6,11.7,25800
STP,20081218,11.3,11.7,11.3,11.6,6300
STP,20081217,11.3,11.7,11,11.4,28300
STP,20081216,12,12,11.2,11.3,21100
STP,20081215,12,12,11.7,12,49000
STP,20081212,10.9,11.3,10.9,11.3,29300
STP,20081211,10.5,10.9,10.1,10.5,19000
STP,20081210,10.5,10.5,10.1,10.2,35300
STP,20081209,11.1,11.1,10.3,10.9,31000
STP,20081208,11.9,11.9,10.7,11,29200
STP,20081205,11.7,11.7,11.5,11.5,21900
STP,20081204,12.6,12.6,11.9,12.3,21600
STP,20081203,12.6,12.9,11.9,12.1,15700
STP,20081202,12.2,12.5,11.7,12.1,16400
STP,20081201,12.7,12.7,11.7,12.2,28000
STP,20081128,11.9,11.9,11.9,11.9,10700
STP,20081127,11.4,11.5,11.1,11.1,27800
STP,20081126,12.3,12.3,11.6,11.8,26200
STP,20081125,12.3,12.4,12,12.1,22800
STP,20081124,12.3,12.8,11.8,12.1,29600
STP,20081124,12.3,12.8,11.8,12.1,29600
STP,20081121,11.7,12.7,11.7,12.1,33000
STP,20081120,12.7,12.7,12.6,12.6,67200
STP,20081119,13.7,14,13.3,13.5,21700
STP,20081118,13.7,13.8,13.3,13.7,20100
STP,20081117,14,14.3,13.7,13.9,24800
STP,20081114,14,14.3,14,14.2,52000
STP,20081113,12.7,13.7,12.5,13.3,52800
STP,20081112,13.1,13.7,13.1,13.3,41800
STP,20081111,14.5,14.5,13.9,14,27700
STP,20081110,15.4,15.4,14.3,14.9,58400
STP,20081107,14.3,15.1,14.3,14.4,79900
STP,20081106,14.7,15.8,14,15.3,199500
STP,20081105,14.8,14.8,14.8,14.8,2000
STP,20081104,14,14.1,13.3,13.9,26600
STP,20081103,13.7,13.9,12.3,13.3,55100
STP,20081031,11.7,13.1,11.5,13,97700
STP,20081030,11.7,12.6,11.3,12.3,64100
STP,20081029,11.8,11.8,11.3,11.8,80800
STP,20081028,11,11.7,10.9,11.1,74100
STP,20081027,12,12,11.7,11.7,20200
STP,20081024,13.3,13.8,12.2,12.6,45600
STP,20081023,13.1,13.3,13.1,13.1,38800
STP,20081022,14.5,14.5,13.7,14,25700
STP,20081021,14.7,14.8,14,14.5,65400
STP,20081020,14.7,14.7,13.6,13.9,37000
STP,20081017,14.7,15,14,14.5,27500
STP,20081016,14.1,15,14.1,14.3,54600
STP,20081015,15.3,15.3,14.2,15.1,118600
STP,20081014,14.3,14.3,14.3,14.3,1900
STP,20081013,13.4,14.3,12.5,13.5,49800
STP,20081010,13.4,13.4,13.4,13.4,6600
STP,20081009,13.9,15.5,13.9,14.4,93700
STP,20081008,14.9,15.1,14.9,14.9,91400
STP,20081007,15.9,15.9,15.9,15.9,16300
STP,20081006,19.5,19.5,16.9,17.1,25400
STP,20081003,19.7,19.7,17.3,18.2,31900
STP,20081002,17.6,18.8,17.6,18.5,75400
STP,20081001,16.7,19,16.7,17.6,58400
STP,20080930,17.9,17.9,17.9,17.9,1000
STP,20080929,19.5,20,18.7,19.2,52000
STP,20080926,20.7,20.7,18.7,19.7,89600
STP,20080925,17.5,20.1,17.5,19.3,157200
STP,20080924,18.5,20.3,18.5,18.8,130200
STP,20080923,20.3,20.6,19.6,19.8,136900
STP,20080922,21.1,21.1,21.1,21.1,15500
STP,20080919,18.4,21.1,18.4,19.7,353300
STP,20080918,19.7,19.7,19.7,19.7,600
STP,20080917,21.2,21.2,21.2,21.2,4300
STP,20080916,22.7,22.7,22.7,22.7,10500
STP,20080915,24.3,26.1,24.3,24.4,191500
STP,20080912,26.1,26.1,26.1,26.1,5800
STP,20080911,28,28,28,28,9200
STP,20080910,30,31.2,28.9,30.1,21400
STP,20080909,30.5,31.9,29.3,31.1,110100
STP,20080908,31,31,27,29.8,626600
STP,20080905,29,29,29,29,66300
STP,20080904,27.1,27.1,27.1,27.1,38200
STP,20080903,25.4,25.4,25.4,25.4,30300
STP,20080829,23.8,23.8,23.8,23.8,49000
STP,20080828,22.3,22.3,22.3,22.3,188000
STP,20080827,20.9,20.9,20.9,20.9,8400
STP,20080826,19.5,19.5,19.5,19.5,700
STP,20080825,18.3,18.3,18.3,18.3,1000
STP,20080822,17.1,17.1,17.1,17.1,100
STP,20080821,16.1,16.1,16.1,16.1,7000
STP,20080820,15.1,15.1,15.1,15.1,21700
STP,20080819,14.1,14.1,14.1,14.1,55800
STP,20080818,13.3,13.3,13.3,13.3,23200
STP,20080815,12.4,12.4,12.4,12.4,7800
STP,20080814,11.9,11.9,11.9,11.9,33600
STP,20080813,11.6,11.6,11.1,11.5,71100
STP,20080812,11.3,11.3,10.7,11.3,131600
STP,20080811,10.9,10.9,10.9,10.9,1900
STP,20080808,10.5,10.6,9.9,10.5,33800
STP,20080807,10.2,10.2,9.9,10.2,84400
STP,20080806,9.7,10.5,9.7,9.9,126200
STP,20080805,10.1,10.1,10.1,10.1,200
STP,20080804,10.5,10.5,10.5,10.5,6200
STP,20080801,10.9,10.9,10.9,10.9,7500
STP,20080731,11.3,11.4,11.2,11.3,41200
STP,20080730,12.3,12.4,11.5,11.7,77300
STP,20080729,12,12,11.2,11.9,80900
STP,20080728,11.5,12.1,11.5,11.6,96700
STP,20080725,11.9,11.9,11.9,11.9,2800
STP,20080724,12.3,13,12.3,12.4,118300
STP,20080723,12.8,12.8,12.8,12.8,1000
STP,20080722,13.3,13.3,13.3,13.3,1000
STP,20080721,13.8,13.8,13.8,13.8,6300
STP,20080718,14.5,14.5,13.4,14.3,168900
STP,20080717,13.9,13.9,13.9,13.9,5900
STP,20080716,13.7,13.7,12.7,13.4,171000
STP,20080715,13.2,13.2,13.2,13.2,6800
STP,20080714,12.7,12.7,12.7,12.7,20500
STP,20080711,12.3,12.3,12.3,12.3,11900
STP,20080710,11.8,11.8,11.8,11.8,15600
STP,20080709,11.4,11.4,11.3,11.4,16200
STP,20080708,10.8,11.5,10.8,11,106400
STP,20080707,11.5,11.5,10.7,11.2,110100
STP,20080704,11.1,11.1,11.1,11.1,15400
STP,20080703,10.7,10.7,10.7,10.7,28600
STP,20080702,10.4,10.4,10,10.3,106600
STP,20080701,9.9,10,9.9,10,12200
STP,20080630,9.5,9.8,9.3,9.7,67600
STP,20080627,9.6,9.7,9.3,9.5,43000
STP,20080626,9.8,9.8,9.1,9.6,71000
STP,20080625,9.5,9.5,9.3,9.5,49800
STP,20080624,9.3,9.3,8.7,9.2,53200
STP,20080623,8.7,9.4,8.7,9,86500
STP,20080620,9.1,9.1,9.1,9.1,7600
STP,20080619,9.4,9.4,9.4,9.4,5200
STP,20080618,9.9,9.9,9.3,9.7,56600
STP,20080617,9.6,9.6,9.6,9.6,7600
STP,20080616,9.3,9.3,9.3,9.3,800
STP,20080613,9.1,9.1,9.1,9.1,1400
STP,20080612,8.9,8.9,8.7,8.9,50200
STP,20080611,8.5,8.9,8.5,8.7,106900
STP,20080610,8.7,8.7,8.7,8.7,11000
STP,20080609,8.9,8.9,8.9,8.9,3000
STP,20080606,9.1,9.1,9.1,9.1,500
STP,20080605,9.4,9.4,9.4,9.4,200
STP,20080604,9.7,9.7,9.7,9.7,100
STP,20080603,9.9,9.9,9.9,9.9,600
STP,20080602,10.2,10.2,10.2,10.2,600
STP,20080530,10.5,10.5,10.5,10.5,1600
STP,20080529,10.7,10.7,10.7,10.7,4100
STP,20080528,11,11,11,11,100
STP,20080527,11.3,11.3,11.3,11.3,700
STP,20080526,11.7,11.7,11.7,11.7,2500
STP,20080521,12.3,12.3,12.3,12.3,300
STP,20080520,12.7,12.7,12.7,12.7,100
STP,20080519,13,13,13,13,100
STP,20080516,13.4,13.4,13.4,13.4,8700
STP,20080515,13.8,13.8,13.8,13.8,200
STP,20080514,14.2,14.2,14.2,14.2,100
STP,20080513,14.6,14.6,14.6,14.6,100
STP,20080512,15,15,15,15,400
STP,20080509,15.4,15.4,15.4,15.4,200
STP,20080508,15.9,15.9,15.9,15.9,100
STP,20080507,16.3,16.3,16.3,16.3,500
STP,20080506,16.8,16.8,16.8,16.8,300
STP,20080505,17.3,17.3,17.3,17.3,4100
STP,20080429,18.4,18.6,17.6,17.8,13900
STP,20080428,17.5,18.4,17.5,18.1,23700
STP,20080425,18.2,18.3,18,18.1,48200
STP,20080424,18.5,19.3,18.5,18.5,77100
STP,20080423,19,19,19,19,900
STP,20080422,19.5,19.5,19.5,19.5,5600
STP,20080421,20.3,20.3,20.1,20.1,16300
STP,20080418,21.7,21.7,20.5,20.7,56200
STP,20080417,20.5,21.7,20.5,21.1,104000
STP,20080416,20.5,21.7,20.5,21.1,16200
STP,20080411,21.1,21.7,21.1,21.1,45100
STP,20080410,21.7,21.7,21.7,21.7,300
STP,20080409,23.3,23.5,22.2,22.4,35100
STP,20080408,23.4,23.4,22.1,22.9,187500
STP,20080407,22.7,22.7,22.7,22.7,6200
STP,20080404,22.1,22.1,22.1,22.1,2100
STP,20080403,21.7,21.7,21.7,21.7,300
STP,20080402,21.3,21.3,21.3,21.3,800
STP,20080401,20.9,20.9,20.9,20.9,700
STP,20080331,20.5,20.5,20.5,20.5,2100
STP,20080328,20.1,20.1,20.1,20.1,500
STP,20080327,19.8,19.8,19.8,19.8,300
STP,20080326,17,20.3,16.8,19.5,128600
STP,20080325,18.7,18.7,18.5,18.5,79900
STP,20080324,22.5,22.5,20.3,20.5,63600
STP,20080321,24,24,22,22.5,72700
STP,20080320,25.3,25.3,23.3,24.4,80400
STP,20080319,24.7,26.7,22.7,24.8,82200
STP,20080318,24.3,24.7,24.2,24.3,125700
STP,20080317,28.7,28.7,26.6,26.9,98700
STP,20080314,30,30,28.7,29.5,71600
STP,20080313,32.3,32.5,29.3,30.3,50800
STP,20080312,28,31,27.3,29.6,100800
STP,20080311,30,30,27.9,28.2,106900
STP,20080310,31.7,31.7,28.7,31,193300
STP,20080307,28.8,28.8,28.8,28.8,10400
STP,20080306,26.2,26.2,25.9,26.2,19400
STP,20080305,24.7,25.7,23.7,23.9,125100
STP,20080304,26.7,26.7,26.3,26.3,26600
STP,20080303,32.3,33,28.6,29.1,87200
STP,20080229,32.7,33.3,30.7,31.7,63500
STP,20080228,33.3,34.7,32.3,33.3,55300
STP,20080227,34,36.5,32.3,34,91400
STP,20080226,35.2,40,33.3,35.2,83100
STP,20080225,34.3,37.1,33.8,36.9,73000
STP,20080222,33.7,40,32.8,33.8,142400
STP,20080221,38.3,38.3,36.3,36.4,37700
STP,20080220,43.3,44,39.1,40.3,69000
STP,20080219,43.3,46.7,40,43.4,54600
STP,20080218,45.3,45.3,42.6,43.7,91000
STP,20080215,48,48.1,46.7,47.3,55300
STP,20080214,48,50.7,48,49.1,75000
STP,20080213,50,50,48,48.8,70700
STP,20080212,53.3,53.3,49.5,50.6,24800
STP,20080201,48.7,54,48,52.9,75000
STP,20080131,53.7,54,48.6,51.9,86500
STP,20080130,50.7,55.1,48.5,54,179200
STP,20080129,46.7,51.7,46.3,50.1,54200
STP,20080128,49.3,49.3,45.3,47.1,39600
STP,20080125,49,52.3,48.9,50,69200
STP,20080124,52.7,56,50.7,53.6,44100
STP,20080123,56,56.4,50.1,52.7,46200
STP,20080122,54.7,57.3,53.3,55.5,33400
STP,20080121,62.7,63.2,56.1,57.5,34400
STP,20080118,56.1,60,54,57.9,59900
STP,20080117,56.4,56.6,51.7,55.1,87500
STP,20080116,50,51.6,50,51.5,20400
STP,20080115,48.7,48.7,46.8,46.9,32700
STP,20080114,56,56,51.6,51.9,29900
STP,20080111,56.7,58.6,55.7,57.3,26700
STP,20080110,56.7,58,54,55.3,55300
STP,20080109,61.7,61.7,57.7,59.3,17700
STP,20080108,57.3,62.7,56.7,61.2,36500
STP,20080107,62.7,62.7,57.3,59,10600
STP,20080104,62.7,63.7,62.7,62.9,7500
STP,20080103,64.7,64.7,63.3,63.8,23900
STP,20080102,66.7,67.5,64.3,66,20500
STP,20071228,67.3,67.3,65.5,66,23000
STP,20071227,66.7,66.7,65.5,66.1,20500
STP,20071226,67,68,66.3,67.1,41800
STP,20071225,66.7,66.7,65.8,66.4,32900
STP,20071224,66.7,68.7,65.7,66.8,43400
STP,20071221,65.4,68,65.3,64.9,50600
STP,20071220,66.7,67.4,63.3,64.9,48700
STP,20071219,64,67.7,64,67.4,76200
STP,20071218,60,64,56.7,61.5,49700
STP,20071217,65.3,65.3,59.4,61.6,31300
STP,20071214,66,66.8,63.3,64.7,70900
STP,20071213,69.3,70,65.4,66.9,65800
STP,20071212,68.3,71.7,66.7,68.7,96000
STP,20071211,71.3,71.7,66.7,68.3,72500
STP,20071210,68,72.5,68,69.8,104400
STP,20071207,64.7,68,64,65.9,79800
STP,20071206,63.3,65.9,63.3,64.4,57100
STP,20071205,67,67,60.5,62.9,73100
STP,20071204,63,66.7,63,65.7,106700
STP,20071203,60,62.2,59.3,61.5,97600
STP,20071130,56.6,57.3,56,56.6,52200
STP,20071129,54.7,57.3,53.7,55.5,61600
STP,20071128,54.3,54.3,52.3,53.1,21800
STP,20071127,52.7,54.7,52,53.1,28800
STP,20071126,52,52,50.8,51.5,23500
STP,20071123,51.7,52,49.7,50.4,22800
STP,20071122,47.7,52.5,47.7,51,48100
STP,20071121,50,50.7,47.3,49.9,28100
STP,20071120,49.9,51.3,49.9,50.3,23900
STP,20071119,48.7,52,48.7,49.9,17000
STP,20071116,48.7,48.7,46,47.6,36700
STP,20071115,56,56,48.7,50.8,11800
STP,20071114,46.7,53.9,46.7,53.4,82000
STP,20071113,50,50,48.7,49.1,16100
STP,20071112,55.3,55.3,52.7,54.1,38100
STP,20071109,57.9,57.9,54,55,35500
STP,20071108,59.1,60,58,58.6,39800
STP,20071107,58.2,61.3,56.3,59.1,64500
STP,20071106,53.9,58,53.3,56.1,51100
STP,20071105,60,60,55.5,56.7,50000
STP,20071102,65.3,65.3,58.7,61.6,41200
STP,20071101,57.3,64.3,55.4,62.3,148400
STP,20071031,59.3,60.7,57.6,58.5,52000
STP,20071030,68.6,68.6,60.7,64,62400
STP,20071029,63.2,63.3,57.3,62.4,173500
STP,20071026,58.2,58.2,48.3,57.5,298100
STP,20071025,52.9,52.9,52.9,52.9,14100
STP,20071024,48.1,48.1,48.1,48.1,26600
STP,20071023,43.8,43.8,43.8,43.8,41000
STP,20071022,39.9,39.9,39.9,39.9,53300
STP,20071019,34,37.3,33.3,36.3,63800
STP,20071018,36.6,36.6,33,33.9,129600
STP,20071017,37.5,37.5,32.4,36.6,158100
STP,20071016,34.1,34.1,34.1,34.1,41000
STP,20071015,30,32.1,29.3,31.1,65200
STP,20071012,29.3,29.7,28.7,29.2,65200
STP,20071011,28.7,29.3,28.7,28.9,61200
STP,20071010,28.9,29.3,28,28.7,44800
STP,20071009,29.3,29.3,28.4,28.7,20200
STP,20071008,28,29.5,28,28.9,54200
STP,20071005,28.7,29,27.5,28.1,81900
STP,20071004,30,30,28.3,29.5,100800
STP,20071003,29.9,29.9,28.5,29.1,64200
STP,20071002,29.3,29.3,26.3,28.6,98400
STP,20071001,26.7,26.8,25.3,26.7,62900
STP,20070928,24,25.9,23.3,24.4,94600
STP,20070927,26.3,26.3,22.8,23.9,42900
STP,20070926,23.9,23.9,23.9,23.9,53300
STP,20070925,21.8,21.8,21.8,21.8,25700
STP,20070924,14.7,15.1,14.1,19.8,130509
STP,20070921,15.1,15.1,14.6,19.8,73851
STP,20070920,15.6,15.9,14.9,20.4,61143
STP,20070919,15.8,15.8,14.8,20.9,123483
STP,20070918,14.6,14.8,14.5,18.4,256384
STP,20070917,13.8,14.1,13.7,18.4,135293
STP,20070914,13.9,14,13.6,18,39317
STP,20070913,14.7,14.8,13.8,18.8,59798
STP,20070912,13.9,13.9,13.7,18.4,110925
STP,20070911,13.1,13.3,13.1,17.2,33337
STP,20070910,12.7,13.1,12.7,16.9,31095
STP,20070907,12.8,12.8,12.6,16.5,13305
STP,20070906,12.6,12.8,12.5,16.4,3588
STP,20070905,12.9,12.9,12.7,16.7,1644
STP,20070904,12.8,13,12.7,16.7,6578
STP,20070831,12.9,13.3,12.9,17.3,2691
STP,20070830,12.8,13,12.7,16.9,5830
STP,20070829,12.8,12.8,12.6,16.5,1196
STP,20070828,12.6,12.6,12.5,16.3,5083
STP,20070827,12.5,12.5,12.3,16.1,3588
STP,20070824,12.6,12.6,12.6,16.3,3139
STP,20070823,12.6,12.6,12.5,16.3,2691
STP,20070822,12.8,12.8,12.7,16.5,2541
STP,20070821,12.8,12.8,12.7,16.7,2691
STP,20070820,12.8,12.8,12.7,16.7,4335
STP,20070817,12.8,12.8,12.7,16.6,448
STP,20070816,12.6,12.7,12.6,16.4,11362
STP,20070815,13,13,12.7,16.7,1345
STP,20070814,13,13,13,16.9,1644
STP,20070813,13,13,12.9,16.9,10016
STP,20070810,13.1,13.1,12.9,17.1,4036
STP,20070809,12.8,13.3,12.7,16.9,747
STP,20070808,12.8,12.8,12.8,16.7,5083
STP,20070807,13.3,13.3,13.2,17.4,2541
STP,20070806,13.3,13.3,13.2,17.3,897
STP,20070803,13.2,13.3,13.2,17.4,897
STP,20070802,13.3,13.3,13.3,17.3,299
STP,20070801,13.3,13.5,13.3,17.5,10016
STP,20070731,13.3,13.5,13.3,17.5,2093
STP,20070730,13.3,13.5,13.3,17.6,3438
STP,20070727,13.3,13.3,13.3,17.5,7774
STP,20070726,13.5,13.5,13.5,17.7,1345
STP,20070725,13.6,13.6,13.5,17.8,14501
STP,20070724,13.7,13.7,13.6,18,4485
STP,20070723,13.9,13.9,13.6,18,5083
STP,20070720,13.6,13.7,13.6,17.9,9269
STP,20070719,13.6,13.6,13.5,17.7,33636
STP,20070718,13.5,13.6,13.5,17.8,5232
STP,20070717,13.5,13.6,13.5,17.8,1794
STP,20070716,13.5,13.6,13.5,17.7,1196
STP,20070713,13.6,13.6,13.5,17.7,3737
STP,20070712,13.7,13.7,13.5,17.9,2242
STP,20070711,13.5,13.6,13.5,17.7,1345
STP,20070710,13.8,13.8,13.7,18.1,3588
STP,20070709,13.3,13.3,13.1,17.2,1196
STP,20070706,13,13.3,13,17.1,2691
STP,20070705,13.3,13.3,12.8,16.9,15697
STP,20070704,13,13.3,13,17.2,19135
STP,20070703,12.7,12.7,12.6,16.4,8970
STP,20070702,13.5,13.5,13,17.3,5980
STP,20070629,13.7,13.7,13.5,17.9,1943
STP,20070628,13.7,13.7,13.6,18,13754
STP,20070627,13.6,13.6,13.6,17.9,2990
STP,20070626,13.5,13.9,13.5,17.9,5531
STP,20070625,13.7,13.7,13.4,17.9,6428
STP,20070622,13.9,13.9,13.8,18.3,11362
STP,20070621,14.1,14.1,13.9,18.6,8970
STP,20070620,14.1,14.3,13.9,18.7,31244
STP,20070619,13.7,14.2,13.7,18.6,11810
STP,20070618,13.7,13.9,13.7,18.3,47838
STP,20070615,13.5,13.7,13.5,18.2,26461
STP,20070614,13.9,14,13.5,18.3,11511
STP,20070613,13.7,13.9,13.7,18.4,9119
STP,20070612,13.7,13.7,13.7,18.3,13006
STP,20070611,13.7,13.7,13.7,18.3,4933
STP,20070608,14.2,14.3,13.9,18.8,8521
STP,20070607,14.1,14.3,14.1,19.2,11960
STP,20070606,13.9,14.2,13.9,18.8,19883
STP,20070605,14.2,14.2,13.7,18.8,20481
STP,20070604,13.9,14.4,13.9,18.9,37972
STP,20070601,13.4,14.1,13.4,18.7,23770
STP,20070531,13.3,13.5,13.1,17.7,13604
STP,20070530,13.1,13.3,12.9,17.5,8372
STP,20070529,13.9,13.9,13.4,18.1,31693
STP,20070528,14.3,14.3,13.7,18.6,10166
STP,20070525,13.9,14.1,13.9,18.7,14651
STP,20070524,14.4,14.7,14.1,19,17939
STP,20070523,14.7,14.7,14.4,19.7,26760
STP,20070522,13.3,13.8,13.3,18.4,17939
STP,20070521,12.7,13.4,12.7,17.2,16145
STP,20070518,12.7,12.9,12.5,16.7,11063
STP,20070517,12.8,12.8,12.7,16.9,2541
STP,20070516,12.7,12.7,12.5,16.5,6727
STP,20070515,13.7,13.7,13.1,17.6,3737
STP,20070514,13.6,13.7,13.6,18.3,7475
STP,20070511,13.7,13.7,13.3,18.1,2093
STP,20070510,13.5,13.5,13.5,18,1495
STP,20070509,13.5,14.6,13.5,18.3,7176
STP,20070508,13.7,13.7,13.7,18.3,5830
STP,20070507,13.3,13.5,13.3,17.7,897
STP,20070504,13.5,13.5,13.5,18,1794
STP,20070502,13.7,13.7,13.5,18.1,897
STP,20070425,13.5,13.5,13.5,18,3289
STP,20070424,12.9,12.9,12.9,17,1495
STP,20070423,12.7,12.7,12.5,16.7,7475
STP,20070420,13.9,13.9,13.1,17.7,4485
STP,20070419,14.1,14.1,13.3,18.5,4933
STP,20070418,12.7,13.4,12.7,17.7,1046
STP,20070417,12.9,12.9,12.7,16.7,11661
STP,20070416,14,14,13.2,18,4784
STP,20070413,13.9,14.2,13.9,18.9,2541
STP,20070412,14.6,14.6,13.7,19.1,12408
STP,20070411,13.8,14.2,13.8,18.7,10764
STP,20070410,13.7,13.7,13.7,18.3,1943
STP,20070409,14.2,14.2,13.5,18.2,6877
STP,20070406,14.2,14.4,13.7,19,1943
STP,20070405,15.1,15.1,14.2,19.3,2541
STP,20070404,13.8,14.7,13.8,19.1,6877
STP,20070403,14.7,14.7,14.7,19.9,448
STP,20070402,15.3,15.5,14.2,20.4,4335
STP,20070330,15.3,15.3,15.1,20.6,21228
STP,20070329,14.3,14.3,14.3,19.2,4933
STP,20070328,13.2,14.4,13.2,17.9,8222
STP,20070327,14.6,14.6,14,18.9,7176
STP,20070326,15.3,15.3,14.9,20.3,3438
STP,20070323,16.2,16.2,15.5,21.8,5980
STP,20070322,16.6,16.6,15.7,22.1,14202
STP,20070321,16.8,16.8,16.4,22.7,11063
STP,20070320,16.9,17.9,16.8,23.4,23172
STP,20070319,16.9,16.9,16.9,23.1,30497
STP,20070319,16.9,16.9,16.9,23.1,30497
STP,20070316,15.1,17.3,15.1,21.5,32291
STP,20070315,16.2,16.2,16.2,22.1,4933
STP,20070314,17.7,17.7,17.4,23.9,7923
STP,20070313,20.5,20.5,17.7,26,23022
STP,20070312,19.1,19.1,19.1,26.5,42905
STP,20070309,17.8,17.8,17.8,24.5,14651
STP,20070308,16.7,16.7,16.7,22.7,4036
STP,20070307,15.6,15.6,15.6,21.1,12558
STP,20070306,14.6,14.6,14.2,19.7,31095
