<Ticker>,<DTYYYYMMDD>,<Open>,<High>,<Low>,<Close>,<Volume>
TKU,20100729,19,19.6,19,19.6,7800
TKU,20100728,20.1,20.1,19.2,19.5,20500
TKU,20100727,19.8,20,18.9,19.6,60700
TKU,20100726,18.9,19,18.9,18.9,6700
TKU,20100723,19.8,19.8,19.2,19.3,6500
TKU,20100722,20,20,19.5,19.6,16400
TKU,20100721,20,20.1,19.9,20,15400
TKU,20100720,19.7,19.9,19.4,19.6,58400
TKU,20100719,19.1,19.5,19.1,19.3,21900
TKU,20100716,19.3,19.7,19.3,19.6,40800
TKU,20100715,19.8,20.3,19.5,19.6,21500
TKU,20100714,20,20.1,19.7,19.9,48000
TKU,20100713,19.3,19.5,18.8,19,45700
TKU,20100712,19.1,19.2,18.7,19,22500
TKU,20100709,19.3,19.4,19,19.1,30600
TKU,20100708,20,20,19.3,19.6,21900
TKU,20100707,19.9,19.9,19.1,19.3,32800
TKU,20100706,20.6,20.9,19.6,19.9,109100
TKU,20100705,19.7,19.7,19.7,19.7,177200
TKU,20100702,18,18.5,18,18.3,9400
TKU,20100701,18.2,18.3,17.5,17.9,28900
TKU,20100630,17,18.2,17,17.3,24200
TKU,20100629,19.2,19.2,18.1,18.3,28900
TKU,20100628,20.2,20.2,17.7,19.5,7200
TKU,20100625,20.4,20.4,18.3,19.1,69600
TKU,20100624,19.1,19.4,18.7,19.3,81800
TKU,20100623,17.4,18.2,17.2,18.1,105400
TKU,20100622,17.1,17.1,16.8,17,14200
TKU,20100621,17.2,17.3,16.7,16.9,11900
TKU,20100618,16.9,16.9,16.6,16.7,43900
TKU,20100617,17.1,17.1,16.3,16.9,55100
TKU,20100616,17.6,17.7,17.1,17.5,8400
TKU,20100615,17.4,17.4,16.8,16.9,4000
TKU,20100614,17.6,17.6,16.8,17.1,15400
TKU,20100611,16.6,17.2,16.5,16.8,28800
TKU,20100610,16.7,16.8,16.1,16.5,2800
TKU,20100609,16.9,17,15.7,16.3,4200
TKU,20100608,16.6,16.6,15.5,16.2,19100
TKU,20100607,17.2,17.2,16.6,16.6,38400
TKU,20100604,19,19,17.7,17.9,5800
TKU,20100603,19.6,19.7,18.4,19,7100
TKU,20100602,18.3,18.4,18.3,18.3,7000
TKU,20100601,16.6,17.8,16.5,17.2,10300
TKU,20100531,18.3,18.3,17.7,17.8,8600
TKU,20100528,19.1,19.1,19,19.1,19500
TKU,20100527,19.9,19.9,17.4,17.8,20100
TKU,20100526,18.5,18.7,18.5,18.6,5900
TKU,20100525,16.7,17.7,16.7,17.5,11800
TKU,20100524,17,17,16.5,16.6,4700
TKU,20100521,18.3,18.3,17,17,15400
TKU,20100520,17.6,18.9,17.6,18.3,57100
TKU,20100519,19.1,19.9,18.8,18.9,7500
TKU,20100518,22.2,22.2,19.2,20.3,6100
TKU,20100517,20.1,21.5,20.1,20.7,2300
TKU,20100514,20,20.2,20,20.1,33400
TKU,20100513,20.4,21.7,20,20.5,13700
TKU,20100512,21.7,21.7,20.4,20.7,40100
TKU,20100511,22.6,23.5,21.7,22,43400
TKU,20100510,23.4,23.4,23.4,23.4,23500
TKU,20100507,25,26.1,23.9,25.1,26700
TKU,20100506,25.2,25.4,24.8,25.1,15500
TKU,20100505,23.8,25.5,22.2,24.6,81500
TKU,20100504,20.7,23.8,20.7,23.8,136700
TKU,20100429,20.4,22.3,20.4,22.3,53400
TKU,20100428,21.2,21.2,20.4,20.9,20200
TKU,20100427,21.3,21.7,21.3,21.5,7000
TKU,20100426,19.3,21.9,19.3,21.7,61200
TKU,20100422,20.3,20.9,20.3,20.4,79800
TKU,20100421,22.6,23.2,21,21.8,41500
TKU,20100420,21.3,22.4,21.3,22.3,58500
TKU,20100419,21.7,21.7,20.9,21,117000
TKU,20100416,22.2,22.7,21.8,22.4,71100
TKU,20100415,25.1,26.2,22.9,23.3,122900
TKU,20100414,23,24.7,23,24.6,20100
TKU,20100413,23,23.5,22.8,23,24700
TKU,20100412,22.8,24.2,22.7,23,29800
TKU,20100409,24.7,24.8,23.9,24.2,10500
TKU,20100408,22.7,24.6,22.7,24.1,18800
TKU,20100407,23.3,23.5,22.4,23,24800
TKU,20100406,24.1,24.3,22.8,23.7,41000
TKU,20100405,24.3,24.3,23.5,24,24900
TKU,20100402,23.5,23.5,23.1,23.3,11000
TKU,20100401,23.4,23.4,22.4,22.7,8900
TKU,20100331,22.6,22.8,22.1,22.2,22500
TKU,20100330,22.3,22.4,21.9,22.2,27500
TKU,20100329,23.6,23.6,22.6,23.1,16400
TKU,20100326,23.5,23.8,23.1,23.5,10300
TKU,20100325,24.3,24.3,23.1,23.7,36500
TKU,20100324,24.4,25,24.4,24.7,44300
TKU,20100323,24.3,24.9,24,24.4,35900
TKU,20100322,24.4,25.7,24.3,24.6,61900
TKU,20100319,24.3,24.6,23.9,24.4,89000
TKU,20100318,22.7,23.4,21.9,23,25100
TKU,20100317,22.1,22.3,21,21.8,27400
TKU,20100316,23.1,23.1,22,22.3,70600
TKU,20100315,24.4,24.4,22.6,23.7,29700
TKU,20100312,24.2,24.3,23.5,23.9,27800
TKU,20100311,23.5,24.2,23.3,23.7,53400
TKU,20100310,23.4,23.9,22.3,23.3,49500
TKU,20100309,24.3,24.3,22.6,23.3,61600
TKU,20100308,23,23.7,23,23.6,133700
TKU,20100305,22.6,22.6,21.4,22.1,49200
TKU,20100304,21.7,21.9,20.9,21.9,66000
TKU,20100303,19.3,20.5,19.3,20.4,51700
TKU,20100302,18.8,19.1,18.7,19.1,78800
TKU,20100301,17.4,18.3,17.4,17.8,44400
TKU,20100226,17,17.4,17,17,20000
TKU,20100225,17.7,17.8,17.1,17.3,21600
TKU,20100224,17.4,17.5,16.9,17.2,19600
TKU,20100223,17.4,17.6,17.3,17.4,42100
TKU,20100222,19.1,19.1,18.3,18.6,23100
TKU,20100212,18.3,18.6,18.3,18.4,27800
TKU,20100211,17.2,18.3,17.2,17.9,30800
TKU,20100210,17.2,18.2,17.2,17.9,30100
TKU,20100209,17.8,17.8,16.7,17.1,37500
TKU,20100208,16.1,17,16.1,17,58600
TKU,20100205,15.9,16.2,15.7,15.9,29800
TKU,20100204,16.9,17.2,16.6,17,25600
TKU,20100203,17.4,17.4,16.2,16.9,32600
TKU,20100202,16.9,17,16.5,16.6,36900
TKU,20100201,17.4,17.4,16.2,16.6,45800
TKU,20100129,17.8,17.8,16.5,17.4,56800
TKU,20100128,17.4,17.4,16.5,17.4,213100
TKU,20100127,16.3,16.3,16.3,16.3,20400
TKU,20100126,15.2,15.2,15.2,15.2,6600
TKU,20100125,13.7,14.3,13.6,14.2,23100
TKU,20100122,12.8,13.9,12.8,13.4,17300
TKU,20100121,13.5,13.7,12.7,13,34700
TKU,20100120,13.7,13.7,13.7,13.7,1600
TKU,20100119,14,14.2,13.9,14,21400
TKU,20100118,14.8,14.8,14,14,46200
TKU,20100115,15.7,15.7,14.8,15,36400
TKU,20100114,14.6,14.6,14.6,14.6,11800
TKU,20100113,13.5,15,13.5,13.7,29700
TKU,20100112,14.8,15.7,14.1,14.5,12200
TKU,20100111,15.3,15.3,15,15.1,20400
TKU,20100108,16.5,17.3,15.3,16.1,19700
TKU,20100107,17.3,17.3,15.7,16.4,56200
TKU,20100106,16.2,16.2,15.3,16.2,62100
TKU,20100105,15.1,15.1,15.1,15.1,3100
TKU,20100104,14.1,14.1,14.1,14.1,1800
TKU,20091231,13,13.1,13,13.1,50100
TKU,20091230,11.9,13,11.9,12.3,9900
TKU,20091229,12.8,12.8,12,12.5,30900
TKU,20091228,13.1,13.1,12.3,12.8,23600
TKU,20091225,12.2,12.3,12.2,12.3,9800
TKU,20091224,11.7,11.7,11,11.5,20900
TKU,20091223,11,11.3,10.9,11,17900
TKU,20091222,12.9,12.9,11.1,11.7,40200
TKU,20091221,12,12,11.9,12,5200
TKU,20091218,10.7,11.4,10.7,11.2,25300
TKU,20091217,10.9,10.9,10.6,10.6,11800
TKU,20091216,12.2,12.2,11.2,11.4,13600
TKU,20091215,12.2,12.6,11.4,12.1,13700
TKU,20091214,12,13,11.8,12.2,6400
TKU,20091211,13.5,13.5,12.3,12.7,15800
TKU,20091210,13.7,13.7,12.9,13.3,13400
TKU,20091209,13.7,13.7,13.7,13.7,8600
TKU,20091208,14.9,14.9,14.3,14.7,400
TKU,20091207,14.3,14.4,14.2,14.4,6000
TKU,20091204,15,15,14,14.3,4100
TKU,20091203,14.9,14.9,13.9,14,4000
TKU,20091202,16.2,16.2,14.2,14.7,3200
TKU,20091201,15.3,15.3,15.2,15.3,10400
TKU,20091130,13.7,14.5,13.7,14.3,8600
TKU,20091127,12.9,14.8,12.9,13.6,53800
TKU,20091126,13.9,13.9,13.8,13.8,10900
TKU,20091125,15.2,15.2,14.9,14.9,38700
TKU,20091124,16.5,16.5,15.8,16,13800
TKU,20091123,16.5,16.5,15.5,15.8,26700
TKU,20091120,17.4,17.4,16.4,16.7,38000
TKU,20091119,18.3,18.3,16.9,17.4,30200
TKU,20091118,19.6,19.6,17.7,18.1,26700
TKU,20091117,19.3,19.3,18.2,19.1,128300
TKU,20091116,18,18,18,18,1900
TKU,20091113,16.8,18.7,16.8,16.8,103100
TKU,20091112,18.1,18.1,18.1,18.1,5400
TKU,20091111,19.5,19.5,19.5,19.5,300
TKU,20091110,21,21,21,21,1100
TKU,20091109,22.5,22.5,22.5,22.5,4600
TKU,20091106,25.7,25.7,23.6,24.3,13900
TKU,20091105,26.2,26.2,22.7,25.4,170900
TKU,20091104,24.4,24.4,24.4,24.4,22300
TKU,20091103,22.8,22.8,22.8,22.8,43400
TKU,20091102,21.3,21.3,20.9,21.3,145100
TKU,20091030,19.9,19.9,19.9,19.9,36800
TKU,20091029,18.7,19.1,16.5,18.6,176300
TKU,20091028,17.8,17.8,17.8,17.8,27100
TKU,20091027,16.6,16.6,16.6,16.6,122900
TKU,20091026,15.5,15.5,15.5,15.5,11600
TKU,20091023,14.4,14.4,14.4,14.4,118100
TKU,20091022,13.5,13.5,13.5,13.5,7300
TKU,20091021,12.6,12.9,12,12.6,57200
TKU,20091020,11.5,12,11.5,12,10800
TKU,20091019,10.9,11.7,10.9,11.2,44800
TKU,20091016,10.9,11.5,10.9,11,8800
TKU,20091015,11.1,11.2,10.6,10.9,28600
TKU,20091014,10.3,10.8,10.3,10.6,5600
TKU,20091013,11,11,10.3,10.5,6400
TKU,20091012,10.1,10.9,10.1,10.6,19000
TKU,20091009,10.9,11,10,10.4,16300
TKU,20091008,10.9,10.9,10.5,10.5,1700
TKU,20091007,10.3,10.8,10.3,10.5,12400
TKU,20091006,10,10.2,9.9,10.1,7700
TKU,20091005,9.8,9.9,9.3,9.7,5600
TKU,20091002,10.3,10.3,9.7,9.8,5100
TKU,20091001,10.4,10.9,10.3,10.4,6300
TKU,20090930,10.3,11.2,10.1,11,10500
TKU,20090929,10.5,10.9,10.3,10.4,8300
TKU,20090928,10.9,11,10.7,10.9,12600
TKU,20090925,10.4,10.9,10.3,10.6,9400
TKU,20090924,11.1,11.1,10.3,10.4,9500
TKU,20090923,11,11.4,10.7,10.9,12200
TKU,20090922,12.1,12.1,11.3,11.6,8500
TKU,20090921,11.4,12.2,11.4,11.8,15700
TKU,20090918,11.4,12.1,11.2,11.4,32600
TKU,20090917,12.8,12.8,11,11.5,43000
TKU,20090916,11.9,11.9,11.9,11.9,40000
TKU,20090915,11.1,11.1,11.1,11.1,25400
TKU,20090914,10.3,10.3,10.3,10.3,39800
TKU,20090911,9.6,9.8,9.1,9.7,27500
TKU,20090910,9.2,9.4,8.9,9.1,15900
TKU,20090909,9.2,9.2,8.9,9,3500
TKU,20090908,8.7,9.2,8.7,9.1,5100
TKU,20090907,8.8,9.1,8.7,8.8,6600
TKU,20090904,8.7,9.4,8.7,9,3700
TKU,20090903,9.2,9.3,9.1,9.2,1400
TKU,20090901,9.6,9.6,9.3,9.4,5900
TKU,20090831,9.6,9.9,9.3,9.5,19200
TKU,20090828,9.1,9.4,9.1,9.3,10700
TKU,20090827,9.4,9.4,9.1,9.2,2000
TKU,20090826,9.4,9.4,8.5,9,4400
TKU,20090825,9.3,9.6,8.7,9,4200
TKU,20090824,9.3,9.3,9.3,9.3,5100
TKU,20090821,9.5,9.5,9.2,9.3,10800
TKU,20090820,9.3,9.3,9.1,9.1,4100
TKU,20090819,8.8,8.9,8.5,8.7,7500
TKU,20090818,8.9,8.9,8.8,8.8,2700
TKU,20090817,9.1,9.1,8.7,8.9,2300
TKU,20090814,9,9,8.6,8.7,11200
TKU,20090813,8.5,8.7,8.5,8.6,4300
TKU,20090812,8.6,8.7,8.5,8.6,2800
TKU,20090811,8.5,8.7,8.5,8.6,5400
TKU,20090810,8.3,8.7,8.3,8.6,6300
TKU,20090807,8.3,8.5,8.1,8.4,1500
TKU,20090806,8.7,8.7,8.5,8.6,1700
TKU,20090805,8.6,8.7,8.6,8.6,2600
TKU,20090804,8.3,8.3,8.2,8.3,1900
TKU,20090803,7.7,8.9,7.7,8.2,5300
TKU,20090731,8.3,8.3,8.3,8.3,5200
TKU,20090730,7.7,8,7.7,7.9,2200
TKU,20090729,7.7,8.3,7.7,7.7,3100
TKU,20090728,8.3,8.3,8.3,8.3,1200
TKU,20090727,8.6,8.6,8.3,8.3,4900
TKU,20090724,7.7,8.2,7.7,8.1,2100
TKU,20090723,6.7,7.7,6.7,7.7,1500
TKU,20090722,7.3,7.3,7.2,7.2,2400
TKU,20090721,7,7.7,7,7.2,1500
TKU,20090720,7.2,7.2,7.1,7.2,2000
TKU,20090717,8.2,8.2,7.5,7.6,1000
TKU,20090716,7.6,8.4,7.6,7.7,2100
TKU,20090715,8,8,8,8,400
TKU,20090714,7.9,8.5,7.8,8,8400
TKU,20090713,7.9,7.9,7.9,7.9,3000
TKU,20090710,8.5,8.5,8.4,8.5,1500
TKU,20090708,8.9,8.9,8.9,8.9,2000
TKU,20090707,8.3,8.7,8.3,8.5,3300
TKU,20090706,8.1,8.1,8,8.1,6500
TKU,20090703,7.6,7.6,7.6,7.6,600
TKU,20090702,8.2,8.2,8.2,8.2,4500
TKU,20090701,8.8,8.8,8.8,8.8,1300
TKU,20090630,9.5,9.5,9.5,9.5,100
TKU,20090629,9.5,9.5,8.9,8.9,5500
TKU,20090626,9.6,9.6,9.6,9.6,100
TKU,20090625,9.5,9.5,9.1,9.3,1700
TKU,20090624,8.9,8.9,8.9,8.9,800
TKU,20090623,8.2,8.8,8.2,8.3,9500
TKU,20090622,8.9,8.9,8.8,8.8,8700
TKU,20090619,9.3,9.6,9.2,9.5,4400
TKU,20090618,9.8,9.9,9.7,9.8,9400
TKU,20090617,9.6,10.3,9.4,9.8,5500
TKU,20090616,10.1,10.1,10.1,10.1,9900
TKU,20090615,11.8,11.8,10.3,10.9,6000
TKU,20090612,10.9,11.1,10.9,11,56300
TKU,20090611,10.9,11.4,9.8,10.3,11200
TKU,20090610,11,12,10.4,10.6,7300
TKU,20090609,11.7,11.7,10.9,11.2,19900
TKU,20090608,11,11,11,11,5700
TKU,20090605,10.3,10.3,10.2,10.3,41400
TKU,20090604,9.1,9.7,9.1,9.6,22400
TKU,20090603,8.4,9.6,8.4,9,18600
TKU,20090602,9.5,9.5,8.3,9.1,15600
TKU,20090601,8.3,9.1,8.3,8.9,7200
TKU,20090529,8.3,8.6,8.3,8.5,8100
TKU,20090528,8.8,9.1,8.8,8.9,12700
TKU,20090527,9.3,9.8,9.3,9.5,11400
TKU,20090526,9.6,10.3,9.6,10,17500
TKU,20090525,9.1,9.8,8.9,9.6,30600
TKU,20090522,9.5,9.5,9,9.1,20500
TKU,20090521,8.9,8.9,7.7,8.9,59100
TKU,20090520,8.2,8.3,8.2,8.3,5100
TKU,20090519,7.8,8.3,7.4,7.7,14200
TKU,20090518,7.8,7.8,7.4,7.7,17800
TKU,20090515,7.3,7.3,7,7.3,37100
TKU,20090514,6.8,6.8,6.7,6.8,4200
TKU,20090513,6.8,6.8,6.8,6.8,1000
TKU,20090512,6.5,7,6.5,7,4600
TKU,20090511,6.5,6.6,6.5,6.5,4600
TKU,20090508,7,7.4,7,7,10600
TKU,20090507,7.5,7.7,7.2,7.4,3900
TKU,20090506,7.2,7.4,7.2,7.2,1200
TKU,20090505,7.9,7.9,7.4,7.7,7300
TKU,20090504,7.4,7.4,7.4,7.4,200
TKU,20090429,6.9,7,6.5,6.9,9500
TKU,20090428,6.3,6.7,6.3,6.5,1000
TKU,20090427,6.3,6.3,6.3,6.3,6200
TKU,20090424,6.9,6.9,6.9,6.9,600
TKU,20090423,7.4,7.4,7.4,7.4,100
TKU,20090422,7.1,7.1,7.1,7.1,1500
TKU,20090421,6.6,6.6,6.6,6.6,4100
TKU,20090420,7.3,7.3,7,7.1,14000
TKU,20090417,7.6,7.6,7.3,7.6,10400
TKU,20090416,7.8,7.8,7.6,7.7,9500
TKU,20090415,7.2,7.8,7.2,7.6,9100
TKU,20090414,8.2,8.2,7.7,7.8,12000
TKU,20090413,7.7,7.7,7.4,7.7,9400
TKU,20090410,7.2,7.3,7.1,7.2,16000
TKU,20090409,7.3,7.3,6.7,6.8,1600
TKU,20090408,7,7,7,7,4900
TKU,20090407,7,7.4,6.9,7,9500
TKU,20090403,7.4,7.4,7.3,7.4,5900
TKU,20090402,7.2,7.4,7.1,7.2,4700
TKU,20090401,7.1,7.1,6.9,7.1,2400
TKU,20090331,7,7.1,6.6,6.9,11100
TKU,20090330,6.5,6.7,6.5,6.6,200
TKU,20090327,7,7,7,7,10900
TKU,20090326,6.9,6.9,6.8,6.9,5200
TKU,20090325,6.1,6.6,6.1,6.4,12800
TKU,20090324,5.8,6.2,5.8,6.2,12600
TKU,20090323,5.7,5.7,5.7,5.7,500
TKU,20090320,5.7,5.7,5.7,5.7,7000
TKU,20090319,6.2,6.2,5.8,6,13500
TKU,20090318,5.7,5.8,5.7,5.8,8200
TKU,20090317,5.5,5.6,5.5,5.5,7700
TKU,20090316,5.5,5.5,5.3,5.3,4600
TKU,20090313,5.5,5.5,5.3,5.4,1700
TKU,20090312,5.3,5.5,5.3,5.3,4400
TKU,20090311,5.5,5.5,5.2,5.4,4200
TKU,20090310,5.6,5.6,5.1,5.1,11000
TKU,20090309,5.2,5.2,5.2,5.2,7600
TKU,20090306,5.4,5.4,5,5.2,4900
TKU,20090305,5.1,5.4,5.1,5.2,14500
TKU,20090304,5.4,5.4,5.4,5.4,1300
TKU,20090303,5.3,5.7,5.3,5.7,10000
TKU,20090302,5.5,5.5,5.4,5.5,4500
TKU,20090227,5.7,5.7,5.7,5.7,1500
TKU,20090226,6.1,6.1,5.5,5.7,10500
TKU,20090225,5.9,5.9,5.9,5.9,100
TKU,20090224,5.1,5.7,5.1,5.5,14700
TKU,20090220,5.6,5.6,5.6,5.6,3600
TKU,20090219,6,6,5.7,5.7,3400
TKU,20090218,5.7,5.7,5.5,5.5,600
TKU,20090217,5.6,5.6,5.6,5.6,100
TKU,20090216,5.6,5.6,5.3,5.4,900
TKU,20090213,5.2,5.3,5.2,5.2,1900
TKU,20090212,5.2,5.3,5.2,5.2,2100
TKU,20090211,5.2,5.2,5.1,5.2,5800
TKU,20090210,5.7,5.7,5.4,5.5,2100
TKU,20090209,5.8,5.8,5.8,5.8,200
TKU,20090206,5.5,5.7,5.4,5.5,5200
TKU,20090205,6.1,6.1,5.7,5.8,9100
TKU,20090203,6.3,6.3,6.1,6.2,6300
TKU,20090202,6.7,6.7,6.3,6.5,2400
TKU,20090123,6.7,6.7,6.7,6.7,100
TKU,20090122,6.1,6.5,6.1,6.3,800
TKU,20090121,6.5,6.5,6.5,6.5,100
TKU,20090120,6.5,6.5,6.4,6.5,3000
TKU,20090119,6.7,6.7,6.5,6.5,10000
TKU,20090114,7,7,7,7,2500
TKU,20090113,6.5,7,6.5,6.9,5000
TKU,20090112,6.6,6.6,6.6,6.6,1000
TKU,20090109,7,7.1,7,7,300
TKU,20090108,7,7,7,7,100
TKU,20090107,7.3,7.3,7,7,1000
TKU,20090106,7,7,7,7,800
TKU,20090105,7,7.1,7,7,600
TKU,20090102,7,7,7,7,400
TKU,20081231,6.8,7,6.7,6.8,1700
TKU,20081230,6.6,6.8,6.5,6.6,800
TKU,20081229,7,7.2,7,7,2400
TKU,20081226,7,7,6.7,6.8,4500
TKU,20081225,7.7,7.7,7,7.1,2200
TKU,20081224,7.5,7.5,7.5,7.5,200
TKU,20081223,7.1,7.1,7.1,7.1,300
TKU,20081222,7.8,7.8,7.4,7.7,2800
TKU,20081219,7.5,7.5,7.5,7.5,1100
TKU,20081218,7,7.1,7,7,4800
TKU,20081217,7.5,7.5,7.5,7.5,100
TKU,20081216,7.1,7.1,7,7,2800
TKU,20081215,7.7,7.7,7.1,7.6,300
TKU,20081212,7.1,7.3,6.6,7.2,2400
TKU,20081211,7,7,7,7,3500
TKU,20081210,7.7,7.8,7,7.3,1300
TKU,20081209,7.5,7.5,7.5,7.5,400
TKU,20081208,7.1,7.1,7,7,3000
TKU,20081205,7.7,7.7,7.3,7.5,18500
TKU,20081204,8.1,8.1,7.8,7.9,4200
TKU,20081203,8.4,8.4,8.3,8.3,1500
TKU,20081202,8.6,8.6,8.3,8.4,300
TKU,20081201,8.6,8.6,8.6,8.6,1500
TKU,20081128,8,8.6,8,8.6,10300
TKU,20081127,8,8,8,8,1200
TKU,20081126,8.3,8.3,8.3,8.3,500
TKU,20081125,8.8,8.8,8.8,8.8,800
TKU,20081124,9.2,9.2,8,8.2,2600
TKU,20081124,9.2,9.2,8,8.2,2600
TKU,20081121,8.6,8.6,8.6,8.6,200
TKU,20081120,8.7,8.7,8.5,8.6,11900
TKU,20081119,9.2,9.2,9,9,3400
TKU,20081118,9.6,9.7,9.6,9.7,6000
TKU,20081117,9.1,9.1,9,9,1300
TKU,20081114,9.7,9.7,9.7,9.7,600
TKU,20081113,9.2,9.2,8.7,9,3700
TKU,20081112,8.4,8.7,8.4,8.7,4200
TKU,20081111,9.1,9.1,9.1,9.1,1100
TKU,20081110,9.6,9.6,9.2,9.3,5000
TKU,20081107,9.8,9.8,9.8,9.8,5400
TKU,20081106,10.6,11.2,10.6,10.6,24800
TKU,20081105,11.3,11.5,11.3,11.4,27700
TKU,20081104,10.2,10.9,10.2,10.7,16900
TKU,20081103,10.3,10.3,10,10.2,1900
TKU,20081031,9.6,9.6,9.6,9.6,3800
TKU,20081030,8.9,9.1,8.9,9,4700
TKU,20081029,8.9,8.9,8.9,8.9,5000
TKU,20081028,8.3,8.5,7.8,8.3,2300
TKU,20081027,8.3,8.7,8.3,8.3,6200
TKU,20081024,8.7,9,8.7,9,700
TKU,20081023,9.6,9.6,9.2,9.3,7000
TKU,20081022,10.3,10.3,9.8,9.9,900
TKU,20081021,10.3,10.3,9.9,10.1,6800
TKU,20081020,10,10,9.6,9.7,7100
TKU,20081017,10.5,10.5,9.9,10.1,6400
TKU,20081016,10.4,10.4,9.7,9.9,3800
TKU,20081015,10.6,10.6,10.1,10.4,19700
TKU,20081014,9.9,9.9,9.9,9.9,600
TKU,20081013,8.5,9.8,8.5,9.2,10600
TKU,20081010,9.1,9.1,9.1,9.1,7400
TKU,20081009,9.1,10.4,9.1,9.8,5200
TKU,20081008,9.7,9.9,9.7,9.7,20600
TKU,20081007,10.5,10.5,10.5,10.5,6100
TKU,20081006,11.3,11.3,11.3,11.3,1100
TKU,20081003,12.3,12.3,11.4,12.2,2100
TKU,20081002,11.7,11.9,11.5,11.8,15300
TKU,20081001,10.3,11.7,10.3,11.1,26500
TKU,20080930,11,11,11,11,1600
TKU,20080929,12.5,12.5,11.4,11.8,13200
TKU,20080926,11.7,11.7,11.3,11.7,37300
TKU,20080925,10.7,11.5,10.7,11,13800
TKU,20080924,10.9,11.3,10.6,10.7,23000
TKU,20080923,12.2,12.2,10.6,11.4,45600
TKU,20080922,11.4,11.4,11.4,11.4,100
TKU,20080919,9.7,11.3,9.7,10.6,35900
TKU,20080918,10.5,10.5,10.5,10.5,3900
TKU,20080917,11.3,11.3,11.3,11.3,500
TKU,20080916,12.2,12.2,12.2,12.2,6800
TKU,20080915,13.1,13.1,13.1,13.1,47400
TKU,20080912,14.2,14.2,14.2,14.2,1900
TKU,20080911,15.3,15.3,15.3,15.3,2000
TKU,20080910,16.4,16.4,16.4,16.4,4100
TKU,20080909,17.7,17.7,17.7,17.7,23100
TKU,20080908,19,19,19,19,1400
TKU,20080905,22,22,20.4,20.5,16100
TKU,20080904,22.4,22.4,19.5,22,41000
TKU,20080903,21,21,20.9,21,13400
TKU,20080829,19.7,19.7,18.3,19.6,38200
TKU,20080828,18.5,18.5,17.3,18.3,137400
TKU,20080827,17.3,17.3,17.3,17.3,14900
TKU,20080826,16.2,16.2,16.2,16.2,17700
TKU,20080825,15.1,15.1,15.1,15.1,11000
TKU,20080822,14.1,14.1,14.1,14.1,17400
TKU,20080821,13.1,13.1,13.1,13.1,7700
TKU,20080820,12.3,12.3,12.3,12.3,53400
TKU,20080819,11.5,11.5,11.4,11.5,65700
TKU,20080818,10.7,10.7,10.7,10.7,2800
TKU,20080815,10,10,10,10,800
TKU,20080814,9.7,9.7,9.7,9.7,5800
TKU,20080813,9.3,9.3,9.3,9.3,26300
TKU,20080812,9,9,9,9,10200
TKU,20080811,8.6,8.6,8.6,8.6,600
TKU,20080808,8.3,8.3,8.3,8.3,300
TKU,20080807,7.9,7.9,7.9,7.9,200
TKU,20080806,7.8,7.8,7.5,7.7,7100
TKU,20080805,7.5,8.1,7.5,7.6,12400
TKU,20080804,7.8,7.9,7.8,7.8,4600
TKU,20080801,8.2,8.2,8.2,8.2,4900
TKU,20080731,8.5,8.6,8.5,8.5,6600
TKU,20080730,9.1,9.1,8.8,8.9,6500
TKU,20080729,9,9.6,9,9.1,19900
TKU,20080728,9.3,9.3,9.3,9.3,3800
TKU,20080725,9.7,9.7,9.7,9.7,3300
TKU,20080724,10.1,10.1,10.1,10.1,8100
TKU,20080723,10.5,10.5,10.5,10.5,100
TKU,20080718,11.7,11.7,10.9,11,9700
TKU,20080717,11.3,11.3,11.3,11.3,24300
TKU,20080716,11,11,10.5,10.9,29400
TKU,20080715,10.5,10.5,10.5,10.5,11400
TKU,20080714,10.1,10.1,9.9,10.1,17400
TKU,20080711,9.6,9.8,9.5,9.7,21500
TKU,20080710,9.6,9.6,9.3,9.5,17300
TKU,20080709,9.6,9.9,9.3,9.6,14300
TKU,20080708,9.4,9.8,9.4,9.6,10800
TKU,20080707,10.1,10.1,9.4,9.7,20000
TKU,20080704,9.7,9.7,9,9.7,3200
TKU,20080703,9.4,9.4,9.4,9.4,3000
TKU,20080702,9.1,9.1,8.8,9,16700
TKU,20080701,8.3,8.9,8.2,8.8,8100
TKU,20080630,8.8,8.8,8.4,8.5,14900
TKU,20080627,8.4,8.5,8.1,8.4,11900
TKU,20080626,8.4,8.4,8,8.2,3800
TKU,20080625,8.3,8.3,8.2,8.3,11000
TKU,20080624,8,8,7.9,8,5600
TKU,20080623,7.7,7.7,7.7,7.7,3700
TKU,20080620,7.5,7.5,7.5,7.5,4800
TKU,20080619,7.8,7.8,7.8,7.8,3400
TKU,20080618,8.5,8.5,8,8.2,6300
TKU,20080617,8.3,8.3,8.3,8.3,300
TKU,20080616,8,8,8,8,1100
TKU,20080613,7.7,7.7,7.7,7.7,2700
TKU,20080612,7.5,7.5,7.5,7.5,100
TKU,20080611,7.3,7.3,7.3,7.3,3600
TKU,20080610,7.1,7.6,7.1,7.1,14100
TKU,20080609,7.4,7.4,7.4,7.4,1100
TKU,20080606,7.7,7.7,7.7,7.7,2100
TKU,20080605,7.9,7.9,7.9,7.9,3200
TKU,20080604,8.2,8.2,8.2,8.2,1300
TKU,20080603,8.7,8.7,8.4,8.4,4400
TKU,20080602,8.8,9.1,8.7,8.7,3200
TKU,20080530,9,9,8.8,9,5200
TKU,20080529,8.8,8.8,8.8,8.8,100
TKU,20080528,8.3,8.8,8.3,8.5,2600
TKU,20080527,8.5,8.5,8.5,8.5,1600
TKU,20080526,8.8,8.8,8.8,8.8,4200
TKU,20080522,9.3,9.3,9.3,9.3,200
TKU,20080521,9.6,9.6,9.6,9.6,2900
TKU,20080520,9.8,9.8,9.7,9.8,5700
TKU,20080519,9.8,9.8,9.8,9.8,1900
TKU,20080516,9.6,9.8,9.6,9.7,6300
TKU,20080515,9.8,9.8,9.4,9.6,3600
TKU,20080514,9.6,9.6,9.6,9.6,1500
TKU,20080513,9.8,9.8,9.8,9.8,1600
TKU,20080512,10.1,10.1,10.1,10.1,7000
TKU,20080509,10.4,10.6,10.4,10.4,6700
TKU,20080508,10.8,10.8,10.8,10.8,3700
TKU,20080507,11.1,11.3,11.1,11.1,8600
TKU,20080506,11.5,11.6,11.5,11.5,5000
TKU,20080505,11.8,11.8,11.8,11.8,5200
TKU,20080429,12.2,12.3,11.7,12.2,11900
TKU,20080428,11.9,11.9,11.7,11.9,6800
TKU,20080425,11.3,12,11.3,11.6,1900
TKU,20080424,11.7,11.9,11.6,11.7,14400
TKU,20080423,11.9,11.9,11.9,11.9,2500
TKU,20080422,12.3,12.9,12.3,12.3,4100
TKU,20080421,12.6,12.6,12.5,12.6,3100
TKU,20080418,13.3,13.3,12.7,12.8,2700
TKU,20080417,12.6,13.3,12.6,13,18200
TKU,20080416,12.9,13,12.9,13,3200
TKU,20080411,13.3,13.5,13.3,13.3,7400
TKU,20080410,13.7,13.7,13.7,13.7,100
TKU,20080409,14.2,14.2,14.2,14.2,9600
TKU,20080408,15,15,14.2,14.7,11100
TKU,20080407,14.6,14.6,14.6,14.6,200
TKU,20080404,14.2,14.2,14.2,14.2,700
TKU,20080403,13.9,13.9,13.9,13.9,200
TKU,20080402,13.7,13.7,13.7,13.7,100
TKU,20080401,13.4,13.4,13.4,13.4,100
TKU,20080331,13.1,13.1,13.1,13.1,400
TKU,20080328,12.9,12.9,12.9,12.9,1400
TKU,20080327,12.6,12.6,12.6,12.6,3200
TKU,20080326,11.8,12.9,11.8,12.3,4800
TKU,20080325,11.9,12.2,11.6,11.8,13700
TKU,20080324,13.9,13.9,12.4,12.7,3500
TKU,20080321,14.3,14.3,13.7,13.8,7600
TKU,20080320,14.2,15.1,14,14.3,9800
TKU,20080319,14.8,14.8,13.4,13.8,9600
TKU,20080318,13.5,14.3,13.2,13.4,17800
TKU,20080317,14.9,15.2,14.6,14.7,12800
TKU,20080314,16.5,16.8,16.1,16.3,6900
TKU,20080313,18.5,18.5,16.5,17,5200
TKU,20080312,16.1,17.8,16.1,17,6400
TKU,20080311,17,17.7,16.8,16.9,14100
TKU,20080310,19.2,19.2,17.5,18.8,20000
TKU,20080307,17.4,17.4,17.4,17.4,3200
TKU,20080306,15.7,15.7,15.7,15.7,10100
TKU,20080305,14.4,14.8,13.9,14.3,17700
TKU,20080304,16,16,14.6,15.5,20900
TKU,20080303,16.8,16.8,16,16.3,15800
TKU,20080229,17,17.2,16.7,17,12400
TKU,20080228,18.3,18.4,17,17.6,6600
TKU,20080227,17.7,18.7,17.7,18.1,10200
TKU,20080226,19.2,19.2,17.2,18,23700
TKU,20080225,17.4,17.4,17.4,17.4,14600
TKU,20080222,16.1,17.7,15.2,15.7,6800
TKU,20080221,17.8,17.8,16.4,16.9,13300
TKU,20080220,20,20,17.8,18.3,4400
TKU,20080219,16.6,19.4,16.6,19.1,2600
TKU,20080218,18.3,19.3,18.3,18.5,5500
TKU,20080215,21.3,21.3,19.7,20.3,2900
TKU,20080214,19.6,21.2,19.6,20.1,5700
TKU,20080213,20,20.2,20,20.1,2900
TKU,20080212,22.2,22.6,20.6,21.1,4700
TKU,20080201,21.4,22.2,21.4,21.7,8900
TKU,20080131,23.2,23.2,19.6,21.5,6500
TKU,20080130,19.6,21.1,19.6,21,11500
TKU,20080129,18.4,19.4,18.4,19.1,6300
TKU,20080128,17,18,17,17.7,5900
TKU,20080125,17,17.8,16.1,16.7,7600
TKU,20080124,18.2,19.1,16.3,17.7,7400
TKU,20080123,18.4,18.5,17.2,18.1,8400
TKU,20080122,18.7,18.8,18.7,18.8,1000
TKU,20080121,19,19,19,19,1100
TKU,20080118,19.6,20.9,19.6,20.3,5300
TKU,20080117,20.4,21.4,19,20.1,24500
TKU,20080116,19.5,19.5,19.3,19.5,11500
TKU,20080115,18.2,18.3,17,17.7,6800
TKU,20080114,18.7,18.7,17.8,18.3,4100
TKU,20080111,18.3,19.2,18.3,19.1,3400
TKU,20080110,20.2,20.2,17.8,19.1,12100
TKU,20080109,21.3,21.3,19.2,19.6,4000
TKU,20080108,20.1,20.7,20.1,20.3,8100
TKU,20080107,20.4,20.6,20,20.1,3200
TKU,20080104,22.4,22.5,21.3,22.1,1500
TKU,20080103,21.3,22.5,21.3,21.4,2200
TKU,20080102,22.6,22.6,21.3,21.7,4100
TKU,20071228,22.9,23.4,22.9,23,3800
TKU,20071227,23,23.5,22.6,22.9,11600
TKU,20071226,22.2,23.4,22.2,23.1,3400
TKU,20071225,23.4,23.4,23,23.2,1000
TKU,20071224,23.4,23.4,21.6,22,5200
TKU,20071221,23.9,23.9,23,22.7,1900
TKU,20071220,23.6,23.6,22.2,22.7,3800
TKU,20071219,24.3,24.3,23.6,24,2400
TKU,20071218,23,23.2,22.6,22.9,3400
TKU,20071217,23.7,23.7,22.6,23.4,2800
TKU,20071214,23.9,23.9,23.7,23.8,3500
TKU,20071213,23.9,24.4,23.7,24.1,3300
TKU,20071212,23.1,24.5,23,23.8,5100
TKU,20071211,24.6,24.6,23,23.7,2800
TKU,20071210,25.1,25.1,23.6,24.3,4600
TKU,20071207,24.3,24.7,23.6,24.3,11500
TKU,20071206,26.6,26.6,23,24.3,8800
TKU,20071205,22.5,25.6,22.5,24.1,14900
TKU,20071204,26.4,26.4,24.4,25.1,12100
TKU,20071203,23.9,24.4,23.9,24.1,7500
TKU,20071130,24.1,24.7,23.9,24.1,10800
TKU,20071129,25.6,25.6,24.3,24.5,3500
TKU,20071128,24.6,24.8,23.7,24,5200
TKU,20071127,23.9,25,23.9,24.5,10000
TKU,20071126,23,24.7,23,23.5,5700
TKU,20071123,23,24.7,22.7,22.9,5400
TKU,20071122,23.5,24.8,22.2,23,14300
TKU,20071121,24.6,24.6,23.2,23.5,28900
TKU,20071120,25.1,25.5,24.6,25,5300
TKU,20071119,26.4,26.4,24.3,25.1,10500
TKU,20071116,24.8,24.8,23.5,24.4,9500
TKU,20071115,26.1,26.1,23.9,24.7,6300
TKU,20071114,21.9,25,21.9,24.2,15400
TKU,20071113,22.6,23.5,22.2,22.6,29500
TKU,20071112,23.9,25.7,23.6,24,12600
TKU,20071109,25.2,25.7,25,25.3,26700
TKU,20071108,27.4,27.4,26.3,27,7800
TKU,20071107,26.5,28.3,26.1,27.2,21100
TKU,20071106,26.1,27.4,24.8,26.7,20100
TKU,20071105,28.3,28.3,27,27.1,2200
TKU,20071102,29.1,29.6,28.7,29,16200
TKU,20071101,28.5,29.6,28.3,28.9,22300
TKU,20071031,30.2,30.2,27.7,28.8,12500
TKU,20071030,29.7,30.8,28.3,29.3,13900
TKU,20071029,30.9,31.7,29.6,30.3,14300
TKU,20071026,34.3,34.3,29.6,30.6,23100
TKU,20071025,33,33,30.9,31.3,25900
TKU,20071024,30.9,30.9,30,30.5,27000
TKU,20071023,30.9,31.7,29.1,30.3,14200
TKU,20071022,31,31.7,30.7,31,15100
TKU,20071019,27.4,30.9,27.4,29.7,24600
TKU,20071018,35.7,35.7,29.2,30.2,40300
TKU,20071017,32.8,32.8,30.9,32.6,89200
TKU,20071016,28.3,29.9,28.3,29.7,30200
TKU,20071015,27.4,27.4,26.5,27.1,27200
TKU,20071012,26.1,27,25.7,26.5,20200
TKU,20071011,25.7,26.5,25.2,25.9,19200
TKU,20071010,24.3,25.7,24.3,24.9,6200
TKU,20071009,25.7,25.7,24.3,24.7,14200
TKU,20071008,26.6,26.6,25.7,26.2,8500
TKU,20071005,28.3,28.3,25.7,26.6,10500
TKU,20071004,28.3,28.3,26.5,27.7,24000
TKU,20071003,28.6,28.6,27,27.4,12300
TKU,20071002,27.7,27.7,26.4,27,43900
TKU,20071001,24.7,25.7,24.7,25.1,23000
TKU,20070928,22.2,24.1,22.2,23.2,27200
TKU,20070927,22.2,23,22.2,22.3,10800
TKU,20070926,23,23,22.2,22.3,16600
TKU,20070925,21.8,22.6,21.7,22,22800
TKU,20070924,22.2,22.2,20.5,21.8,5700
TKU,20070921,22.2,22.2,22.2,22.2,200
TKU,20070920,21.3,22.2,21.1,21.4,4200
TKU,20070919,20.9,21.3,20.7,21,9600
TKU,20070918,20.4,21.1,20.4,20.4,3100
TKU,20070917,20.7,20.7,20.4,20.4,2600
TKU,20070914,20.9,21.3,20.9,21.2,1600
TKU,20070913,20.4,21.7,20.4,21.3,2700
TKU,20070912,23,23.5,22.2,22.8,10600
TKU,20070911,23,23,21.8,22.3,15400
TKU,20070910,21.1,21.3,20.9,21.1,4600
TKU,20070907,19.1,20.3,19.1,19.8,8700
TKU,20070906,19.1,19.2,19.1,19.1,2700
TKU,20070905,19.1,19.1,18.7,18.9,2600
TKU,20070904,18.7,18.7,18.7,18.7,8100
TKU,20070831,18.7,18.7,18.6,18.7,2100
TKU,20070830,18.7,18.7,18.3,18.6,4200
TKU,20070829,18.7,18.8,18.5,18.7,4000
TKU,20070828,18.9,18.9,18.7,18.7,2400
TKU,20070827,18.7,19.5,18.7,18.9,1400
TKU,20070824,18.7,18.7,18.7,18.7,100
TKU,20070823,18.7,18.7,18.7,18.7,3600
TKU,20070822,18.7,18.7,18.7,18.7,300
TKU,20070821,19.1,19.1,17.8,18.3,3900
TKU,20070820,19.6,19.7,19.2,19.6,3600
TKU,20070817,20.1,20.1,19.6,19.7,2300
TKU,20070816,20.4,20.4,19.6,20,5200
TKU,20070815,19.6,19.6,19.6,19.6,600
TKU,20070814,20,20,20,20,800
TKU,20070813,20,20,20,20,3200
TKU,20070810,21,21,20,21,2000
TKU,20070809,20,21.3,20,20.4,5400
TKU,20070808,19.7,19.9,19.6,19.7,8700
TKU,20070807,19.6,20,19.6,19.7,3400
TKU,20070806,19.8,19.8,19.4,19.6,1900
TKU,20070803,20,20.4,19.1,19.8,4300
TKU,20070802,21.5,21.5,20.4,20.7,13200
TKU,20070801,21.3,21.7,21.3,21.6,1700
TKU,20070731,21.3,21.3,21.3,21.3,600
TKU,20070730,21.4,21.4,21.1,21.3,1400
TKU,20070727,22.8,22.8,21.7,22.2,2600
TKU,20070726,23.7,23.7,21.7,22.9,7500
TKU,20070725,24.1,24.1,23.3,23.7,3400
TKU,20070724,23.9,24.1,23.6,23.9,5000
TKU,20070723,24.1,24.1,24.1,24.1,1900
TKU,20070720,24.3,24.3,24,24.1,5100
TKU,20070719,24.8,24.8,24.8,24.8,400
TKU,20070718,24.8,24.8,24.3,24.7,1300
TKU,20070717,24.3,24.8,23.9,24.3,2400
TKU,20070716,24.3,24.3,24.3,24.3,1000
TKU,20070713,24.8,24.8,24.8,24.8,3500
TKU,20070712,24.8,25.1,24.8,24.9,1000
TKU,20070711,23.9,25.7,23.9,25.4,6000
TKU,20070710,24.6,25.2,23.9,24.6,5600
TKU,20070709,26.5,26.5,24.3,24.6,9700
TKU,20070706,27.4,27.4,26.3,26.6,3000
TKU,20070705,27.8,27.8,27.4,27.6,300
TKU,20070704,28,28,28,28,300
TKU,20070703,28.1,28.1,27.7,27.9,2600
TKU,20070702,28.6,28.6,28.6,28.6,600
TKU,20070629,29.1,29.1,28.7,29,4200
TKU,20070628,29.3,29.3,28.7,28.9,5200
TKU,20070627,28.5,30,28.3,28.9,6600
TKU,20070626,28.3,28.7,28.3,28.5,5200
TKU,20070625,27.4,28.3,27.4,28.1,3600
TKU,20070622,27.8,27.8,27.4,27.5,2100
TKU,20070621,28.3,28.3,27.4,27.8,600
TKU,20070620,27.7,27.7,27.7,27.7,200
TKU,20070619,30.4,30.4,28.3,28.9,4900
TKU,20070618,27.1,29.9,27.1,29.2,6900
TKU,20070615,27.8,30.1,27.8,28.9,7800
TKU,20070614,27.4,27.4,27,27.3,9500
TKU,20070613,27.4,27.4,26.5,27,6800
TKU,20070612,28.7,28.7,27,27.3,3000
TKU,20070611,29,29.1,28.3,28.9,2500
TKU,20070608,29.1,29.3,28.3,28.6,4700
TKU,20070607,29.6,29.6,29.1,29.2,2500
TKU,20070606,29.1,29.6,29.1,29.2,1200
TKU,20070604,30.4,30.4,30,30.3,500
TKU,20070601,30.9,31.6,30,30.9,7500
TKU,20070531,30.9,30.9,30,30.7,5200
TKU,20070530,30.9,30.9,30.4,30.7,10900
TKU,20070529,32.2,32.2,30,30.6,12200
TKU,20070528,31.3,31.6,30.5,31.1,9500
TKU,20070525,30.9,30.9,30.4,30.5,1300
TKU,20070524,31.3,31.3,30.4,31.1,7000
TKU,20070523,30.9,31.6,29.1,31,9800
TKU,20070522,29.7,30.9,29.7,30.2,9900
TKU,20070521,30,30,29.6,29.7,7400
TKU,20070518,30,30,29.6,29.9,3000
TKU,20070517,29.4,29.8,29.4,29.6,2900
TKU,20070516,29.1,30.4,29.1,29.7,2700
TKU,20070515,30.9,30.9,30.9,30.9,1000
TKU,20070514,31.3,31.4,30.9,31.1,6800
TKU,20070511,31.3,31.3,29.2,31,4700
TKU,20070509,31.7,31.7,31.3,31.5,6800
TKU,20070508,31.7,31.7,31.2,31.6,12300
TKU,20070507,30,31.1,30,30.9,3300
TKU,20070504,30.4,30.9,29.9,30.2,9000
TKU,20070503,30.9,30.9,29.7,30.2,4700
TKU,20070502,31.7,32.6,30.9,31.3,5300
TKU,20070425,29.1,30.9,29.1,30.1,8100
TKU,20070424,29.1,30.4,29.1,29.5,4100
TKU,20070423,30.1,30.1,28.9,29.3,6000
TKU,20070420,33.4,33.4,30.9,31.8,10500
TKU,20070419,30.3,30.3,30.3,30.3,9700
TKU,20070418,27.6,30.3,26.5,27.4,9800
TKU,20070417,27,28.7,26.7,27.5,13200
TKU,20070416,31.7,31.7,29.5,29.7,13500
TKU,20070413,31.7,34.3,31.7,32.9,10500
TKU,20070412,34.3,34.3,32.6,33.4,6200
TKU,20070411,35.2,35.7,34.9,35.3,7200
TKU,20070410,37.4,37.4,36.1,36.7,1300
TKU,20070409,37.8,38.5,37,37.7,3800
TKU,20070406,38.7,39.1,35,37.4,8500
TKU,20070405,40,40,38.7,39,4600
TKU,20070404,37.8,40.4,37.8,38.9,10300
TKU,20070403,39.1,40.6,37.8,38.4,4000
TKU,20070402,45,45.2,39.6,41.9,14100
TKU,20070330,43.1,45,41.2,42.3,22000
TKU,20070329,40.9,41.1,40.9,41.1,12500
TKU,20070328,34.1,40.9,33.6,37.3,25500
TKU,20070327,37.8,37.8,37.3,37.4,4100
TKU,20070326,43.9,43.9,39.4,41.6,11800
TKU,20070323,41.3,44.8,41.3,43.8,25300
TKU,20070322,44.8,44.8,42.6,43.6,31000
TKU,20070321,48.1,48.1,43.9,45.3,19500
TKU,20070320,46.5,50.9,46.5,48.8,11700
TKU,20070319,50.4,50.4,47.4,49,29400
TKU,20070319,50.4,50.4,47.4,49,29400
TKU,20070316,41.4,50,41.4,47.3,19600
TKU,20070315,46.1,46.1,46.1,46.1,7300
TKU,20070314,54.2,55.2,48.7,51.3,33200
TKU,20070313,50,55.6,50,54.2,67600
TKU,20070312,50.7,50.7,47.4,50.4,38200
TKU,20070309,44.8,46.6,43,46,58100
TKU,20070308,45.7,46.5,44.8,45.6,68400
TKU,20070307,47.2,48.3,46.5,47.2,27200
TKU,20070306,49.9,50.9,45.2,47.2,34400
