<Ticker>,<DTYYYYMMDD>,<Open>,<High>,<Low>,<Close>,<Volume>
TNC,20100729,19.9,21,19.5,20.3,229730
TNC,20100728,20.5,20.9,20,20,378180
TNC,20100727,22,22,20.9,21,267890
TNC,20100726,21.5,22.2,21,21.9,736820
TNC,20100723,22.1,22.1,21.2,21.2,297680
TNC,20100722,21.8,22.6,21.7,21.9,1377310
TNC,20100721,21.6,21.6,21.6,21.6,349590
TNC,20100720,20.6,20.6,20.6,20.6,213540
TNC,20100719,19.1,19.7,19,19.7,558820
TNC,20100716,18.7,19.1,18.5,18.8,245150
TNC,20100715,18.7,19,18.7,18.7,157910
TNC,20100714,19.5,19.5,18.7,19,75580
TNC,20100713,18.8,19.4,18.8,19.3,104820
TNC,20100712,18.4,18.8,18.1,18.5,177750
TNC,20100709,18.3,18.6,18.3,18.4,126940
TNC,20100708,18.8,18.9,18.4,18.4,142680
TNC,20100707,19.6,19.6,18.5,18.5,195970
TNC,20100706,19.4,19.8,19,19.3,441580
TNC,20100705,18.3,19.2,18.3,19.2,285740
TNC,20100702,18.5,18.5,17.7,18.3,158530
TNC,20100701,18,18.5,17.8,17.8,154820
TNC,20100630,18.2,18.4,18,18.1,310460
TNC,20100629,19.5,19.5,18.8,18.9,223770
TNC,20100628,19.3,19.3,18.7,19,184680
TNC,20100625,19,19.6,18.7,19.1,378020
TNC,20100624,19.1,19.8,18.9,19.5,1015250
TNC,20100623,18.7,19.4,18.4,18.9,592760
TNC,20100622,19,19.8,18.6,18.9,393950
TNC,20100621,19,19.7,18.8,19.3,316430
TNC,20100618,20.1,20.1,19,19.2,1302500
TNC,20100617,19.2,19.2,19.2,19.2,359330
TNC,20100616,17.5,18.3,17.5,18.3,584850
TNC,20100615,17.4,17.7,17.1,17.5,225200
TNC,20100614,16.8,17.6,16.8,17.6,373090
TNC,20100611,17.5,17.6,16.8,16.8,153700
TNC,20100610,16.5,17.2,16.4,17.2,198500
TNC,20100609,16.9,16.9,16.3,16.4,165930
TNC,20100608,16.4,16.5,16.1,16.3,101020
TNC,20100607,16.7,17,16.6,16.6,140220
TNC,20100604,18.1,18.1,17.4,17.4,234810
TNC,20100603,17.8,18.5,17.5,18.3,903970
TNC,20100602,16.8,17.7,16.8,17.7,481810
TNC,20100601,16.2,17,16.2,16.9,85120
TNC,20100531,16.5,16.9,16.3,16.9,233630
TNC,20100528,16.4,16.4,16,16.4,249950
TNC,20100527,15.9,15.9,15.5,15.7,103780
TNC,20100526,15.7,15.8,15.1,15.6,125690
TNC,20100525,15,15.6,14.8,15.1,67610
TNC,20100524,15.8,15.8,14.8,15,80980
TNC,20100521,15.1,15.4,15.1,15.1,112050
TNC,20100520,15.1,15.8,15,15.8,105530
TNC,20100519,16,16.4,15.6,15.6,155050
TNC,20100518,16.5,16.5,16.2,16.4,154300
TNC,20100517,16.9,16.9,16.3,16.8,130320
TNC,20100514,17.2,17.2,16.7,17.1,49300
TNC,20100513,17,17.2,16.5,16.9,241340
TNC,20100512,17.4,17.4,16.6,16.6,526460
TNC,20100511,17.8,17.8,17.3,17.4,431600
TNC,20100510,18,18,17.5,17.5,265040
TNC,20100507,19,19,18.2,18.4,679710
TNC,20100506,19.1,19.1,18.7,19.1,823750
TNC,20100505,18.2,18.2,18,18.2,599920
TNC,20100504,17.4,17.4,17.2,17.4,383820
TNC,20100429,16.4,16.6,16.3,16.6,329330
TNC,20100428,16,16.2,15.9,15.9,125390
TNC,20100427,16.5,16.5,16.1,16.2,119800
TNC,20100426,16.1,16.2,15.8,16,155180
TNC,20100422,16,16.4,15.8,15.8,204310
TNC,20100421,16.2,16.2,15.8,16,226360
TNC,20100420,15.7,16.2,15.7,16.2,151740
TNC,20100419,16,16.1,15.6,15.7,163270
TNC,20100416,15.9,16.2,15.7,16.1,442700
TNC,20100415,15,15.4,14.7,15.4,183150
TNC,20100414,14.7,14.9,14.5,14.7,71200
TNC,20100413,15,15.1,14.8,14.9,84300
TNC,20100412,16.4,16.4,15.3,15.3,221140
TNC,20100409,15.9,15.9,15.7,15.9,814560
TNC,20100408,15.1,15.1,15.1,15.1,122560
TNC,20100407,14,14.4,13.9,14.4,136099
TNC,20100406,14,14.2,13.7,13.7,55350
TNC,20100405,13.9,14,13.9,14,51700
TNC,20100402,13.7,14,13.7,13.7,80080
TNC,20100401,13.6,13.7,13.5,13.7,46920
TNC,20100331,13.7,13.7,13.4,13.6,38410
TNC,20100330,13.7,13.8,13.5,13.5,48140
TNC,20100329,13.5,13.7,13.5,13.7,25010
TNC,20100326,13.6,14,13.5,13.7,34480
TNC,20100325,14.1,14.1,13.5,13.7,34250
TNC,20100324,13.9,14.1,13.7,14.1,47070
TNC,20100323,13.6,14,13.5,13.5,48560
TNC,20100322,13.9,14.1,13.6,13.6,38320
TNC,20100319,14.2,14.3,14.1,14.1,28000
TNC,20100318,14.1,14.2,13.7,14.1,53160
TNC,20100317,14.1,14.5,13.7,13.8,51820
TNC,20100316,14.4,14.6,14.1,14.1,80800
TNC,20100315,15,15,14.7,14.7,88460
TNC,20100312,14.5,15,14.5,14.7,76540
TNC,20100311,15.5,15.5,14.8,15,129120
TNC,20100310,15.2,15.5,14.9,15.5,288220
TNC,20100309,14.6,14.9,14.4,14.9,265740
TNC,20100308,13.8,14.2,13.7,14.2,264410
TNC,20100305,13.4,13.5,13.3,13.5,73210
TNC,20100304,13.4,13.5,13.2,13.3,49510
TNC,20100303,13.2,13.2,13,13.2,39610
TNC,20100302,13,13.1,13,13.1,21490
TNC,20100301,13,13.2,13,13,17290
TNC,20100226,12.9,13,12.8,12.8,22840
TNC,20100225,13,13.1,12.9,12.9,3640
TNC,20100224,12.8,13,12.8,13,17010
TNC,20100223,13.2,13.2,12.7,12.8,20300
TNC,20100222,13.4,13.4,13,13,16880
TNC,20100212,13.1,13.3,13,13.3,43360
TNC,20100211,13,13,12.8,13,26400
TNC,20100210,13.2,13.2,12.7,12.8,13250
TNC,20100209,12.8,13,12.7,12.7,17810
TNC,20100208,13,13.1,12.9,13,16460
TNC,20100205,13.1,13.3,12.9,13,36800
TNC,20100204,13.2,13.5,13.1,13.3,53320
TNC,20100203,13.3,13.3,13,13.1,15720
TNC,20100202,13.4,13.4,13,13.2,11810
TNC,20100201,13,13.1,12.9,13,17280
TNC,20100129,12.8,13,12.8,12.9,27170
TNC,20100128,13,13,12.5,12.8,29390
TNC,20100127,12.5,13.2,12.5,12.8,62260
TNC,20100126,13.1,13.2,13,13.2,45030
TNC,20100125,12.8,12.8,12.2,12.6,28610
TNC,20100122,11.9,12.7,11.9,12.5,36880
TNC,20100121,13,13,12.3,12.3,76470
TNC,20100120,14,14,13,13,21810
TNC,20100119,13,13.7,13,13.7,56760
TNC,20100118,13.5,13.5,13,13,47660
TNC,20100115,13.6,14.2,13.6,13.6,58730
TNC,20100114,14.1,14.2,13.4,13.8,61390
TNC,20100113,13.6,14,13.5,13.8,86310
TNC,20100112,14.4,14.5,14.2,14.2,52230
TNC,20100111,14.6,15,14.4,14.9,34690
TNC,20100108,14.9,14.9,14.8,14.9,252120
TNC,20100107,14,14.8,13.9,14.2,209990
TNC,20100106,14.7,14.7,14,14.1,76050
TNC,20100105,14.7,14.7,14.4,14.6,76040
TNC,20100104,14,14,13.9,14,28230
TNC,20091231,13.5,13.7,13.2,13.3,118790
TNC,20091230,12.7,13,12.7,13,48930
TNC,20091229,12.6,13,12.6,12.7,43400
TNC,20091228,12.8,13.1,12.8,12.8,42210
TNC,20091225,12.9,13.2,12.9,13.2,91230
TNC,20091224,12.3,12.6,12,12.6,77940
TNC,20091223,12.3,12.5,12.2,12.4,17730
TNC,20091222,12.9,13,12.4,12.4,44790
TNC,20091221,12.8,12.9,12.3,12.9,76970
TNC,20091218,11.9,12.3,11.9,12.3,33080
TNC,20091217,12.1,12.1,11.6,11.7,33160
TNC,20091216,12.3,12.3,11.9,11.9,64190
TNC,20091215,13,13,12.5,12.5,24480
TNC,20091214,12.3,12.9,12.3,12.8,78160
TNC,20091211,12.9,12.9,12.3,12.3,45250
TNC,20091210,12.6,12.9,12.2,12.9,96440
TNC,20091209,13.4,13.4,12.8,12.8,90320
TNC,20091208,13.9,13.9,13.5,13.5,37190
TNC,20091207,14,14,13.7,13.9,25830
TNC,20091204,14.2,14.2,13.8,14,63730
TNC,20091203,14,14.5,13.5,14,39460
TNC,20091202,14.8,14.8,14.1,14.1,81000
TNC,20091201,14.8,15.2,14.8,14.8,46840
TNC,20091130,14.7,15.1,14.5,14.8,59010
TNC,20091127,13.1,14.5,13.1,14.5,124340
TNC,20091126,14.2,14.2,13.8,13.8,122950
TNC,20091125,15.4,15.4,14.4,14.5,152900
TNC,20091124,14.9,15.6,14.9,15.2,163680
TNC,20091123,15.5,15.8,14.9,14.9,72740
TNC,20091120,15.7,15.9,15.5,15.5,89850
TNC,20091119,15.8,15.9,15.5,15.8,150740
TNC,20091118,15.8,15.9,15.5,15.8,75410
TNC,20091117,15.9,15.9,15.5,15.8,118560
TNC,20091116,15.9,16,15.5,15.5,48790
TNC,20091113,15.7,16.1,15.5,15.8,169540
TNC,20091112,15.7,15.8,15.4,15.8,216520
TNC,20091111,14.5,15,14.5,15,132860
TNC,20091110,15.1,15.3,14.3,14.3,161770
TNC,20091109,15.4,15.5,15.1,15.1,91510
TNC,20091106,16.2,16.2,15.9,15.9,260090
TNC,20091105,15.4,15.4,15.1,15.4,87510
TNC,20091104,14.4,15.7,14.2,14.7,262700
TNC,20091103,15,15.5,15,15,227190
TNC,20091102,16,16,15.8,15.8,215720
TNC,20091030,16.6,16.6,16.3,16.6,276780
TNC,20091029,15.8,16,15.8,15.8,290670
TNC,20091028,16.9,17.4,16.5,16.6,424320
TNC,20091027,17.4,17.4,17.4,17.4,113510
TNC,20091026,19,19.5,18.3,18.3,258020
TNC,20091023,19.7,19.7,19.3,19.3,1372480
TNC,20091022,18.8,18.8,18.8,18.8,458860
TNC,20091021,17.9,17.9,17.5,17.9,951520
TNC,20091020,17,17,17,17,410350
TNC,20091019,15.9,16.2,15.8,16.2,594130
TNC,20091016,15.4,15.9,15.2,15.4,342010
TNC,20091015,15.8,15.8,15.4,15.4,198260
TNC,20091014,14.8,15.5,14.8,15.5,239320
TNC,20091013,15.2,15.3,14.7,14.8,126330
TNC,20091012,15,15.3,15,15.2,213370
TNC,20091009,14.9,15.2,14.8,15,179090
TNC,20091008,15.2,15.2,14.9,14.9,50370
TNC,20091007,15.4,15.4,14.9,15.1,95810
TNC,20091006,15.1,15.2,14.7,14.7,48520
TNC,20091005,14.6,15,14.5,14.9,56280
TNC,20091002,14.8,15.3,14.5,14.5,111810
TNC,20091001,15.7,15.7,15.3,15.3,100480
TNC,20090930,15,15.7,15,15.7,198100
TNC,20090929,15,15.5,15,15.3,149930
TNC,20090928,15.6,15.6,15,15,109810
TNC,20090925,15,15.2,14.9,15,88870
TNC,20090924,15.3,15.3,15,15,95400
TNC,20090923,15.3,15.5,15.3,15.3,175340
TNC,20090922,15.5,15.6,15.2,15.3,128870
TNC,20090921,15.7,16,15.5,15.6,195360
TNC,20090918,15.7,16.2,15.7,15.8,186340
TNC,20090917,15.9,16.2,15.5,15.8,168990
TNC,20090916,16.4,16.4,15.9,15.9,154630
TNC,20090915,15.7,16.4,15.3,16.4,366080
TNC,20090914,16.8,16.8,15.9,16,465860
TNC,20090911,16.1,16.1,16.1,16.1,248420
TNC,20090910,14.9,15.3,14.5,15.3,183180
TNC,20090909,14.8,14.9,14.5,14.6,83450
TNC,20090908,14.7,14.9,14.5,14.7,81560
TNC,20090907,14.5,14.9,14.3,14.5,70400
TNC,20090904,15.3,15.5,14.6,14.9,122000
TNC,20090903,14.8,15.1,14.6,15,122610
TNC,20090901,15.3,15.5,15.2,15.3,69070
TNC,20090831,15.7,15.7,15.4,15.6,177510
TNC,20090828,15.3,15.5,15.2,15.5,159880
TNC,20090827,15.4,15.5,15,15.3,104980
TNC,20090826,15.4,15.8,15.4,15.4,88590
TNC,20090825,16,16,15.3,15.4,159400
TNC,20090824,15.3,15.4,15.3,15.4,157410
TNC,20090821,15.4,15.5,14.7,14.7,179940
TNC,20090820,15.4,15.5,15,15.1,108970
TNC,20090819,15.4,15.4,15,15.2,174410
TNC,20090818,14.7,15.3,14.7,15,98760
TNC,20090817,15.4,16,15.4,15.4,219020
TNC,20090814,16.2,16.5,15.8,16.2,336940
TNC,20090813,16.2,16.2,15.6,16.2,488690
TNC,20090812,15.4,15.4,15.2,15.4,450020
TNC,20090811,14.7,14.7,14.7,14.7,213570
TNC,20090810,13.7,14.2,13.7,14,80730
TNC,20090807,13.9,13.9,13.4,13.8,47710
TNC,20090806,13.5,13.9,13.3,13.3,86530
TNC,20090805,13,13.4,13,13.3,24200
TNC,20090804,13.7,13.7,13.1,13.4,85130
TNC,20090803,13.7,13.7,13.1,13.2,77800
TNC,20090731,13.5,14.1,13,13.5,128260
TNC,20090730,13.2,13.5,13.1,13.4,46700
TNC,20090729,14,14,13.6,13.8,86890
TNC,20090728,14,14.3,13.8,14.2,94230
TNC,20090727,14.1,14.4,13.8,14.4,275140
TNC,20090724,13.7,13.7,13.7,13.7,59590
TNC,20090723,12.4,13,12.4,13,22710
TNC,20090722,12.5,12.9,12.5,12.6,26420
TNC,20090721,12.4,12.9,12.4,12.5,52830
TNC,20090720,12.6,12.6,12.2,12.4,43130
TNC,20090717,13,13,12.8,12.8,41930
TNC,20090716,13.2,13.2,13.2,13.2,70680
TNC,20090715,12.5,12.8,12.5,12.6,36840
TNC,20090714,12.4,12.4,12,12.2,45520
TNC,20090713,12.7,13,12.3,12.3,47050
TNC,20090710,13.4,13.4,12.7,12.7,59020
TNC,20090709,13.5,13.6,13.3,13.4,43990
TNC,20090708,13,13.5,13,13.3,25370
TNC,20090707,13.9,14,13.3,13.3,70010
TNC,20090706,13.6,13.9,13.5,13.9,56470
TNC,20090703,12.3,13.2,12.3,13.2,64980
TNC,20090702,12,12.9,12,12.7,84790
TNC,20090701,12.5,12.5,12.3,12.3,95290
TNC,20090630,13.8,13.8,12.9,12.9,80920
TNC,20090629,14,14,13.6,13.6,42970
TNC,20090626,14,14.1,13.7,13.7,71950
TNC,20090625,14.3,15,14,14,101710
TNC,20090624,14,14.7,14,14.7,326650
TNC,20090623,14,14,14,14,46190
TNC,20090622,15,15,14.7,14.7,98830
TNC,20090619,15.8,15.8,15.3,15.5,152850
TNC,20090618,15,15,14.8,15,144140
TNC,20090617,14.3,14.4,14.3,14.3,335710
TNC,20090616,15.1,15.1,15.1,15.1,79810
TNC,20090615,15.9,16,15.9,15.9,234640
TNC,20090612,17.6,18,16.7,16.7,415540
TNC,20090611,16.5,17.6,16.5,17.6,574140
TNC,20090610,16.8,16.8,16.8,16.8,172770
TNC,20090609,17.9,18.6,17.7,17.7,666440
TNC,20090608,18.6,18.6,18.1,18.6,375290
TNC,20090605,17.7,17.7,17.7,17.7,284960
TNC,20090604,16.9,16.9,16.6,16.9,383390
TNC,20090603,15.8,16.1,15.5,16.1,959110
TNC,20090602,15.3,15.3,15.3,15.3,220770
TNC,20090601,14.5,14.6,14.4,14.6,181820
TNC,20090529,14.3,14.3,13.2,13.9,149180
TNC,20090528,13.2,13.7,13.1,13.7,220719
TNC,20090527,14,14.2,13.7,13.8,255940
TNC,20090526,14.6,14.8,14,14.4,229890
TNC,20090525,14.5,14.6,14.3,14.6,260940
TNC,20090522,13.9,14.1,13.9,13.9,281280
TNC,20090521,14.6,15.1,14.6,14.6,443520
TNC,20090520,14.5,15.8,14.5,15.3,399440
TNC,20090519,15.3,15.3,14.7,15.3,512020
TNC,20090518,14.6,14.6,13.9,14.6,849170
TNC,20090515,13.9,13.9,13.9,13.9,199990
TNC,20090514,13.2,13.2,13.2,13.2,395620
TNC,20090513,12.6,12.6,12.6,12.6,131170
TNC,20090512,12,12,12,12,182150
TNC,20090511,11.4,11.4,11,11.4,293730
TNC,20090508,10.4,11,10.2,10.9,244170
TNC,20090507,10.5,10.5,10.4,10.5,259380
TNC,20090506,10.5,10.9,10,10,302240
TNC,20090505,10.5,10.5,10.5,10.5,70530
TNC,20090504,10,10,10,10,24970
TNC,20090429,9.5,9.5,9.3,9.5,167570
TNC,20090428,9,9,9,9,25000
TNC,20090427,8.5,8.6,8.5,8.6,41050
TNC,20090424,8.4,8.5,8.2,8.2,54880
TNC,20090423,8.4,8.9,8.4,8.4,62980
TNC,20090422,8.6,8.9,8.4,8.5,96240
TNC,20090421,8.7,8.7,8.7,8.7,41700
TNC,20090420,9.2,9.2,9.2,9.2,27120
TNC,20090417,10,10,9.7,9.7,113110
TNC,20090416,10.7,10.7,10.2,10.2,141730
TNC,20090415,10.9,11,10.7,10.7,136330
TNC,20090414,11.2,11.3,10.3,11.3,227800
TNC,20090413,10.8,10.8,10.8,10.8,58500
TNC,20090410,10.3,10.3,10.1,10.3,115370
TNC,20090409,10,10,9.3,9.8,102470
TNC,20090408,9.9,10.2,9.6,9.7,241280
TNC,20090407,9.5,9.7,9,9.7,151270
TNC,20090403,9.2,9.2,8.4,9.2,202530
TNC,20090402,8.7,8.8,8.5,8.8,128510
TNC,20090401,8.2,8.4,8.1,8.4,123440
TNC,20090331,8.1,8.4,8,8,137090
TNC,20090330,7.9,8.3,7.6,8.3,296080
TNC,20090327,7.9,7.9,7.9,7.9,45440
TNC,20090326,7.5,7.5,7.5,7.5,30490
TNC,20090325,7.1,7.1,7.1,7.1,103890
TNC,20090324,6.8,6.8,6.8,6.8,107970
TNC,20090323,6.5,6.5,6.4,6.5,167580
TNC,20090320,5.9,6.2,5.8,6.2,75950
TNC,20090319,6.3,6.3,5.9,5.9,25450
TNC,20090318,6.2,6.2,6,6.2,67110
TNC,20090317,5.7,5.9,5.7,5.9,28500
TNC,20090316,5.7,5.7,5.4,5.7,22480
TNC,20090313,5.9,5.9,5.5,5.6,13200
TNC,20090312,5.7,5.9,5.7,5.7,20450
TNC,20090311,6.2,6.2,6,6,13560
TNC,20090310,5.7,5.9,5.7,5.9,26210
TNC,20090309,5.5,5.7,5.4,5.7,4240
TNC,20090306,5.5,5.5,5.4,5.5,18490
TNC,20090305,5.2,5.3,5.2,5.3,17340
TNC,20090304,5.1,5.2,5.1,5.2,5220
TNC,20090303,5.4,5.4,5.1,5.1,37290
TNC,20090302,4.9,5.4,4.9,5.4,4520
TNC,20090227,5,5.2,5,5.2,23700
TNC,20090226,5,5,4.9,4.9,5900
TNC,20090225,4.7,5,4.7,5,29580
TNC,20090224,4.8,4.8,4.8,4.8,9660
TNC,20090223,5.4,5.4,5.1,5.1,20050
TNC,20090220,5.1,5.4,5.1,5.4,3900
TNC,20090219,5.7,5.7,5.3,5.3,11810
TNC,20090218,5.8,5.8,5.6,5.6,8750
TNC,20090217,5.9,5.9,5.7,5.9,13210
TNC,20090216,6,6,5.9,5.9,3310
TNC,20090213,6,6.2,6,6,16680
TNC,20090212,6,6,5.9,6,4420
TNC,20090211,6,6,5.8,6,7250
TNC,20090210,6,6.1,5.9,6.1,6770
TNC,20090209,5.9,6.2,5.9,6.2,33850
TNC,20090206,6,6,5.6,5.9,7700
TNC,20090205,6.1,6.1,5.8,5.8,33400
TNC,20090204,6,6.5,5.9,6.1,16190
TNC,20090203,6.4,6.4,6.2,6.2,9350
TNC,20090202,6.3,7.1,6.3,6.4,8200
TNC,20090123,6.8,6.9,6.4,6.7,5910
TNC,20090122,7,7,6.8,6.8,5010
TNC,20090121,6.8,6.8,6.7,6.7,3570
TNC,20090120,6.7,6.8,6.5,6.8,7180
TNC,20090119,6.8,6.8,6.6,6.6,13960
TNC,20090116,7.2,7.2,6.8,6.8,7910
TNC,20090115,6.9,7,6.8,6.9,8030
TNC,20090114,7.3,7.3,7,7.1,9250
TNC,20090113,7,7.3,6.9,7,8400
TNC,20090112,7.2,7.2,7,7,17950
TNC,20090109,7.2,7.5,7.2,7.2,13010
TNC,20090108,7.5,7.7,7.3,7.5,41990
TNC,20090107,7.5,7.5,7.5,7.5,22610
TNC,20090106,7.1,7.1,7.1,7.1,40760
TNC,20090105,6.7,6.8,6.6,6.7,5310
TNC,20090102,6.8,7.1,6.5,6.6,13000
TNC,20081231,7,7.1,6.8,6.9,15730
TNC,20081230,6.5,6.9,6.5,6.8,17580
TNC,20081229,6.3,6.6,6.3,6.6,21590
TNC,20081226,6.2,6.3,6.2,6.3,28180
TNC,20081225,6.3,6.3,6,6,18310
TNC,20081224,6.3,6.5,6.2,6.3,13380
TNC,20081223,6.6,6.7,6.3,6.5,16950
TNC,20081222,6.8,7,6.6,6.6,12650
TNC,20081219,6.9,7.1,6.8,7,10210
TNC,20081218,6.9,7.1,6.8,7.1,19520
TNC,20081217,6.7,7.1,6.7,7.1,12060
TNC,20081216,7.3,7.3,7.1,7.1,23490
TNC,20081215,7.8,7.8,7.5,7.5,11950
TNC,20081212,7.7,7.8,7.4,7.8,18310
TNC,20081211,7.9,7.9,7.7,7.7,5550
TNC,20081210,7.7,7.9,7.7,7.9,6290
TNC,20081209,8.2,8.2,7.8,8,19330
TNC,20081208,7.9,8,7.7,8,53200
TNC,20081205,7.3,7.7,7.3,7.7,23440
TNC,20081204,7.7,7.7,7.3,7.3,22750
TNC,20081203,7.7,7.7,7.7,7.7,26700
TNC,20081202,8.1,8.1,8.1,8.1,9030
TNC,20081201,8.5,8.5,8.2,8.5,13220
TNC,20081128,8.5,8.5,8.2,8.5,20440
TNC,20081127,8.1,8.4,8,8.1,9240
TNC,20081126,8.2,8.3,8.2,8.2,9400
TNC,20081125,8.3,8.7,8.3,8.3,23840
TNC,20081124,8.5,8.7,8.2,8.5,5100
TNC,20081124,8.5,8.7,8.2,8.5,5100
TNC,20081121,8.7,8.7,8.2,8.7,17430
TNC,20081120,9,9,8.5,8.5,31300
TNC,20081119,9,9.1,8.8,9,14610
TNC,20081118,9,9.2,8.8,9,8990
TNC,20081117,9.3,9.3,9,9.3,24570
TNC,20081114,9.2,9.5,9,9.2,29070
TNC,20081113,9,9.2,9,9,10500
TNC,20081112,8.9,9.5,8.9,9,11030
TNC,20081111,9.1,9.4,9,9.1,12220
TNC,20081110,9.4,9.8,9.4,9.4,30530
TNC,20081107,9.8,9.9,9.8,9.8,30710
TNC,20081106,10.3,10.9,10.2,10.3,27150
TNC,20081105,10.7,10.7,10.7,10.7,66720
TNC,20081104,10.2,10.2,9.3,10.2,66450
TNC,20081103,9.7,10,9.7,9.7,20530
TNC,20081031,10,10,9.8,10,27970
TNC,20081030,9.8,9.8,9.3,9.8,60160
TNC,20081029,9.3,9.3,8.8,9.3,64470
TNC,20081028,8.8,8.8,8.3,8.8,41890
TNC,20081027,8.8,8.8,8.8,8.8,20880
TNC,20081024,9.3,9.7,9.2,9.3,38090
TNC,20081023,9.7,9.9,9.5,9.7,29990
TNC,20081022,9.9,10.2,9.9,9.9,34410
TNC,20081021,10.3,10.7,10.1,10.3,57910
TNC,20081020,10.6,10.6,10.5,10.5,32940
TNC,20081017,11.1,11.5,10.9,11.1,84690
TNC,20081016,11.5,11.5,11.5,11.5,34500
TNC,20081015,12.1,12.9,12.1,12.1,96350
TNC,20081014,12.4,12.4,12.4,12.4,310
TNC,20081013,11.8,11.8,11.3,11.8,59440
TNC,20081010,11.2,11.7,11.2,11.2,79870
TNC,20081009,11.9,12.1,11.5,11.8,67840
TNC,20081008,11.7,11.9,11.5,11.5,73170
TNC,20081007,12.1,12.1,12.1,12.1,51920
TNC,20081006,13,13.5,12.8,12.8,48370
TNC,20081003,13.5,14.1,13.5,13.5,30800
TNC,20081002,14.1,14.2,13.8,14,29320
TNC,20081001,13.7,13.7,12.9,13.6,56090
TNC,20080930,13,13,13,13,8220
TNC,20080929,13.8,14.2,13.6,13.7,46090
TNC,20080926,14.5,14.5,13.9,14.3,118420
TNC,20080925,13.5,13.8,13.3,13.8,74730
TNC,20080924,13.4,13.7,13.1,13.1,53430
TNC,20080923,13,14.2,13,13.7,142660
TNC,20080922,13.7,13.7,13.7,13.7,21600
TNC,20080919,13,13,13,13,54300
TNC,20080918,12.4,12.4,12.4,12.4,125460
TNC,20080917,13.1,13.1,13.1,13.1,44760
TNC,20080916,13.8,13.8,13.8,13.8,109920
TNC,20080915,14.5,16.1,14.5,14.5,140250
TNC,20080912,15.3,15.3,15.3,15.3,43790
TNC,20080911,16.1,16.1,16.1,16.1,38710
TNC,20080910,17,17.6,17,17,181230
TNC,20080909,18.9,18.9,17.9,17.9,109910
TNC,20080908,18.9,18.9,17.3,18.9,272770
TNC,20080905,18.2,18.2,17.7,18.2,301750
TNC,20080904,17.3,17.3,16.7,17.3,372280
TNC,20080903,16.5,16.5,16.5,16.5,69320
TNC,20080829,14.9,15.7,14.9,15.7,142700
TNC,20080828,16.5,16.5,15.7,15.7,233070
TNC,20080827,16.5,16.5,16.2,16.5,348490
TNC,20080826,15.7,15.7,15.7,15.7,56100
TNC,20080825,14.9,14.9,14.9,14.9,122910
TNC,20080822,14.5,14.5,13.9,14.2,206600
TNC,20080821,13.1,13.8,13.1,13.8,80190
TNC,20080820,13.1,13.7,13.1,13.1,88350
TNC,20080819,14.5,14.5,13.8,13.8,111370
TNC,20080818,14.6,14.7,14,14.5,116210
TNC,20080815,14,14,14,14,82910
TNC,20080814,12.8,13.6,12.8,13.6,113050
TNC,20080813,12.9,13.5,12.8,13.2,56680
TNC,20080812,13.5,13.5,12.7,13.2,77340
TNC,20080811,13.1,13.1,12.9,13.1,66780
TNC,20080808,12.5,12.7,12.5,12.7,16990
TNC,20080807,13,13,12.2,13,131590
TNC,20080806,12.2,13,12.2,13,131590
TNC,20080805,12.6,12.6,12.6,12.6,2300
TNC,20080804,13,13,13,13,6400
TNC,20080801,13.5,13.7,13.4,13.4,108030
TNC,20080731,13.8,14.2,13.8,13.8,55860
TNC,20080730,14.8,14.8,14.1,14.2,150710
TNC,20080729,14.5,14.5,14.5,14.5,30290
TNC,20080728,13.3,14.1,13.3,14.1,344230
TNC,20080725,13.7,13.7,13.7,13.7,5090
TNC,20080724,14.1,14.1,14.1,14.1,14310
TNC,20080723,14.5,14.5,14.5,14.5,1600
TNC,20080722,14.9,14.9,14.9,14.9,1500
TNC,20080721,15.4,15.4,15.4,15.4,4570
TNC,20080718,15.9,16.5,15.9,15.9,202360
TNC,20080717,16.4,16.4,16.4,16.4,111600
TNC,20080716,15.9,15.9,14.9,15.9,367030
TNC,20080715,15.4,15.4,15.4,15.4,12310
TNC,20080714,15,15,15,15,63810
TNC,20080711,14.6,14.6,14.6,14.6,54410
TNC,20080710,14.2,14.2,14.2,14.2,99570
TNC,20080709,13.7,13.8,13.4,13.8,177300
TNC,20080708,12.6,13.4,12.6,13.4,126050
TNC,20080707,13.8,13.8,13,13,119330
TNC,20080704,13.4,13.4,13.4,13.4,10870
TNC,20080703,13,13,13,13,8130
TNC,20080702,12.6,12.6,12.4,12.6,84460
TNC,20080701,12.2,12.2,12.2,12.2,22820
TNC,20080630,11.9,11.9,11.8,11.9,20010
TNC,20080627,11.6,12.1,11.6,11.6,41670
TNC,20080626,12.6,12.6,11.8,11.8,47410
TNC,20080625,12.2,12.2,12.2,12.2,28660
TNC,20080624,11.9,11.9,11.9,11.9,38260
TNC,20080623,11.6,12.2,11.6,11.6,59010
TNC,20080620,11.9,11.9,11.9,11.9,3760
TNC,20080619,12.3,12.3,12.3,12.3,16510
TNC,20080618,12.7,12.7,12.7,12.7,113620
TNC,20080617,12.9,12.9,12.9,12.9,4000
TNC,20080616,12.7,12.7,12.7,12.7,51930
TNC,20080613,12.3,12.5,12.3,12.5,60020
TNC,20080612,12.3,12.3,12.3,12.3,54960
TNC,20080611,12.1,12.1,12.1,12.1,77940
TNC,20080610,11.5,11.9,11.5,11.9,38080
TNC,20080609,11.7,11.7,11.7,11.7,1030
TNC,20080606,11.9,11.9,11.9,11.9,10
TNC,20080605,12.1,12.1,12.1,12.1,10
TNC,20080604,12.3,12.3,12.3,12.3,1090
TNC,20080603,12.5,12.5,12.5,12.5,210
TNC,20080602,12.7,12.7,12.7,12.7,1330
TNC,20080530,12.9,12.9,12.9,12.9,3800
TNC,20080526,13.1,13.1,13.1,13.1,850
TNC,20080522,13.5,13.5,13.5,13.5,2560
TNC,20080521,13.8,13.8,13.8,13.8,210
TNC,20080520,14.1,14.1,14.1,14.1,4280
TNC,20080519,14.4,14.4,14.4,14.4,15840
TNC,20080516,14.7,14.7,14.7,14.7,20410
TNC,20080515,15,15,15,15,1310
TNC,20080514,15.3,15.3,15.3,15.3,3100
TNC,20080513,15.6,15.6,15.6,15.6,4200
TNC,20080512,15.9,15.9,15.9,15.9,510
TNC,20080509,16.2,16.2,16.2,16.2,1800
TNC,20080508,16.5,16.5,16.5,16.5,1700
TNC,20080507,16.8,16.8,16.8,16.8,3100
TNC,20080506,17.1,17.1,17.1,17.1,15420
TNC,20080505,17.4,17.9,17.4,17.4,34890
TNC,20080429,18,18.1,17.7,17.7,35770
TNC,20080428,17.7,17.9,17.5,17.9,42370
TNC,20080425,17.7,17.7,17.6,17.7,10650
TNC,20080424,17.6,18,17.6,17.8,28570
TNC,20080423,18.3,18.3,17.9,18,43540
TNC,20080422,17.9,18.3,17.8,18.3,65920
TNC,20080421,17.3,17.9,17.3,17.9,54740
TNC,20080418,17.7,17.7,17.4,17.6,29780
TNC,20080417,16.8,17.4,16.8,17.4,54640
TNC,20080416,17.1,17.1,17.1,17.1,25510
TNC,20080411,17.4,17.4,17.4,17.4,18860
TNC,20080410,17.8,17.8,17.8,17.8,17320
TNC,20080409,18.3,18.3,18,18.2,55510
TNC,20080408,18,18,17.7,18,128530
TNC,20080407,17.7,17.7,17.7,17.7,4940
TNC,20080404,17.3,17.4,17.3,17.4,2050
TNC,20080403,17.3,17.3,17.3,17.3,26010
TNC,20080402,17.2,17.2,17.2,17.2,10
TNC,20080401,17.1,17.1,17.1,17.1,1860
TNC,20080331,17,17,17,17,5250
TNC,20080328,16.9,16.9,16.9,16.9,4710
TNC,20080327,16.8,16.8,16.8,16.8,2100
TNC,20080326,16.4,16.7,16.3,16.7,96770
TNC,20080325,15.8,16.2,15.8,15.8,69600
TNC,20080324,16.7,16.8,16.7,16.7,59840
TNC,20080321,18.1,18.2,17.6,17.6,66670
TNC,20080320,18.4,18.8,18.3,18.3,44590
TNC,20080319,18.3,19.3,18.3,18.3,75140
TNC,20080318,18.3,18.3,18.3,18.3,45630
TNC,20080317,19.3,19.5,19.3,19.3,63120
TNC,20080314,20.3,20.6,20,20.4,38570
TNC,20080313,21,21.3,20.6,20.6,35060
TNC,20080312,20.3,21.6,20.3,20.8,23040
TNC,20080311,21.3,21.3,20.6,20.6,79670
TNC,20080310,23,23,21.8,21.8,124460
TNC,20080307,21.8,21.8,21.8,21.8,10350
TNC,20080306,20.7,20.7,20.7,20.7,71850
TNC,20080305,19.7,19.7,19.7,19.7,53890
TNC,20080304,20.8,20.9,20.8,20.8,74210
TNC,20080303,22.8,22.8,22,22,89790
TNC,20080229,23.5,23.5,22.8,23.2,54670
TNC,20080228,24,24.1,23.5,23.5,87570
TNC,20080227,23.4,24.4,23.4,23.7,74950
TNC,20080226,25.3,25.3,23.2,23.2,107860
TNC,20080225,24.5,24.5,24.4,24.5,54690
TNC,20080222,21.6,23.3,21.6,23.3,162510
TNC,20080221,22.9,22.9,22.8,22.8,132860
TNC,20080220,25.3,25.3,24.1,24.1,68620
TNC,20080219,24.3,25.3,24.3,25.3,60600
TNC,20080218,25.6,25.7,25,25,103160
TNC,20080215,26.9,27,26.3,26.4,38600
TNC,20080214,27,27.8,27,27.2,68010
TNC,20080213,27.4,27.4,27.1,27.2,46650
TNC,20080212,29.3,29.8,27.8,28.6,52010
TNC,20080201,28.3,29.3,28.3,29.3,61610
TNC,20080131,28.3,28.3,26.8,27.8,65380
TNC,20080130,27.7,27.8,27.6,27.8,68490
TNC,20080129,24.9,26.4,24.8,26.4,51950
TNC,20080128,25.5,25.7,25.2,25.2,28560
TNC,20080125,24.8,25.8,24.8,25.6,36810
TNC,20080124,26.7,26.8,25.6,25.6,48000
TNC,20080123,26.8,26.8,25.9,25.9,87870
TNC,20080122,26.8,27.3,26.8,27.3,50590
TNC,20080121,28.2,28.2,28,28,19950
TNC,20080118,27.8,28.6,27.8,28.6,45830
TNC,20080117,28.9,29.5,27.8,27.9,93140
TNC,20080116,28.3,28.3,27.8,28.3,28990
TNC,20080115,27.3,27.8,26.9,26.9,95320
TNC,20080114,29.6,29.6,28.4,28.4,8220
TNC,20080111,29.8,30.3,29.8,30,3360
TNC,20080110,30.6,30.6,29.3,29.3,6720
TNC,20080109,32,32.4,30.8,30.8,18230
TNC,20080108,32.3,33,31.9,32,29530
TNC,20080107,32.9,32.9,31.8,31.9,7930
TNC,20080104,33.3,33.3,32.9,33.3,30380
TNC,20080103,34.6,34.6,33.8,33.8,27930
TNC,20080102,34.8,34.8,34.5,34.6,36320
TNC,20071228,34.1,34.3,33.8,34.3,68260
TNC,20071227,33.3,34.1,33.3,33.6,49370
TNC,20071226,34.3,34.3,33.3,33.3,35450
TNC,20071225,33.6,33.6,33.1,33.1,21150
TNC,20071224,33.9,34.3,33.6,33.7,50910
TNC,20071221,34.3,34.3,34,34,47290
TNC,20071220,35.6,35.6,34.1,34.3,37810
TNC,20071219,34.8,34.8,34.4,34.8,95280
TNC,20071218,33.8,33.8,33.3,33.8,33550
TNC,20071217,34,34.6,33.8,33.8,43770
TNC,20071214,34.7,34.8,34.7,34.7,31920
TNC,20071213,34.9,35.4,34.9,35,17710
TNC,20071212,34.8,35.9,34.4,35.7,64020
TNC,20071211,35.8,35.8,34.8,34.8,78060
TNC,20071210,36,36.7,36,36,37720
TNC,20071207,36.8,36.8,35.8,36.8,94880
TNC,20071206,35.6,37.3,35.6,36.8,46530
TNC,20071205,37.5,37.5,37.3,37.4,27740
TNC,20071204,37.7,37.7,37.5,37.5,51910
TNC,20071203,37.6,37.8,37.6,37.6,32230
TNC,20071130,37.6,37.8,37.6,37.6,64610
TNC,20071129,37.8,37.8,37.6,37.8,61330
TNC,20071128,37.6,38,37.6,37.8,149360
TNC,20071127,38.6,38.7,37.6,37.6,60470
TNC,20071126,37.6,37.8,37.6,37.6,86090
TNC,20071123,37.8,37.8,37.3,37.6,34250
TNC,20071122,37.3,38.3,37.1,37.8,113800
TNC,20071121,37.8,37.8,37.2,37.3,51330
TNC,20071120,38.4,38.5,37.9,37.9,86860
TNC,20071119,38.8,38.8,38.3,38.5,27110
TNC,20071116,38.4,38.8,37.9,38.8,35180
TNC,20071115,39.4,39.6,38.8,38.8,87800
TNC,20071114,38.8,39.4,38.6,39.4,209630
TNC,20071113,38.8,39.3,37.5,37.5,115180
TNC,20071112,39.8,40.8,39.5,39.5,104730
TNC,20071109,40.8,41.4,40.7,40.7,53600
TNC,20071108,41.7,41.8,41.3,41.6,55080
TNC,20071107,42.3,42.3,41.4,41.8,126910
TNC,20071106,41.6,41.8,41,41,113150
TNC,20071105,42.8,43.4,42.4,42.8,95670
TNC,20071102,44.3,44.8,43.8,44,109160
TNC,20071101,44.8,45.2,44.5,44.5,122390
TNC,20071031,45,45.7,44.9,45,153710
TNC,20071030,44.8,46.7,44.8,45.8,120090
TNC,20071029,47.8,47.8,46.3,46.8,216700
TNC,20071026,46.8,46.8,45.8,45.8,153770
TNC,20071025,46.8,46.8,45.8,46.2,170440
TNC,20071024,44.8,45.8,44.8,45.8,198070
TNC,20071023,46.3,46.3,45.5,45.5,172180
TNC,20071022,45.1,45.8,45,45.7,166910
TNC,20071019,45.8,46.8,45.8,46.1,120340
TNC,20071018,47.3,47.8,46.8,46.8,140930
TNC,20071017,48.7,48.7,47.8,47.8,234710
TNC,20071016,46.9,47.8,46.9,47.8,177860
TNC,20071015,46.8,47.3,46.7,46.9,142020
TNC,20071012,47.3,47.8,46.8,47.3,94080
TNC,20071011,48.3,48.3,47.7,47.8,157910
TNC,20071010,48.7,49,47.8,48.3,160450
TNC,20071009,48.3,48.7,47.8,48.3,158290
TNC,20071008,48.3,48.7,47.8,47.8,183310
TNC,20071005,47.8,49,47.8,48.3,177450
TNC,20071004,49.5,50,49,49,367880
TNC,20071003,51.5,51.5,50,51.5,535810
TNC,20071002,49,49,47.8,49,671850
TNC,20071001,47.1,47.1,47.1,47.1,289690
TNC,20070928,43.8,44.8,43.6,44.8,381570
TNC,20070927,43.8,43.8,43.6,43.6,108410
TNC,20070926,44.8,45.3,44.3,44.3,156010
TNC,20070925,44.3,45.3,43.8,44.8,216100
TNC,20070924,43.6,43.8,43.4,43.8,141800
TNC,20070921,44.2,44.8,43.8,43.8,94000
TNC,20070920,44.3,44.3,43.8,44.2,119500
TNC,20070919,44.8,44.8,44.3,44.7,67540
TNC,20070918,42.9,43.8,42.9,43.6,115240
TNC,20070917,44.3,44.5,44.3,44.3,35480
TNC,20070914,44.6,44.8,44.3,44.6,42400
TNC,20070913,44.6,45.3,44.6,44.6,95940
TNC,20070912,44.9,44.9,44.7,44.7,70980
TNC,20070911,44.8,45.8,44.6,45,83368
TNC,20070910,45.8,46.3,45.7,45.8,62770
TNC,20070907,46.8,46.8,45.7,46.7,169670
TNC,20070906,45.3,45.8,44.8,44.9,105570
TNC,20070905,46.8,46.8,46.3,46.3,132070
TNC,20070904,48.3,48.7,47.8,47.8,132380
TNC,20070831,47.8,47.8,46.8,47.8,237860
TNC,20070830,46.8,48.7,46.3,46.8,295860
TNC,20070829,48.7,48.7,44,48.7,824980
TNC,20070828,46.4,46.4,46.4,46.4,10970
TNC,20070827,44.1,44.1,44.1,44.1,167100
TNC,20070824,41.9,41.9,41.9,41.9,404010
TNC,20070823,39.8,39.8,39.8,39.8,455590
TNC,20070822,37.8,37.8,37.8,37.8,98380
