<Ticker>,<DTYYYYMMDD>,<Open>,<High>,<Low>,<Close>,<Volume>
VNINDEX,20100729,488.92,492.92,488.92,491.11,37473610
VNINDEX,20100728,497.4,497.86,491,491,46860230
VNINDEX,20100727,499.03,501.86,497.67,497.67,43165440
VNINDEX,20100726,501.2,501.92,498.1,498.1,42462460
VNINDEX,20100723,502.79,502.87,499.73,500.31,39663900
VNINDEX,20100722,503.13,503.62,500.04,500.28,50035310
VNINDEX,20100721,507.16,507.27,505.35,505.4,50043350
VNINDEX,20100720,507.04,507.25,505.23,506.56,47750100
VNINDEX,20100719,504.25,506.84,503.22,506.84,43413230
VNINDEX,20100716,505.47,507.12,504.17,506.21,46030761
VNINDEX,20100715,505.84,507.63,505.01,505.19,42691750
VNINDEX,20100714,512.22,512.81,507.34,507.34,53204782
VNINDEX,20100713,505.42,509.86,502.58,509.08,47025120
VNINDEX,20100712,499.83,500.39,497.16,499.93,36909330
VNINDEX,20100709,499.05,501.11,498.96,499.46,30833270
VNINDEX,20100708,502.06,502.2,498.55,498.55,42417910
VNINDEX,20100707,502.5,503.84,496.91,496.91,46412640
VNINDEX,20100706,505.75,505.75,500.7,500.82,52536630
VNINDEX,20100705,505.67,507.08,504.54,506.55,39624790
VNINDEX,20100702,505.15,505.55,502.5,503.65,42321910
VNINDEX,20100701,504.11,506.61,503.65,504.02,47259000
VNINDEX,20100630,501.19,507.14,501.06,507.14,59174620
VNINDEX,20100629,509.84,511.37,509.46,510.71,46606670
VNINDEX,20100628,505.37,507.71,505.26,507.28,48064122
VNINDEX,20100625,506.06,509.57,505.12,505.12,52234380
VNINDEX,20100624,513.57,514.95,511.67,511.67,53136004
VNINDEX,20100623,510.27,514.4,508.84,512.82,49290470
VNINDEX,20100622,513.23,515.39,511.31,512.63,78391183
VNINDEX,20100621,515.08,515.76,513.95,514.75,48628810
VNINDEX,20100618,511.93,514.04,509.35,511.18,63450680
VNINDEX,20100617,510.3,511.16,508.36,510.76,53974341
VNINDEX,20100616,510.35,513.07,510.35,510.72,51048770
VNINDEX,20100615,509.3,510.18,506.5,508.01,48883200
VNINDEX,20100614,506.55,509.35,506.31,508.32,46151857
VNINDEX,20100611,505.07,506.75,504.29,504.29,44680287
VNINDEX,20100610,497,500.61,495.4,500.51,33459880
VNINDEX,20100609,500.12,502.53,497.24,497.56,34335880
VNINDEX,20100608,494.08,497.95,493.2,497.19,38514395
VNINDEX,20100607,498.94,502.18,494.98,496.89,52053780
VNINDEX,20100604,511.85,513,508.75,510.37,52556030
VNINDEX,20100603,516.15,516.22,511.16,511.16,51115800
VNINDEX,20100602,505.18,511.1,504.79,510.74,40664020
VNINDEX,20100601,505.18,509.13,503.65,508.68,37922440
VNINDEX,20100531,510.54,513.44,506.32,507.44,44805060
VNINDEX,20100528,509.47,513.34,506.43,512.99,58907130
VNINDEX,20100527,491.63,497.16,489.75,497.16,41762860
VNINDEX,20100526,491.45,492.69,488.29,492.69,41376638
VNINDEX,20100525,484.8,490.33,482.86,486.25,43968232
VNINDEX,20100524,485.1,489.62,479.56,486.19,44276560
VNINDEX,20100521,487.76,490.3,482.16,483.69,61056850
VNINDEX,20100520,481.8,503.55,481.68,503.55,59955090
VNINDEX,20100519,503.66,504.57,494.9,494.9,60055530
VNINDEX,20100518,510.49,510.75,505.13,508.3,45372210
VNINDEX,20100517,521.3,521.67,509.5,511.27,55104790
VNINDEX,20100514,522.92,523.48,519.98,520.72,45564920
VNINDEX,20100513,521.93,524.2,516.11,518.93,60289134
VNINDEX,20100512,527.52,527.52,519.6,519.6,69351180
VNINDEX,20100511,537.85,539.93,532.72,534.36,69188620
VNINDEX,20100510,541.49,541.49,532.4,534.38,82677650
VNINDEX,20100507,548.22,548.22,536.51,542.03,112499930
VNINDEX,20100506,549.19,551.4,547.02,549.51,81308670
VNINDEX,20100505,548.75,551.39,546.13,548.01,86715530
VNINDEX,20100504,544.52,550.61,544.52,549.12,89163845
VNINDEX,20100429,541.44,542.74,541.19,542.37,74876770
VNINDEX,20100428,536.08,539.83,536.08,539.2,60975825
VNINDEX,20100427,532.58,536.23,531.57,535.72,57598220
VNINDEX,20100426,531.69,535.41,531.21,531.21,69629440
VNINDEX,20100422,521.9,534.53,521.9,529.31,79844420
VNINDEX,20100421,517.54,520.2,517.54,519.7,56681462
VNINDEX,20100420,517.36,519.72,515.2,515.2,58669731
VNINDEX,20100419,521.35,521.69,516.74,516.74,61099410
VNINDEX,20100416,523.72,523.99,521.53,522.03,63134340
VNINDEX,20100415,521.01,521.49,518.39,521.49,53709980
VNINDEX,20100414,518.57,518.74,515.81,516.21,45147510
VNINDEX,20100413,521.04,523.23,517.98,517.98,53748790
VNINDEX,20100412,522.12,523.16,519.5,519.93,54415750
VNINDEX,20100409,517.06,519.61,516.4,517.42,63625540
VNINDEX,20100408,515.72,519.4,514.74,515.93,55889890
VNINDEX,20100407,516.21,517.26,512.54,515.82,51478309
VNINDEX,20100406,517.48,520.31,515.33,515.33,68800540
VNINDEX,20100405,514.17,516.27,513.45,514.79,44730523
VNINDEX,20100402,510.38,513.1,508.54,510.48,43467240
VNINDEX,20100401,500.31,508.91,499.99,508.18,53668560
VNINDEX,20100331,501.85,504,499.24,499.24,52760980
VNINDEX,20100330,504.71,506.29,500.72,500.72,59878245
VNINDEX,20100329,506.7,509.15,504.05,505.67,37746780
VNINDEX,20100326,505.51,506.4,501.64,505.3,63114940
VNINDEX,20100325,507.85,508.83,502.16,503.39,52073140
VNINDEX,20100324,511.05,512.87,508.75,512.12,46053462
VNINDEX,20100323,512.21,513.07,506.53,506.53,45893776
VNINDEX,20100322,515.71,517.79,511.58,511.58,42563460
VNINDEX,20100319,520.14,521.22,515.99,515.99,54358110
VNINDEX,20100318,515.24,519.73,510.47,519.73,46310500
VNINDEX,20100317,519.9,520.14,510.85,510.85,51314910
VNINDEX,20100316,526.06,529.55,516.08,516.08,67290930
VNINDEX,20100315,538.01,538.01,531.55,531.86,56566901
VNINDEX,20100312,528.9,531.51,526.7,531.51,55970844
VNINDEX,20100311,526.93,529.53,524.37,524.64,52454020
VNINDEX,20100310,526.28,529.63,522.81,525.67,57896340
VNINDEX,20100309,520.75,527.3,520.13,527.27,62409322
VNINDEX,20100308,517,522.83,517,521.12,55969400
VNINDEX,20100305,512.72,514.47,509.61,513.39,45559810
VNINDEX,20100304,510.93,516.77,510.93,511.91,50962670
VNINDEX,20100303,505.04,507.32,501.96,507.32,37832170
VNINDEX,20100302,503.98,505.59,500.08,501,43299633
VNINDEX,20100301,502.57,505.34,502.43,503.01,35077030
VNINDEX,20100226,494.31,496.91,491.97,496.91,39282900
VNINDEX,20100225,497.5,500.24,493.73,494.99,28382040
VNINDEX,20100224,492.89,494.85,490.21,494.59,27433180
VNINDEX,20100223,504.52,504.52,496.29,496.29,27077620
VNINDEX,20100222,513.19,513.19,507.93,510.02,21164860
VNINDEX,20100212,505.34,508.72,504.78,507,23326560
VNINDEX,20100211,492.99,499.97,491.86,499.94,21908280
VNINDEX,20100210,486.86,491.17,486.86,490.91,19694380
VNINDEX,20100209,486.97,488.77,482.38,482.89,25212680
VNINDEX,20100208,488.86,491.65,487.72,491.2,21676150
VNINDEX,20100205,495.67,501.06,491.05,493.04,33687560
VNINDEX,20100204,496.25,504.35,496.02,503.83,36959440
VNINDEX,20100203,490.32,495.85,490.12,495.48,26569470
VNINDEX,20100202,489.62,490.86,486.24,487.93,27408325
VNINDEX,20100201,482.93,486.95,481.84,486.95,23137630
VNINDEX,20100129,481.49,484.15,477.11,481.96,26562490
VNINDEX,20100128,484.67,487.81,481.47,481.76,23072731
VNINDEX,20100127,496.86,498.2,486.41,486.41,33819450
VNINDEX,20100126,490.12,497.9,490.12,497.9,33761820
VNINDEX,20100125,476.75,481.04,476.75,480.91,21334030
VNINDEX,20100122,474.1,481.69,471.85,477.59,30075943
VNINDEX,20100121,481.97,489.47,477.8,478.42,41822396
VNINDEX,20100120,498.73,499.15,489.5,489.5,35904200
VNINDEX,20100119,489.84,498.1,489.77,495.51,33635079
VNINDEX,20100118,499.08,499.24,487.13,487.13,41419140
VNINDEX,20100115,509.19,512.63,503.29,505.42,37129780
VNINDEX,20100114,516.44,517.72,509.25,512.33,36054780
VNINDEX,20100113,495.72,508.61,485.75,508.61,55048159
VNINDEX,20100112,511.24,516.75,498.31,498.31,52738440
VNINDEX,20100111,522.78,524.06,512.15,515.06,44775500
VNINDEX,20100108,540.95,544.49,520.9,520.9,84715340
VNINDEX,20100107,536.78,540.77,530.68,533.34,75683500
VNINDEX,20100106,529.47,538.84,526.37,534.46,67363510
VNINDEX,20100105,529.23,539.39,529.23,532.53,70051390
VNINDEX,20100104,501.74,517.05,501.74,517.05,44914820
VNINDEX,20091231,502.84,504.84,494.77,494.77,70456188
VNINDEX,20091230,484.25,495.36,483.07,495.36,56437345
VNINDEX,20091229,487.56,493.67,483.76,484.45,71783680
VNINDEX,20091228,490.68,499.02,485.76,492.57,50081324
VNINDEX,20091225,487.92,495.76,487.19,495.08,53657520
VNINDEX,20091224,469.21,479.13,464.39,479.13,51977282
VNINDEX,20091223,464.13,471.35,463.33,470.75,41078860
VNINDEX,20091222,468.03,470.93,462.87,465.24,48112530
VNINDEX,20091221,457.08,460.99,452.55,460.99,35198780
VNINDEX,20091218,440.88,449.55,440.88,443.34,53776517
VNINDEX,20091217,432.42,436.41,427.06,434.87,39943137
VNINDEX,20091216,452.17,452.17,440.2,442.1,37041810
VNINDEX,20091215,458.44,463.42,454.84,459.44,29644339
VNINDEX,20091214,449.25,460.8,447.89,458.39,45702080
VNINDEX,20091211,450.6,452.52,442.61,444.16,39319410
VNINDEX,20091210,474.55,474.55,458.65,458.72,38058240
VNINDEX,20091209,473.31,474.58,468.4,470.63,46174540
VNINDEX,20091208,494.64,495.95,485.56,488.47,33726403
VNINDEX,20091207,495.43,498.61,491.56,498.61,27771120
VNINDEX,20091204,499.87,499.98,493.41,494.96,34840750
VNINDEX,20091203,494.61,502.14,485.59,494.8,42459160
VNINDEX,20091202,507.47,514.83,499.14,499.14,53487010
VNINDEX,20091201,513.42,518.32,512.15,514.92,43289446
VNINDEX,20091130,494.12,506.66,494.12,504.12,38530730
VNINDEX,20091127,464.72,503.13,461.48,490.62,68755676
VNINDEX,20091126,495.6,495.6,479.38,482.6,40270450
VNINDEX,20091125,519.74,519.74,503.24,503.41,66959578
VNINDEX,20091124,535.59,538.79,526.93,527.13,45876390
VNINDEX,20091123,551.92,553.4,537.29,537.29,50338134
VNINDEX,20091120,558.49,562.28,554.21,555.84,53203630
VNINDEX,20091119,556.72,562.64,553.1,560.05,62587700
VNINDEX,20091118,547.17,553.83,543.96,553.83,51773270
VNINDEX,20091117,549.18,550.13,543.61,547.08,50979407
VNINDEX,20091116,550.97,554.54,545.7,545.7,47988707
VNINDEX,20091113,540.64,549.22,536.9,548.21,48500300
VNINDEX,20091112,541.36,550.78,540.58,545.98,49997870
VNINDEX,20091111,526.29,537.59,523.05,537.59,43956394
VNINDEX,20091110,534.78,535.71,520,524.4,52487083
VNINDEX,20091109,544.91,547.28,534.09,534.09,47711940
VNINDEX,20091106,565.7,569.71,554.88,554.88,61060710
VNINDEX,20091105,545.59,556.57,542.31,555.54,57330030
VNINDEX,20091104,537.82,550.29,533.23,537.53,60280777
VNINDEX,20091103,557.05,557.05,539.46,539.65,64646863
VNINDEX,20091102,565.85,565.85,559.98,561.71,64747250
VNINDEX,20091030,590.85,594.73,583.75,587.12,67726680
VNINDEX,20091029,588.23,588.23,575.73,581.49,86782590
VNINDEX,20091028,602.97,604.82,596.34,599.86,70536896
VNINDEX,20091027,602.61,602.61,590.71,596.78,95583432
VNINDEX,20091026,615.58,623.71,608.26,609.34,86894570
VNINDEX,20091023,626.14,633.21,615.68,615.68,137060870
VNINDEX,20091022,619.53,625.02,619.05,624.1,98295560
VNINDEX,20091021,617.14,622.26,614.73,618.48,93970340
VNINDEX,20091020,615.27,617.08,613.62,616.58,91277203
VNINDEX,20091019,609.03,612.01,605.8,607.11,90071780
VNINDEX,20091016,616.44,619.52,609.54,609.54,123420200
VNINDEX,20091015,612.02,626.11,612.02,617.38,107208660
VNINDEX,20091014,590.84,605.65,590.84,605.65,85906910
VNINDEX,20091013,594.2,597.4,589.49,589.89,85582030
VNINDEX,20091012,588.68,595.69,587.11,594.3,76230227
VNINDEX,20091009,575.39,582.52,575.39,581.99,70092540
VNINDEX,20091008,570.46,571.84,566.04,571.84,52420940
VNINDEX,20091007,560.79,569.58,560.22,566.42,47369170
VNINDEX,20091006,554.08,557.08,550.49,552.03,44408020
VNINDEX,20091005,553.21,556.55,543.2,549,49972294
VNINDEX,20091002,552.97,556.16,544.32,549.73,77261520
VNINDEX,20091001,581.8,581.8,568.99,568.99,65332010
VNINDEX,20090930,583.16,586.26,578.32,580.9,75115730
VNINDEX,20090929,582.08,587.87,581.23,582.59,85019810
VNINDEX,20090928,585.83,590.91,582.02,582.02,75625920
VNINDEX,20090925,574.1,582.84,574.1,582.84,77639421
VNINDEX,20090924,576.83,583.64,572.16,574.78,72764590
VNINDEX,20090923,587.4,594.32,582.11,582.11,91822770
VNINDEX,20090922,578.64,585.51,577.87,582.85,75326020
VNINDEX,20090921,578.32,581.01,577.96,577.97,69185309
VNINDEX,20090918,561.66,571.01,561.66,571.01,65821290
VNINDEX,20090917,559.35,564.23,553.2,561.19,76594990
VNINDEX,20090916,560.46,562.49,556.98,556.98,68353962
VNINDEX,20090915,558.43,562.23,553.3,556.75,72346910
VNINDEX,20090914,551.7,559.71,551.7,556.59,65459728
VNINDEX,20090911,548.99,549.62,547.84,547.99,62998560
VNINDEX,20090910,535.52,541.9,535.39,540.19,52978000
VNINDEX,20090909,539.9,542,536.11,536.11,57251300
VNINDEX,20090908,529.96,538.59,529.76,537.81,49012802
VNINDEX,20090907,528.16,528.16,513.49,524.51,60731430
VNINDEX,20090904,543.01,544.31,528.49,528.49,78739740
VNINDEX,20090903,541,548.38,539.47,540.81,68053980
VNINDEX,20090901,545.05,549.59,542.41,547.69,73199010
VNINDEX,20090831,541.89,547.38,541.89,546.78,75091855
VNINDEX,20090828,533.61,536.53,530.66,536.53,58221550
VNINDEX,20090827,527.13,529.67,523.18,527.04,49975740
VNINDEX,20090826,529.97,532.74,525.95,525.95,55523980
VNINDEX,20090825,532.01,532.91,527.04,528.85,69579980
VNINDEX,20090824,522.15,528.84,522.15,528.2,58259220
VNINDEX,20090821,522.11,530.45,519.17,519.17,84118054
VNINDEX,20090820,513.84,515.24,510.4,513.9,62035220
VNINDEX,20090819,505,508.46,503.36,508.46,46798820
VNINDEX,20090818,496.79,501.63,495.46,499.69,48152400
VNINDEX,20090817,505.49,508.51,500.08,500.08,45755803
VNINDEX,20090814,503.7,509.27,502.65,506.99,57908370
VNINDEX,20090813,501.99,506.6,501.99,503.58,70352980
VNINDEX,20090812,498.76,501.57,496.8,497.16,64867880
VNINDEX,20090811,490.96,494.68,490.46,494.17,50875730
VNINDEX,20090810,485.92,492.33,483.68,491.2,48041320
VNINDEX,20090807,480.42,483.46,478.64,480.65,42233610
VNINDEX,20090806,481.61,490.99,481.27,481.44,60746652
VNINDEX,20090805,474.38,481.29,472.33,481.29,42205260
VNINDEX,20090804,475.09,477.61,472.64,476.59,46177430
VNINDEX,20090803,466.82,473.25,465.36,467.93,35106190
VNINDEX,20090731,457.55,466.76,457.55,466.76,38509410
VNINDEX,20090730,451.8,455.23,444.95,451.91,31547060
VNINDEX,20090729,464.39,470.23,458.04,458.04,36279130
VNINDEX,20090728,467.34,472.58,462.68,462.98,61307440
VNINDEX,20090727,462.25,470.19,460.22,469.71,62328050
VNINDEX,20090724,444.96,454.71,444.96,454.71,28537750
VNINDEX,20090723,417.65,434.2,417.21,434.2,25761312
VNINDEX,20090722,423.4,423.4,419.08,419.48,20854820
VNINDEX,20090721,412.97,418.22,412.23,416.43,26244050
VNINDEX,20090720,415.29,415.31,411.39,412.88,28742960
VNINDEX,20090717,431.94,431.94,427.75,428.67,25583480
VNINDEX,20090716,438.07,440.43,432.22,433.47,30058800
VNINDEX,20090715,424.1,430.78,424.1,427.05,23305328
VNINDEX,20090714,425.09,425.47,415.81,418.55,33262920
VNINDEX,20090713,435.83,435.83,426.67,426.67,29896750
VNINDEX,20090710,445.82,445.98,437.33,438.83,34190250
VNINDEX,20090709,450.12,452.08,445.43,446.4,27363890
VNINDEX,20090708,442.99,448.96,440.23,446.79,32749580
VNINDEX,20090707,450.48,455.4,446.93,447.63,47810900
VNINDEX,20090706,442.4,454.27,442.29,454.27,33622700
VNINDEX,20090703,425.11,435.44,425.11,435.44,28625090
VNINDEX,20090702,427.89,436.91,422.35,433.79,43036820
VNINDEX,20090701,439.58,439.58,429.46,430,45214360
VNINDEX,20090630,462.51,462.51,447.65,448.29,40279340
VNINDEX,20090629,461.99,465.99,459.69,460.42,28874240
VNINDEX,20090626,453.42,461.37,453.31,461.37,39118060
VNINDEX,20090625,471.37,471.37,453.28,453.76,52744360
VNINDEX,20090624,440.7,457.49,440.7,456.22,52651210
VNINDEX,20090623,442.46,442.46,437.44,438.55,31953870
VNINDEX,20090622,461.98,463.95,456.37,458.11,41624360
VNINDEX,20090619,485.82,486.87,472.11,475.22,50361725
VNINDEX,20090618,476.56,487.61,474.69,479.27,57232285
VNINDEX,20090617,465.32,472.47,455.78,472.47,68648658
VNINDEX,20090616,477.52,477.52,471.07,471.97,46310446
VNINDEX,20090615,506,506,487.27,493.52,75629273
VNINDEX,20090612,520.28,525.22,509.06,509.59,66355335
VNINDEX,20090611,499.68,514.38,499.68,511.27,64244517
VNINDEX,20090610,509.11,510.26,494.6,497.51,101774520
VNINDEX,20090609,503.65,514.73,503.65,512.46,78247140
VNINDEX,20090608,488.98,501.49,488.98,501.49,32667984
VNINDEX,20090605,464.66,479.16,464.66,478.72,47090715
VNINDEX,20090604,446.18,458.43,446.18,458.19,60644928
VNINDEX,20090603,443.22,447.33,442.55,444.79,57553550
VNINDEX,20090602,436.04,446.08,436.04,440.56,52800307
VNINDEX,20090601,418.75,427.63,418.44,426.43,42481456
VNINDEX,20090529,419.43,420.3,409,411.64,48050370
VNINDEX,20090528,421.88,421.9,414.68,415.45,57828314
VNINDEX,20090527,426.51,431.39,423.2,425.17,59289131
VNINDEX,20090526,425.08,429.92,423.96,425.03,54676120
VNINDEX,20090525,409.45,422.06,409.45,421.75,45666510
VNINDEX,20090522,408.26,410.34,400.93,404.58,71466220
VNINDEX,20090521,410.9,416.9,410.9,412.51,63698950
VNINDEX,20090520,402.37,412.21,402.37,410.38,60804030
VNINDEX,20090519,399.64,404.35,399.32,400.9,53879770
VNINDEX,20090518,390.36,395.44,390.36,390.85,50623890
VNINDEX,20090515,379.37,390.16,379.37,390.16,52784890
VNINDEX,20090514,372.49,376.75,368.06,376.75,52842140
VNINDEX,20090513,382.66,386.3,378.25,378.25,52426320
VNINDEX,20090512,374.11,382.05,371.12,381.97,45741667
VNINDEX,20090511,371.33,376.92,370.36,372.95,43655440
VNINDEX,20090508,363.92,370.68,363.92,366.22,49227450
VNINDEX,20090507,357.99,364.45,357.99,363.85,42056570
VNINDEX,20090506,357.2,357.51,348.83,350.14,78911147
VNINDEX,20090505,352.49,352.56,351.14,351.32,27645840
VNINDEX,20090504,336.31,336.64,336.31,336.64,14327044
VNINDEX,20090429,315.67,321.63,315.44,321.63,25852320
VNINDEX,20090428,311.1,315.71,310.44,315.71,22095960
VNINDEX,20090427,315.61,316.76,311.12,313.69,21540160
VNINDEX,20090424,308.62,309.9,304.49,309.9,28908610
VNINDEX,20090423,320.49,324.89,315.2,315.2,29046170
VNINDEX,20090422,313.87,323.88,313.87,321.86,54036834
VNINDEX,20090421,309.84,312.77,305,312.77,27131310
VNINDEX,20090420,319.21,319.62,318.85,318.89,18209594
VNINDEX,20090417,341.19,341.19,329.29,334.14,68401117
VNINDEX,20090416,346.19,346.19,339.71,343.88,45420472
VNINDEX,20090415,344.09,347.81,338.57,339.29,62248579
VNINDEX,20090414,344.19,347.77,339.18,347.07,53579649
VNINDEX,20090413,334.43,340.01,334.43,340.01,27902125
VNINDEX,20090410,323.73,325.89,323.73,325.05,30441476
VNINDEX,20090409,316.73,316.73,309.97,311.72,35578520
VNINDEX,20090408,316.65,328.45,313.39,313.76,55232550
VNINDEX,20090407,313.72,322.36,309.82,322.36,49335410
VNINDEX,20090403,306.61,310.28,306.61,310.28,42344420
VNINDEX,20090402,293.95,297.3,292.38,297.3,29418790
VNINDEX,20090401,282.07,289.52,282.07,289.52,22184330
VNINDEX,20090331,278.53,280.67,276.59,280.67,22958256
VNINDEX,20090330,281.6,287.09,281.06,282.38,26275270
VNINDEX,20090327,292.64,292.85,287.41,287.41,35641280
VNINDEX,20090326,285.25,286.25,283.27,286.25,26991360
VNINDEX,20090325,270.03,278.29,269.64,277.63,28352940
VNINDEX,20090324,271.17,271.36,269.52,270.62,24720570
VNINDEX,20090323,264.86,265.11,260.16,260.16,17349205
VNINDEX,20090320,264.76,269.9,264.76,266.62,16703660
VNINDEX,20090319,272.92,276.81,267.04,267.04,32727210
VNINDEX,20090318,272.7,273.39,272.42,273.39,28921500
VNINDEX,20090317,257.6,263.2,257.6,263.2,21997190
VNINDEX,20090316,252.68,254.56,252.45,254.56,12268055
VNINDEX,20090313,252.55,253.23,251.44,251.44,12864960
VNINDEX,20090312,251.87,254.42,249.76,251.01,19718130
VNINDEX,20090311,258.42,258.42,255.85,255.85,17790020
VNINDEX,20090310,249.71,251.88,248,251.88,12786660
VNINDEX,20090309,246.99,247.85,246.52,247.85,10551400
VNINDEX,20090306,244.6,245.7,243.76,245.7,7896840
VNINDEX,20090305,249.69,249.69,246.68,246.68,8667740
VNINDEX,20090304,243.07,245.37,242.92,244.36,7871150
VNINDEX,20090303,241.79,242.51,240.96,241.46,10103480
VNINDEX,20090302,244.23,247.74,244.23,247.66,8967340
VNINDEX,20090227,239.75,246.06,239.69,245.74,11333240
VNINDEX,20090226,241.78,242.76,237.88,242.53,13562610
VNINDEX,20090225,241.9,244.46,241.45,244.33,10042880
VNINDEX,20090224,236.57,236.7,234.66,235.5,11575260
VNINDEX,20090223,247.04,247.64,243.81,244.02,11348730
VNINDEX,20090220,252.42,252.57,250.54,252.57,8077500
VNINDEX,20090219,257.31,258.21,253.37,254.85,9552520
VNINDEX,20090218,255.18,256.74,254.2,255.09,11313350
VNINDEX,20090217,268.76,269.3,263.07,263.07,11431791
VNINDEX,20090216,274.86,274.91,272.07,272.31,5570310
VNINDEX,20090213,274.21,275.29,274.21,274.51,5615890
VNINDEX,20090212,275.37,277.83,275.37,276.09,8388820
VNINDEX,20090211,275.06,276.71,274.83,276.22,7743520
VNINDEX,20090210,282.82,283.15,281.6,282.02,6781120
VNINDEX,20090209,285.55,287.83,284.29,287.57,5770540
VNINDEX,20090206,279.74,281.63,277.06,281.63,7480020
VNINDEX,20090205,284.34,284.34,277.81,277.81,7580450
VNINDEX,20090204,286.83,290.99,286.11,286.11,5680880
VNINDEX,20090203,291.6,292.18,288.69,288.69,8200600
VNINDEX,20090202,301.12,301.3,297.52,297.52,5354530
VNINDEX,20090123,300.38,303.21,300.38,303.21,4618561
VNINDEX,20090122,300.68,302.29,300.68,301.12,4668830
VNINDEX,20090121,300.92,301.97,300.02,300.04,5233760
VNINDEX,20090120,303.11,303.53,302.74,302.86,5284560
VNINDEX,20090119,305.89,306.38,304.53,304.98,4745968
VNINDEX,20090116,305.72,307.1,305.04,306.12,7610310
VNINDEX,20090115,304.31,305.54,304.01,304.01,6367396
VNINDEX,20090114,306.14,310.33,306.14,307.98,8682995
VNINDEX,20090113,308.57,309.16,306.92,307.13,8641150
VNINDEX,20090112,311.22,312.65,310.33,312.18,6518820
VNINDEX,20090109,313.75,313.82,312.12,313.4,8480140
VNINDEX,20090108,315.92,318.79,313.04,314.15,14935770
VNINDEX,20090107,320.4,322.59,319.29,319.58,14748790
VNINDEX,20090106,312.91,315.02,312.88,314.04,12968870
VNINDEX,20090105,308.77,311.91,308.25,311.91,7922360
VNINDEX,20090102,312.49,313.34,312.18,313.34,5631050
VNINDEX,20081231,318.82,318.82,314.37,315.62,15718433
VNINDEX,20081230,310.61,316.32,310.29,316.32,15493001
VNINDEX,20081229,306.45,308.56,306.45,308.56,8526530
VNINDEX,20081226,300.91,304.46,300.46,304.46,10198975
VNINDEX,20081225,304.29,304.37,301.93,302.19,9323421
VNINDEX,20081224,298.78,304.05,298.66,304.05,12201840
VNINDEX,20081223,303.79,304.67,301.74,303.93,20276946
VNINDEX,20081222,314.36,314.76,310.05,310.05,16033920
VNINDEX,20081219,305.43,309.93,305.43,307.26,15594220
VNINDEX,20081218,301.34,305.56,300.28,305.56,12234210
VNINDEX,20081217,295.04,301.77,293.09,301.02,15397020
VNINDEX,20081216,305.65,305.65,296.21,296.42,12461820
VNINDEX,20081215,308.02,308.28,303.68,308.28,10441440
VNINDEX,20081212,295.51,299.54,295.25,299.54,12385740
VNINDEX,20081211,285.56,289.48,284.06,288.93,7696890
VNINDEX,20081210,290.05,290.22,286.85,286.85,9962570
VNINDEX,20081209,285.56,293.3,285.53,293.3,9373830
VNINDEX,20081208,291.83,292.36,287.9,288.69,14456310
VNINDEX,20081205,303.83,303.91,298.8,299.68,10279695
VNINDEX,20081204,306.44,310.85,306.44,308.6,10801810
VNINDEX,20081203,307.9,308.12,304.28,306.22,8915185
VNINDEX,20081202,305.95,307.93,305.87,307.45,8809070
VNINDEX,20081201,313.33,317.37,310.03,314.71,11219056
VNINDEX,20081128,311.36,314.74,311.36,314.74,12986005
VNINDEX,20081127,308.57,309.59,303.54,303.54,13269300
VNINDEX,20081126,318.19,318.2,311.74,311.74,11984380
VNINDEX,20081125,320.14,320.33,317.64,320.33,11341053
VNINDEX,20081124,322.79,322.79,317.93,317.93,13276450
VNINDEX,20081124,322.79,322.79,317.93,317.93,13276450
VNINDEX,20081121,315.5,322.35,315.23,318.96,17623362
VNINDEX,20081120,326.56,328.64,324.9,325.74,15718860
VNINDEX,20081119,342.93,342.93,336.89,336.89,10007660
VNINDEX,20081118,338.61,342,338.46,340.69,12103777
VNINDEX,20081117,346.89,348.93,345.05,345.05,10763200
VNINDEX,20081114,357.75,357.75,351.72,352.07,14138590
VNINDEX,20081113,334.51,347.57,334.51,346.24,16181371
VNINDEX,20081112,339.01,342.33,338.72,342.33,14907160
VNINDEX,20081111,355.5,356.54,351.36,351.71,15956839
VNINDEX,20081110,368.38,372.27,365.73,366,17056140
VNINDEX,20081107,366.25,371.65,364.99,365.97,17340510
VNINDEX,20081106,371.58,388.27,369.55,379.51,30349440
VNINDEX,20081105,377.79,377.83,376.99,377.83,16298380
VNINDEX,20081104,349.04,363.15,348.57,361.44,19519240
VNINDEX,20081103,347.73,351.1,343.74,348.64,17832160
VNINDEX,20081031,343.22,347.05,342.66,347.05,14576810
VNINDEX,20081030,330.29,337.14,328.2,336.57,17556020
VNINDEX,20081029,336.75,336.95,328.7,331.62,23316520
VNINDEX,20081028,313.63,322.8,313.63,322.8,18203730
VNINDEX,20081027,329.43,330.37,329.04,329.28,14722420
VNINDEX,20081024,346.51,348.25,345.11,345.11,13177310
VNINDEX,20081023,361.21,363.17,359.47,360.43,13528090
VNINDEX,20081022,369.88,374.91,369.88,374.91,13235320
VNINDEX,20081021,379.53,379.94,373.56,379.94,16993949
VNINDEX,20081020,377.2,377.99,370.75,370.8,12887880
VNINDEX,20081017,385.77,386.06,382.03,382.51,11687170
VNINDEX,20081016,380.44,388.42,380.44,384.61,18398450
VNINDEX,20081015,399.86,399.86,388.29,397.15,26619040
VNINDEX,20081014,381.94,389.33,381.94,389.33,9131570
VNINDEX,20081013,377.77,381.07,371.4,371.67,13693350
VNINDEX,20081010,379.1,381.9,378.66,379.06,16480920
VNINDEX,20081009,389.98,410.01,389.98,397.68,21421200
VNINDEX,20081008,397.2,402.37,396.88,401.33,17175130
VNINDEX,20081007,413.63,415.12,413.63,414.24,10699120
VNINDEX,20081006,436.7,437.37,432.12,433.71,14834570
VNINDEX,20081003,449.44,456.56,449.44,452.14,12305220
VNINDEX,20081002,466.11,466.93,454.17,460.25,15660708
VNINDEX,20081001,463.26,464.36,448.03,454.41,19830801
VNINDEX,20080930,457.26,457.26,456.58,456.7,4733900
VNINDEX,20080929,476.72,487.24,472.42,479,18940310
VNINDEX,20080926,490.26,490.26,475.67,483.81,22350940
VNINDEX,20080925,459.06,470.43,459.06,470.43,18078010
VNINDEX,20080924,461.19,465.62,454.55,455.05,14389170
VNINDEX,20080923,455.62,474.63,452.76,465.87,39624200
VNINDEX,20080922,459.64,459.87,459.57,459.86,14329043
VNINDEX,20080919,434.14,439.15,434.14,439.06,25527560
VNINDEX,20080918,417.24,419.28,416.88,419.28,12915997
VNINDEX,20080917,436.24,438.79,436.24,437.24,14452140
VNINDEX,20080916,466.16,466.16,455.95,455.95,17086287
VNINDEX,20080915,470.38,493.16,470.38,476.76,32647780
VNINDEX,20080912,477.36,479.45,475.14,476,15283550
VNINDEX,20080911,499.03,500.14,496.84,497.01,17121940
VNINDEX,20080910,530.01,530.25,508.69,514.45,28599235
VNINDEX,20080909,532.89,542.96,525.49,525.49,30074560
VNINDEX,20080908,527.84,536.1,526.03,532.71,36500220
VNINDEX,20080905,551.35,553.37,546.66,546.66,22718530
VNINDEX,20080904,556.61,558.62,549.71,558.56,31333300
VNINDEX,20080903,552.6,559.34,552.6,555.14,17560270
VNINDEX,20080829,533.1,539.1,531.37,539.1,33188360
VNINDEX,20080828,549.84,551.3,547.45,547.69,37141200
VNINDEX,20080827,568.91,575.71,561.85,561.85,33644550
VNINDEX,20080826,568.36,569.54,561.67,561.67,20199380
VNINDEX,20080825,544.75,548.72,542.89,548.25,22530010
VNINDEX,20080822,535.99,536.61,526.98,526.98,23323810
VNINDEX,20080821,512.54,525.98,510.69,525.98,25484250
VNINDEX,20080820,497.75,514.95,497.75,508.47,32386256
VNINDEX,20080819,520.51,520.51,506.76,511.53,34276630
VNINDEX,20080818,504.14,508.48,503.65,508.05,18829530
VNINDEX,20080815,488.81,489.18,488.69,488.94,10620110
VNINDEX,20080814,470.14,476.56,469.64,476.5,20704400
VNINDEX,20080813,460.28,465.17,457.31,464.01,21829240
VNINDEX,20080812,464.09,464.62,456.27,459.89,23086300
VNINDEX,20080811,454.87,455.08,454.04,454.8,15722360
VNINDEX,20080808,441.79,444.29,438.82,444.28,14905670
VNINDEX,20080807,446.85,446.87,438.83,438.83,17696680
VNINDEX,20080806,432.94,437.45,432.94,437.45,16667035
VNINDEX,20080805,429.78,430.26,428.63,430.26,10520550
VNINDEX,20080804,439.49,440.52,438.17,439.41,12542595
VNINDEX,20080801,447.37,449.86,446.48,447.11,12388450
VNINDEX,20080731,447.42,451.36,444.94,451.36,14074940
VNINDEX,20080730,448.39,448.81,442.83,448.27,21127346
VNINDEX,20080729,443.45,445.12,443.45,444.4,15815353
VNINDEX,20080728,426.23,434.64,425.94,434.64,16583590
VNINDEX,20080725,428.04,429.46,427.4,429.46,9229150
VNINDEX,20080724,435.73,440.99,434.01,435.79,23975400
VNINDEX,20080723,451.17,451.17,445.59,445.59,2023370
VNINDEX,20080722,461.31,461.31,457.88,457.88,2557990
VNINDEX,20080721,472.95,473.45,470.11,470.82,16055810
VNINDEX,20080718,480.09,487.4,480.09,483.05,27677815
VNINDEX,20080717,492.61,493.17,489.83,489.83,16079614
VNINDEX,20080716,486.74,486.74,476.52,486.53,38664790
VNINDEX,20080715,479.62,479.8,478.71,479.8,11716370
VNINDEX,20080714,466.31,467.94,465.39,467.94,10067220
VNINDEX,20080711,453.7,456.64,453.7,456.64,13612800
VNINDEX,20080710,444.26,446.6,443.95,446.6,14311500
VNINDEX,20080709,439.21,440.76,438.72,439.55,17010190
VNINDEX,20080708,427.35,436.71,426.49,436.71,17109230
VNINDEX,20080707,448.49,448.49,431.72,435.89,26278560
VNINDEX,20080704,441.43,441.43,439.68,439.68,9995160
VNINDEX,20080703,428.8,430.13,428.51,430.05,10776570
VNINDEX,20080702,417.78,420.04,417.21,419.29,16878140
VNINDEX,20080701,406.46,409.83,406.44,409.61,9255840
VNINDEX,20080630,395.27,399.4,394.97,399.4,7969030
VNINDEX,20080627,385.21,392.78,383.47,392.61,10808442
VNINDEX,20080626,392.69,392.69,382.32,386.48,15347780
VNINDEX,20080625,382.36,383.78,382.13,383.78,9308230
VNINDEX,20080624,373,375.97,372.89,375.97,7355415
VNINDEX,20080623,367.08,369.69,367,368.95,10363930
VNINDEX,20080620,364.71,366.04,364.32,366.02,7873840
VNINDEX,20080619,372.8,373.27,371.94,373.27,7458980
VNINDEX,20080618,389.01,389.01,380.09,382.07,24173400
VNINDEX,20080617,384.17,384.72,384.08,384.71,9431098
VNINDEX,20080616,376.23,378.68,376.23,378.2,17362610
VNINDEX,20080613,370.83,373.97,370.83,372.68,12319310
VNINDEX,20080612,368.17,370.55,368.1,370.55,7654910
VNINDEX,20080611,368.06,371.73,367.46,370.45,12807980
VNINDEX,20080610,374.33,374.53,373,373,3513200
VNINDEX,20080609,380.23,380.23,379.12,379.12,3008520
VNINDEX,20080606,385.18,385.2,384.05,384.24,3182430
VNINDEX,20080605,390.86,390.98,390.06,390.08,5094390
VNINDEX,20080604,395.54,395.66,394.63,395.66,8991560
VNINDEX,20080603,402.39,402.39,401.14,401.2,4942415
VNINDEX,20080602,408.2,408.2,407.32,407.94,10179850
VNINDEX,20080530,413.99,414.14,413.77,414.1,4723950
VNINDEX,20080526,422.48,422.48,420.51,420.51,5156372
VNINDEX,20080523,427.84,428.2,427.53,428.05,4953300
VNINDEX,20080522,435.64,435.73,434.75,434.75,8126490
VNINDEX,20080521,442.47,442.47,441.53,441.75,5221800
VNINDEX,20080520,450.03,450.38,448.94,449.24,6326422
VNINDEX,20080519,453.93,455.67,453.45,455.67,6269500
VNINDEX,20080516,459.62,461.96,459.37,460.04,9140430
VNINDEX,20080515,468.56,468.56,466.67,466.67,2663880
VNINDEX,20080514,477.29,477.29,475.5,475.5,1933600
VNINDEX,20080513,484.77,484.77,483.92,483.92,1340460
VNINDEX,20080512,492.95,493.27,492.04,492.04,2761332
VNINDEX,20080509,499.59,500.33,499.42,500.33,3506550
VNINDEX,20080508,507.31,507.94,506.43,507.94,5432400
VNINDEX,20080507,514.66,515.26,510.94,515.26,6747690
VNINDEX,20080506,518.21,518.35,516.21,518.35,7403045
VNINDEX,20080505,523.29,523.75,521.28,521.28,6242700
VNINDEX,20080429,523.86,524.07,520.41,522.36,10160430
VNINDEX,20080428,514.79,519.62,514.44,519.42,9766720
VNINDEX,20080425,514.37,515.88,513.93,515.88,7326270
VNINDEX,20080424,515.14,518.42,515.02,518.42,6821040
VNINDEX,20080422,530.26,530.62,528.6,530.62,4178150
VNINDEX,20080421,533.84,534.92,532.52,534.92,5289080
VNINDEX,20080418,540.08,540.08,534.51,537.31,9875730
VNINDEX,20080417,523.52,537.58,523.45,537.58,12560110
VNINDEX,20080416,530.9,531.73,530.04,531.38,5937220
VNINDEX,20080411,537.71,539.01,536.97,539.01,9264020
VNINDEX,20080410,549.17,549.17,543.88,545.73,9049650
VNINDEX,20080409,552.42,552.42,550.03,552.05,11031570
VNINDEX,20080408,550.68,550.68,544.29,548.56,25603980
VNINDEX,20080407,541.42,542.33,541.37,542.33,2058110
VNINDEX,20080404,531.56,533,531.56,533,832740
VNINDEX,20080403,528.46,529.23,528.46,529.23,1897410
VNINDEX,20080402,524.38,525.11,524.38,525.11,756850
VNINDEX,20080401,520.53,520.99,520.53,520.99,1462230
VNINDEX,20080331,516.59,516.85,516.58,516.85,2180100
VNINDEX,20080328,512.19,512.74,512.19,512.7,2748230
VNINDEX,20080327,507.79,508.79,507.79,508.75,5908770
VNINDEX,20080326,495.02,504.78,494.4,504.67,18971930
VNINDEX,20080325,497.25,497.39,496.64,496.64,6948010
VNINDEX,20080324,524.72,525.24,521.07,521.07,7811320
VNINDEX,20080321,553.05,553.69,545.68,545.68,11168470
VNINDEX,20080320,568.32,576.41,564.82,564.82,11077600
VNINDEX,20080319,584.53,592.18,573.45,573.45,18886110
VNINDEX,20080318,588.63,589.57,588.16,588.26,9053140
VNINDEX,20080317,623.23,624.31,615.71,615.71,11442880
VNINDEX,20080314,640.04,643.92,640.04,643.8,9229260
VNINDEX,20080313,655.18,655.18,644.66,647.6,9607260
VNINDEX,20080312,632.08,654.47,632.08,643.9,12991930
VNINDEX,20080311,642.87,643.68,638.71,638.71,19400060
VNINDEX,20080310,667.63,669.24,657.53,658.29,25046350
VNINDEX,20080307,638.23,640.14,638.03,640.14,8669280
VNINDEX,20080306,609.77,611.26,609.77,611.17,26066990
VNINDEX,20080305,581.19,583.45,580.4,583.45,10628850
VNINDEX,20080304,608.05,608.88,606.1,608.88,7604650
VNINDEX,20080303,646.08,646.31,634.22,635.24,10743400
VNINDEX,20080229,670.49,672.15,661.75,663.3,10750440
VNINDEX,20080228,687.75,688.7,677.8,678.12,8759700
VNINDEX,20080227,681.45,704.67,681.35,686.49,8797890
VNINDEX,20080226,714.86,714.86,692.83,692.91,12089100
VNINDEX,20080225,706,715.25,706,714.98,11411110
VNINDEX,20080222,678.32,687.1,677.79,687.1,14755940
VNINDEX,20080221,711.78,712.27,710.17,710.45,8288350
VNINDEX,20080220,775.3,775.93,749.55,749.55,8819280
VNINDEX,20080219,764.42,780.91,764.17,776.79,9380420
VNINDEX,20080218,784.8,786.45,780.78,782.57,12607240
VNINDEX,20080215,821,821.03,813.89,816.03,5815210
VNINDEX,20080214,829.69,832.66,823.46,823.46,7378890
VNINDEX,20080213,830.54,830.77,817.86,817.86,7404180
VNINDEX,20080212,857.02,857.02,840.5,841.23,6428550
VNINDEX,20080201,854.15,859.62,852.32,859.62,14638090
VNINDEX,20080131,831.74,844.11,826.03,844.11,13173050
VNINDEX,20080130,844.95,848.88,843.1,843.1,12167000
VNINDEX,20080129,787.3,811.61,786.42,811.61,9644190
VNINDEX,20080128,781.92,785.07,775.9,785.07,7066760
VNINDEX,20080125,763.66,778.82,762.99,776.04,6737230
VNINDEX,20080124,785.92,790.52,764.13,764.13,9043410
VNINDEX,20080123,785.77,787.12,775.3,776.68,9301310
VNINDEX,20080122,808.46,813.01,807.74,807.74,7746340
VNINDEX,20080121,839.31,839.37,833.88,833.88,6915710
VNINDEX,20080118,831.08,847.05,828.22,847.05,5642330
VNINDEX,20080117,861.78,861.78,830.74,833.81,10272370
VNINDEX,20080116,836.43,846.07,835.2,846.07,9051790
VNINDEX,20080115,819.04,820.2,807.72,808.83,9739680
VNINDEX,20080114,859.29,859.29,841,841,7968310
VNINDEX,20080111,860.52,867.5,860.13,860.77,7233110
VNINDEX,20080110,858.07,858.58,849.69,850.07,10291130
VNINDEX,20080109,888.69,889.12,878.41,878.41,6596117
VNINDEX,20080108,892.68,899.22,892.68,893.74,6337420
VNINDEX,20080107,899.53,899.53,884.03,887.08,6395360
VNINDEX,20080104,904.83,905.38,903.09,903.09,4409690
VNINDEX,20080103,913.56,915.46,908.25,908.25,5020570
VNINDEX,20080102,925.66,926.01,921.07,921.07,5006582
VNINDEX,20071228,920.72,927.02,920.72,927.02,5566580
VNINDEX,20071227,923.08,925.11,921.75,921.75,6128180
VNINDEX,20071226,917.31,924.37,916.24,924.37,5746000
VNINDEX,20071224,933.66,934.77,929.97,930.86,5892000
VNINDEX,20071221,930.37,935.61,929.92,935.07,6793360
VNINDEX,20071220,949.15,949.15,930.45,930.45,7093570
VNINDEX,20071218,911.42,919.6,909.8,919.6,7548380
VNINDEX,20071217,918.61,920.25,911.15,911.15,7660770
VNINDEX,20071214,924.11,927.88,922.09,922.09,5527390
VNINDEX,20071213,941.76,941.76,930.36,930.36,6153160
VNINDEX,20071212,936.2,952.88,935.93,946.32,7715270
VNINDEX,20071211,948.91,949.37,941.04,941.04,8282330
VNINDEX,20071210,966.72,968.17,958.48,958.48,9111197
VNINDEX,20071207,970.15,976.89,970.15,974.63,6545380
VNINDEX,20071206,973.65,974.46,971.49,974.46,7182720
VNINDEX,20071205,981.95,981.95,976.21,976.21,7789340
VNINDEX,20071204,990.51,992.54,988.91,988.91,9468730
VNINDEX,20071203,977.86,987.86,977.76,987.96,8312190
VNINDEX,20071130,973.19,980.09,972.35,972.35,8444420
VNINDEX,20071129,984.86,987.37,980.09,980.09,7487890
VNINDEX,20071128,988.59,989.69,984.57,984.57,7641048
VNINDEX,20071127,998.72,999.4,988.08,988.08,8154180
VNINDEX,20071126,982.18,991.38,980.86,991.38,9647750
VNINDEX,20071123,979.11,981.38,974.44,975.92,7570737
VNINDEX,20071122,977.57,983.69,976.12,977.17,7296680
VNINDEX,20071121,963.56,972.26,963.56,971.49,8845070
VNINDEX,20071120,984.3,986.51,982.51,983.52,7764670
VNINDEX,20071119,996.48,999.45,995.59,998.75,6615580
VNINDEX,20071116,996.07,1001.37,995.77,998.22,8175320
VNINDEX,20071115,1007.06,1007.61,999.6,1002.71,13185190
VNINDEX,20071114,992.34,1008.16,986.91,993.75,13148240
VNINDEX,20071113,999.38,999.38,973.59,973.59,13034120
VNINDEX,20071112,1012.5,1015.43,1006.12,1006.12,9911020
VNINDEX,20071109,1012.43,1018.29,1010.53,1018.29,11929820
VNINDEX,20071108,1031.95,1034.35,1024.47,1026.47,8631280
VNINDEX,20071107,1026.25,1036.95,1025.98,1031.2,13096280
VNINDEX,20071106,1036.56,1036.84,1031.71,1031.71,11369260
VNINDEX,20071105,1045.31,1055.35,1045.31,1047.15,14216800
VNINDEX,20071102,1074.68,1075.49,1066.63,1066.63,10806120
VNINDEX,20071101,1074.09,1078.8,1073.31,1075.92,10375070
VNINDEX,20071031,1065.68,1072.47,1065.09,1065.09,12357620
VNINDEX,20071030,1068.31,1071.15,1068.31,1069.78,11530840
VNINDEX,20071029,1077.86,1077.86,1064.2,1064.2,14118100
VNINDEX,20071026,1095.28,1095.28,1092.48,1092.48,11851240
VNINDEX,20071025,1103.09,1103.09,1095.53,1095.53,11518150
VNINDEX,20071024,1079.6,1096.2,1079.6,1096.2,10376620
VNINDEX,20071023,1079.06,1079.06,1075.29,1075.29,10449960
VNINDEX,20071022,1091.76,1091.76,1085.74,1085.74,10349420
VNINDEX,20071019,1078.21,1097.06,1078.21,1097.06,11381110
VNINDEX,20071018,1094.93,1094.93,1088.68,1088.68,13089730
VNINDEX,20071017,1106.21,1106.72,1101.29,1101.29,12719330
VNINDEX,20071016,1106.67,1106.67,1103.79,1103.88,11962930
VNINDEX,20071015,1104.42,1105.21,1103.93,1105.21,11578510
VNINDEX,20071012,1097.58,1104.61,1097.58,1104.61,12933490
VNINDEX,20071011,1107.05,1107.05,1099.31,1099.31,12019780
VNINDEX,20071010,1110.78,1110.78,1104.67,1104.67,12475350
VNINDEX,20071009,1093.06,1097.36,1093.06,1097.36,13983980
VNINDEX,20071008,1084.58,1088.11,1084.58,1084.87,12821270
VNINDEX,20071005,1086.92,1086.92,1081.63,1081.63,14014152
VNINDEX,20071004,1107.8,1107.8,1087.76,1087.76,14701790
VNINDEX,20071002,1096.97,1099.48,1092.3,1099.48,16203350
VNINDEX,20071001,1072.72,1084.39,1072.72,1084.39,18031540
VNINDEX,20070928,1030.77,1046.86,1030.77,1046.86,14360990
VNINDEX,20070927,1012.41,1014.09,1012.17,1014.09,11238280
VNINDEX,20070921,965.2,965.2,958.67,958.67,10839960
VNINDEX,20070920,960.56,963.61,960.56,963.61,9768100
VNINDEX,20070919,942.52,946.22,942.52,946.22,6537750
VNINDEX,20070918,933.78,935.17,933.78,935.17,6462280
VNINDEX,20070917,932.38,934.74,932.38,934.74,5739960
VNINDEX,20070914,924.14,930.46,924.14,930.46,5215070
VNINDEX,20070913,920.55,921.31,920.55,921.31,5193380
VNINDEX,20070912,922.66,923.83,921.19,921.19,6402870
VNINDEX,20070911,925.28,925.28,920.48,920.48,5897118
VNINDEX,20070910,933.02,933.02,927.14,927.14,6034110
VNINDEX,20070907,929.53,934.13,929.53,934.13,6208740
VNINDEX,20070906,926.11,928.36,925.99,928.36,6693390
VNINDEX,20070905,938.76,938.76,925.57,925.57,7450000
VNINDEX,20070904,919.87,929.85,919.87,929.85,5902210
VNINDEX,20070831,904.57,910.07,904.57,908.37,7016470
VNINDEX,20070830,901.26,905.2,899.19,903.94,4118470
VNINDEX,20070829,895.54,901.17,894.06,901.17,5285170
VNINDEX,20070828,904.75,905.59,900.85,902.58,4945530
VNINDEX,20070827,911.01,911.01,906.55,909.07,5744740
VNINDEX,20070824,897.06,905.48,896.76,905.48,7167400
VNINDEX,20070823,891.5,891.58,886.01,887.62,5144050
VNINDEX,20070822,898.62,898.62,892.07,892.07,4701280
VNINDEX,20070821,897.03,899.99,892.53,895.72,6320240
VNINDEX,20070820,876.04,890.02,875.06,890.02,5017200
VNINDEX,20070817,886.92,889.99,886.35,887.93,3842720
VNINDEX,20070816,904.47,907.54,900.26,900.26,3890770
VNINDEX,20070814,912.82,923.15,912.82,923.15,4005960
VNINDEX,20070813,916,916.68,909.15,909.15,3745980
VNINDEX,20070810,942.33,942.33,924.98,935.68,6972520
VNINDEX,20070809,923.15,938.21,921.79,938.21,4974890
VNINDEX,20070808,902.78,910.05,900.66,910.05,4430630
VNINDEX,20070807,890.75,898.76,890.42,896.91,3715230
VNINDEX,20070806,892.88,894.08,883.9,883.9,3231500
VNINDEX,20070803,895.22,898.24,892.88,892.88,3988980
VNINDEX,20070802,926.67,926.95,911.18,911.18,4759920
VNINDEX,20070801,905.34,925.92,903.61,923.14,4851110
VNINDEX,20070731,905.8,908.04,896.11,907.95,4847910
VNINDEX,20070730,928.48,931.55,924.87,925.44,2204160
VNINDEX,20070727,946.03,946.03,939.94,940.36,4158415
VNINDEX,20070726,965.92,965.92,956.13,956.13,3516380
VNINDEX,20070725,975.08,975.08,970.55,972.56,4662820
VNINDEX,20070724,982.17,983.53,982.17,982.43,5127567
VNINDEX,20070723,981.11,981.64,979.23,979.23,5005578
VNINDEX,20070720,980.35,982.17,980.35,981.31,4714360
VNINDEX,20070719,990.84,990.84,984.43,984.43,3495620
VNINDEX,20070718,998.75,998.75,994.73,994.73,4025070
VNINDEX,20070716,1005.16,1005.16,995.83,995.83,4982700
VNINDEX,20070713,1010.71,1015.73,1010.71,1015.73,4455640
VNINDEX,20070712,1025.72,1025.72,1017.68,1017.68,4443210
VNINDEX,20070711,1032.43,1032.71,1029.85,1029.85,4885530
VNINDEX,20070710,1015.15,1023.04,1015.15,1023.04,4688500
VNINDEX,20070709,1004.39,1010.27,1004.39,1010.27,3785850
VNINDEX,20070706,1008.36,1010.53,1008.36,1010.53,4906828
VNINDEX,20070705,1013.95,1013.95,1012.82,1012.82,6233040
VNINDEX,20070704,996.14,1013.56,996.14,1013.56,4761820
VNINDEX,20070703,976.11,977.3,975.4,977.3,5565910
VNINDEX,20070702,1015.71,1015.71,994.17,994.17,5497790
VNINDEX,20070629,1020.64,1024.68,1020.64,1024.68,4191350
VNINDEX,20070628,1024.3,1024.62,1024.04,1024.04,4126440
VNINDEX,20070627,1057.08,1057.08,1032.96,1032.96,4459540
VNINDEX,20070626,1064.15,1064.15,1054.38,1055.7,5514170
VNINDEX,20070625,1047.97,1047.97,1044.39,1044.39,4967100
VNINDEX,20070622,1031.26,1037.45,1031.26,1033.68,5396810
VNINDEX,20070621,1043.96,1043.96,1034.43,1034.43,5187010
VNINDEX,20070620,1050.88,1050.88,1045.28,1045.28,6427950
VNINDEX,20070619,1047.95,1049.87,1047.95,1049.58,6104260
VNINDEX,20070618,1046.42,1046.62,1043.99,1043.99,5715300
VNINDEX,20070615,1050.63,1050.63,1048.18,1048.18,5388510
VNINDEX,20070614,1044.02,1044.02,1042.79,1042.79,5896260
VNINDEX,20070613,1035.97,1038.8,1033.71,1038.8,5578620
VNINDEX,20070612,1034.88,1036.54,1034.88,1036.54,5285160
VNINDEX,20070611,1042.09,1042.09,1037.29,1040.75,5267270
VNINDEX,20070608,1067.13,1067.13,1054.78,1057.36,7722410
VNINDEX,20070607,1057.54,1060.56,1057.54,1060.02,5167590
VNINDEX,20070605,1051.68,1051.68,1039.66,1039.66,5547140
VNINDEX,20070604,1074.18,1074.18,1062.1,1062.1,5260978
VNINDEX,20070601,1085.93,1085.93,1077.36,1077.36,5383160
VNINDEX,20070531,1087.55,1087.55,1081.48,1081.48,5343250
VNINDEX,20070530,1080.96,1080.96,1077.88,1077.88,4828860
VNINDEX,20070529,1102.81,1102.81,1093.77,1093.77,5971530
VNINDEX,20070528,1113.24,1113.24,1098.64,1098.64,5705020
VNINDEX,20070525,1073.52,1089.6,1073.52,1089.6,5900630
VNINDEX,20070523,1127.75,1127.75,1113.18,1113.18,8006120
VNINDEX,20070522,1102.7,1107.52,1102.7,1107.52,7198500
VNINDEX,20070521,1077.62,1085.41,1077.62,1085.41,5482285
VNINDEX,20070518,1063.33,1066.56,1063.33,1066.56,5535620
VNINDEX,20070517,1039.27,1059.79,1039.27,1059.79,5075380
VNINDEX,20070516,1051.62,1051.62,1040.99,1040.99,4968670
VNINDEX,20070515,1069.15,1069.15,1054.68,1054.68,5960560
VNINDEX,20070514,1061.89,1066.04,1061.89,1066.04,5233040
VNINDEX,20070511,1022.35,1039.63,1022.35,1039.63,4251680
VNINDEX,20070510,1026.46,1026.46,1020.04,1020.04,3921610
VNINDEX,20070509,1029.66,1029.66,1019.96,1019.96,6030250
VNINDEX,20070508,1017.24,1017.24,1015.43,1015.43,5579280
VNINDEX,20070507,969.48,983.62,969.48,983.62,4617992
VNINDEX,20070504,941.14,947.19,941.14,947.19,2796900
VNINDEX,20070503,939.02,941.03,937.46,937.46,3464810
VNINDEX,20070502,933.3,935.48,933.3,935.48,4052560
VNINDEX,20070425,903.94,923.89,903.94,923.89,6010190
VNINDEX,20070424,907.47,907.65,905.53,905.53,4496734
VNINDEX,20070423,940.58,940.58,931.18,931.18,3590720
VNINDEX,20070420,981.95,981.95,968.88,968.88,4506790
VNINDEX,20070419,1015.1,1015.1,998.09,998.09,6574301
VNINDEX,20070418,979.86,1001.12,979.86,1001.12,3846470
VNINDEX,20070417,968.96,968.96,965.72,965.72,5852820
VNINDEX,20070416,998.14,998.14,983,983,4925540
VNINDEX,20070413,1026.4,1026.4,1012.98,1012.98,4177330
VNINDEX,20070412,1031.21,1031.21,1027.58,1027.58,3672020
VNINDEX,20070411,1037.16,1037.25,1034.68,1034.68,3004500
VNINDEX,20070410,1044.9,1044.9,1039.67,1039.67,3861110
VNINDEX,20070409,1041.29,1041.36,1039.98,1041.36,3010000
VNINDEX,20070406,1033.77,1033.92,1032.64,1033.92,4627090
VNINDEX,20070405,1058.53,1058.53,1048.98,1048.98,4720630
VNINDEX,20070404,1030.68,1050.9,1030.68,1050.9,6737174
VNINDEX,20070403,1030.93,1030.93,1027.43,1027.53,4552410
VNINDEX,20070402,1059.18,1061.75,1055.1,1055.1,6886110
VNINDEX,20070330,1091.23,1091.23,1071.33,1071.33,8359290
VNINDEX,20070329,1050.17,1068.71,1050.17,1068.71,6972240
VNINDEX,20070328,999.35,1031.79,999.35,1031.79,7534470
VNINDEX,20070327,1050.27,1050.27,1034.24,1034.24,5618080
VNINDEX,20070326,1085.46,1085.46,1070.73,1072.16,6188430
VNINDEX,20070323,1096.95,1096.95,1090.56,1090.56,6986600
VNINDEX,20070322,1107.86,1107.86,1099.81,1099.81,7811650
VNINDEX,20070321,1116.79,1116.79,1111.63,1111.63,8639700
VNINDEX,20070320,1133.77,1133.77,1117.25,1117.25,8346160
VNINDEX,20070319,1152.06,1152.06,1133.34,1133.34,9022521
VNINDEX,20070316,1089.24,1109.76,1089.24,1109.76,8893730
VNINDEX,20070315,1072.79,1072.79,1067.81,1067.81,6288720
VNINDEX,20070314,1135.21,1135.21,1114.21,1114.21,8909970
VNINDEX,20070313,1178.67,1178.67,1154.12,1158.27,11183180
VNINDEX,20070312,1179.31,1179.31,1170.67,1170.67,9053740
VNINDEX,20070309,1168.67,1168.67,1155.68,1155.68,9885230
VNINDEX,20070308,1140.48,1141.59,1138.67,1141.59,8519299
VNINDEX,20070307,1139.3,1139.3,1132.23,1132.23,7327420
VNINDEX,20070306,1139.76,1139.76,1132.95,1133.31,8741930
VNINDEX,20070305,1165.05,1165.05,1158.9,1158.9,8458577
VNINDEX,20070302,1130.62,1147.66,1130.62,1147.66,15124210
VNINDEX,20070228,1159.67,1159.67,1135.85,1137.68,11449705
VNINDEX,20070227,1174.1,1174.1,1167.36,1167.36,8611740
VNINDEX,20070227,1174.1,1174.1,1167.36,1167.36,8611740
VNINDEX,20070226,1121.18,1129.02,1121.18,1129.02,8681260
VNINDEX,20070215,1071.5,1083.25,1071.5,1083.25,6311500
VNINDEX,20070214,1077.98,1077.98,1073.18,1073.18,6411450
VNINDEX,20070213,1081.79,1081.79,1074.06,1074.46,6893620
VNINDEX,20070212,1041.43,1054.26,1041.43,1054.26,8067800
VNINDEX,20070209,1010.97,1030.9,1010.38,1030.9,8108290
VNINDEX,20070208,1058.74,1058.74,1052.86,1052.86,6949250
VNINDEX,20070207,1084.33,1095.75,1083.99,1095.75,7973010
VNINDEX,20070206,1058.56,1091.38,1058.56,1091.38,7878380
