<Ticker>,<DTYYYYMMDD>,<Open>,<High>,<Low>,<Close>,<Volume>
VSH,20100729,12.8,12.9,12.3,12.3,1612860
VSH,20100728,13.1,13.1,12.7,12.8,610800
VSH,20100727,13.4,13.5,13.2,13.2,452010
VSH,20100726,13.6,13.6,13.4,13.4,188790
VSH,20100723,13.6,13.6,13.4,13.5,431820
VSH,20100722,13.7,13.7,13.5,13.6,652450
VSH,20100721,13.7,13.7,13.5,13.6,1751790
VSH,20100720,13.7,13.7,13.5,13.7,524260
VSH,20100719,13.6,13.7,13.5,13.6,640520
VSH,20100716,13.6,13.7,13.6,13.6,617190
VSH,20100715,13.6,13.7,13.5,13.6,442460
VSH,20100714,13.8,13.8,13.6,13.6,632950
VSH,20100713,13.8,13.8,13.6,13.7,770580
VSH,20100712,13.7,13.7,13.5,13.6,162440
VSH,20100709,13.6,13.8,13.6,13.6,320050
VSH,20100708,13.8,13.8,13.6,13.6,568590
VSH,20100707,13.8,13.8,13.6,13.7,606240
VSH,20100706,13.8,13.8,13.6,13.6,273870
VSH,20100705,13.9,13.9,13.8,13.8,379460
VSH,20100702,13.9,13.9,13.7,13.9,925290
VSH,20100701,13.6,13.8,13.5,13.8,909320
VSH,20100630,13.5,13.7,13.5,13.6,363290
VSH,20100629,13.8,13.9,13.6,13.8,351920
VSH,20100628,13.9,13.9,13.6,13.6,1104500
VSH,20100625,14,14,13.8,13.8,471660
VSH,20100624,14,14.1,13.9,14,1057300
VSH,20100623,13.9,14,13.9,13.9,201250
VSH,20100622,14.1,14.1,13.9,14,467060
VSH,20100621,14.1,14.2,14,14,504790
VSH,20100618,14.1,14.1,13.9,14,545470
VSH,20100617,14,14.1,14,14.1,567360
VSH,20100616,14.2,14.2,14,14.1,474390
VSH,20100615,14.2,14.2,14,14.1,337140
VSH,20100614,14,14.3,14,14.1,547790
VSH,20100611,14.1,14.1,13.9,14,562671
VSH,20100610,13.9,14,13.8,13.9,202820
VSH,20100609,14,14.1,13.9,14,326190
VSH,20100608,13.7,14,13.7,13.9,291380
VSH,20100607,14,14,13.7,13.9,620870
VSH,20100604,14.5,14.5,14.3,14.3,399660
VSH,20100603,14.7,14.8,14.3,14.5,449640
VSH,20100602,14.7,14.7,14.3,14.4,382150
VSH,20100601,14,14.7,13.9,14.7,971680
VSH,20100531,14.2,14.3,14,14,299180
VSH,20100528,14.5,14.5,14.2,14.3,667150
VSH,20100527,14.1,14.1,14,14.1,409930
VSH,20100526,14,14.2,14,14.1,496480
VSH,20100525,14,14.1,13.9,14,524920
VSH,20100524,14,14.2,13.8,14.1,429570
VSH,20100521,13.8,14.1,13.7,13.7,636420
VSH,20100520,13.6,14.3,13.6,14.3,431170
VSH,20100519,14.6,14.6,14.1,14.1,836040
VSH,20100518,14.5,14.6,14.4,14.6,637170
VSH,20100517,15,15,14.6,14.6,817920
VSH,20100514,15.1,15.1,14.9,15,344930
VSH,20100513,15.2,15.3,15,15,806540
VSH,20100512,15.1,15.2,15,15.1,764230
VSH,20100511,15.4,15.4,15.1,15.2,637350
VSH,20100510,15.3,15.4,15.1,15.1,709450
VSH,20100507,15.6,15.6,15.1,15.4,976950
VSH,20100506,15.5,15.9,15.5,15.6,721050
VSH,20100505,15.7,15.8,15.5,15.6,512490
VSH,20100504,16.1,16.1,15.8,16,1171350
VSH,20100429,15.4,16,15.3,15.7,1673520
VSH,20100428,15.2,15.4,15.1,15.3,764490
VSH,20100427,15.3,15.3,15.2,15.2,726740
VSH,20100426,15.4,15.4,15.2,15.3,873620
VSH,20100422,15.2,15.4,15.1,15.2,937140
VSH,20100421,15.3,15.3,15.1,15.1,731200
VSH,20100420,15.4,15.4,15.2,15.2,403130
VSH,20100419,15.5,15.6,15.2,15.3,851470
VSH,20100416,15.5,15.7,15.3,15.6,1775230
VSH,20100415,15.2,15.5,15.1,15.4,1386470
VSH,20100414,15.1,15.2,15,15,581830
VSH,20100413,15.2,15.3,15.1,15.1,777600
VSH,20100412,15.3,15.4,15.2,15.2,742220
VSH,20100409,15.3,15.4,15.2,15.3,588280
VSH,20100408,15.2,15.4,15.1,15.2,713660
VSH,20100407,15.2,15.3,15.1,15.2,594540
VSH,20100406,15.4,15.4,15.2,15.2,892100
VSH,20100405,15.4,15.5,15.3,15.3,346870
VSH,20100402,15.5,15.5,15.3,15.4,671960
VSH,20100401,15.1,15.6,15,15.4,1027080
VSH,20100331,15.2,15.2,15,15,617830
VSH,20100330,15.3,15.3,15,15.1,555860
VSH,20100329,15.5,15.5,15.2,15.3,533870
VSH,20100326,15.4,15.4,15.2,15.3,551440
VSH,20100325,15.5,15.6,15.3,15.3,615950
VSH,20100324,15.7,15.7,15.5,15.6,769210
VSH,20100323,15.4,15.6,15.3,15.3,414380
VSH,20100322,15.7,15.8,15.4,15.4,659960
VSH,20100319,15.7,15.9,15.7,15.7,840530
VSH,20100318,15.7,15.8,15.5,15.8,667860
VSH,20100317,15.8,15.9,15.1,15.1,1167980
VSH,20100316,16,16.2,15.8,15.8,1384080
VSH,20100315,16.3,16.3,16,16.1,781580
VSH,20100312,16,16.2,16,16.2,991730
VSH,20100311,16,16.2,16,16,989100
VSH,20100310,16,16.2,16,16.1,823710
VSH,20100309,16.1,16.2,15.9,16.1,1445020
VSH,20100308,16.1,16.3,16,16,1026590
VSH,20100305,16,16.1,15.8,16,828160
VSH,20100304,16.2,16.5,16,16,1287060
VSH,20100303,16.2,16.4,16.1,16.4,1230280
VSH,20100302,16.4,16.7,16.1,16.2,2149890
VSH,20100301,16.5,16.5,16.3,16.5,2877790
VSH,20100226,15.1,15.8,15.1,15.8,2468910
VSH,20100225,15.4,15.4,15.1,15.1,732850
VSH,20100224,15.1,15.4,15,15.1,939030
VSH,20100223,15.3,15.4,15,15.1,491110
VSH,20100222,15.6,15.7,15.3,15.3,385980
VSH,20100212,15.3,15.7,15.3,15.5,224410
VSH,20100211,15.3,15.4,15.2,15.3,493490
VSH,20100210,15.3,15.4,15.2,15.3,244570
VSH,20100209,15.3,15.4,14.9,15.2,701980
VSH,20100208,15.4,15.5,15.3,15.4,311440
VSH,20100205,15.4,15.7,15.3,15.5,619780
VSH,20100204,15.4,15.7,15.3,15.5,625050
VSH,20100203,15.3,15.4,15.3,15.3,324310
VSH,20100202,15.4,15.5,15.2,15.3,425280
VSH,20100201,15.3,15.5,15.3,15.3,281790
VSH,20100129,15.2,15.3,15,15.3,329060
VSH,20100128,15.3,15.7,15.2,15.2,511640
VSH,20100127,15.9,15.9,15.3,15.5,702770
VSH,20100126,15.9,16.1,15.8,16.1,590770
VSH,20100125,15.7,15.9,15.6,15.7,236340
VSH,20100122,15.6,15.8,15.5,15.7,373440
VSH,20100121,15.8,16,15.6,15.6,434920
VSH,20100120,16.3,16.3,16,16,617845
VSH,20100119,16.1,16.4,16.1,16.2,490350
VSH,20100118,16.4,16.5,16.1,16.1,763130
VSH,20100115,16.8,16.9,16.5,16.6,610320
VSH,20100114,17.2,17.2,16.7,16.8,627590
VSH,20100113,16.8,17.1,16.5,16.9,648490
VSH,20100112,17,17.2,16.6,16.9,1182580
VSH,20100111,17.1,17.1,16.7,16.8,699800
VSH,20100108,17.8,17.9,17,17,868760
VSH,20100107,17.6,17.9,17.5,17.5,799600
VSH,20100106,17.8,18.5,17.7,17.9,718240
VSH,20100105,18.3,18.3,18,18.2,1242930
VSH,20100104,17.1,17.5,17,17.5,566690
VSH,20091231,17.1,17.3,16.7,16.7,1233990
VSH,20091230,17,17.2,16.9,17,500300
VSH,20091229,17.2,17.3,16.9,17,762040
VSH,20091228,17.6,17.6,17.1,17.3,668540
VSH,20091225,17.2,17.2,17,17.2,561990
VSH,20091224,16.2,16.4,15.9,16.4,648550
VSH,20091223,16,16.4,16,16.3,305380
VSH,20091222,16.2,16.7,16.2,16.3,326900
VSH,20091221,16.1,16.2,15.8,16.2,373960
VSH,20091218,15.9,16.4,15.5,15.5,1249230
VSH,20091217,16,16,15.4,15.8,389140
VSH,20091216,16.5,16.6,16,16,556260
VSH,20091215,17.1,17.1,16.7,16.8,386950
VSH,20091214,16.4,17.1,16.1,17.1,529180
VSH,20091211,16.3,16.8,16.2,16.3,546270
VSH,20091210,18,18,16.8,16.8,575780
VSH,20091209,17.5,18,17.3,17.4,381940
VSH,20091208,18.8,18.8,18.1,18.1,499640
VSH,20091207,18.3,18.5,18.2,18.5,321800
VSH,20091204,18.3,18.6,18.1,18.3,410320
VSH,20091203,18,18.8,17.8,18.3,540400
VSH,20091202,18.6,19,18.4,18.4,427120
VSH,20091201,19.8,20,19.3,19.3,466410
VSH,20091130,18.7,19.3,18.5,19.3,551350
VSH,20091127,17.2,19,17.2,18.7,950160
VSH,20091126,18.1,18.2,18.1,18.1,769290
VSH,20091125,19.7,20,19,19,594570
VSH,20091124,20.6,20.9,20,20,573050
VSH,20091123,21.6,22,20.9,20.9,758690
VSH,20091120,22.5,22.7,22,22,558330
VSH,20091119,22.3,22.8,22.2,22.5,678900
VSH,20091118,22.4,22.9,22,22.2,612220
VSH,20091117,24,24,22.9,22.9,443480
VSH,20091116,24,24,23,24,1297090
VSH,20091113,22.7,23.1,22.5,22.9,998110
VSH,20091112,23.5,23.5,23,23,683210
VSH,20091111,22.5,23.3,22.1,23.3,608880
VSH,20091110,22.7,23.3,22,22.3,806360
VSH,20091109,23.5,23.7,22.7,22.7,764760
VSH,20091106,24.7,24.7,22.8,23.8,1060100
VSH,20091105,23.9,23.9,23.7,23.9,1522760
VSH,20091104,22.7,22.7,21.7,22.7,1565820
VSH,20091103,22.8,22.8,21.7,21.7,800440
VSH,20091102,23.2,23.3,22.8,22.8,1025850
VSH,20091030,23.7,24.6,23.7,24,848470
VSH,20091029,24.3,24.4,23.6,23.7,797810
VSH,20091028,24.7,25.5,24.5,24.7,623870
VSH,20091027,24.9,24.9,24.2,24.4,720610
VSH,20091026,25.3,25.3,24.9,25,766260
VSH,20091023,26.5,26.5,25,25,1492170
VSH,20091022,25.5,25.6,25,25.3,586780
VSH,20091021,25.8,25.9,25.5,25.6,929030
VSH,20091020,25.8,26,25.5,25.8,1301860
VSH,20091019,25,25.3,24.9,25.2,666450
VSH,20091016,25.3,25.6,25,25,716200
VSH,20091015,26.5,26.5,25.3,25.7,935030
VSH,20091014,25.3,25.3,25,25.2,840120
VSH,20091013,25.2,25.6,25,25.2,777390
VSH,20091012,25.3,25.5,25,25.2,859850
VSH,20091009,25.7,25.9,25.3,25.3,971700
VSH,20091008,25.7,25.7,25.2,25.7,1942430
VSH,20091007,24.5,24.5,24.5,24.5,132240
VSH,20091006,23.3,23.3,22.7,23.3,685280
VSH,20091005,24.3,24.3,22.2,22.2,2826300
VSH,20091002,23.7,24.6,23.4,23.4,573230
VSH,20091001,25.5,25.5,24.7,24.7,297820
VSH,20090930,25.9,25.9,25.3,25.5,1698550
VSH,20090929,25.6,25.7,25.3,25.7,881340
VSH,20090928,25.5,25.6,25.2,25.5,529600
VSH,20090925,25.3,25.5,25.1,25.5,283140
VSH,20090924,25.1,25.7,25,25.5,385260
VSH,20090923,25.2,25.5,25,25.3,619710
VSH,20090922,24.7,24.9,24.6,24.8,446740
VSH,20090921,25,25.3,24.8,24.9,450910
VSH,20090918,25.3,25.7,24.9,25,769840
VSH,20090917,24.7,25.2,24.5,24.8,580600
VSH,20090916,24.9,25,24.3,24.3,1024160
VSH,20090915,25.7,25.9,25.1,25.3,564030
VSH,20090914,26.6,26.6,25.9,25.9,520680
VSH,20090911,26.7,26.9,26.4,26.5,595670
VSH,20090910,26.7,27.2,26,26,928420
VSH,20090909,26.3,27.2,26.3,26.9,1343280
VSH,20090908,26.7,26.7,25.9,26.3,350390
VSH,20090907,26.5,26.7,25.7,26.3,442500
VSH,20090904,28,28,26.5,26.5,879420
VSH,20090903,29.3,29.5,27.9,27.9,879780
VSH,20090901,28.3,29.3,27.9,29.3,1508970
VSH,20090831,27.9,27.9,27.9,27.9,160170
VSH,20090828,26.5,26.5,26.3,26.5,773470
VSH,20090827,25.3,25.3,25.1,25.3,413440
VSH,20090826,25.2,25.5,25,25.2,531360
VSH,20090825,25.3,25.4,25.1,25.2,1102600
VSH,20090824,24.7,25.3,24.7,25.2,487880
VSH,20090821,25.1,25.3,24.6,24.7,934910
VSH,20090820,24.3,24.9,24,24.5,857410
VSH,20090819,24.7,24.7,23.9,24.3,514720
VSH,20090818,25,25.1,24.4,24.7,387620
VSH,20090817,24.7,24.7,24.3,24.7,1383480
VSH,20090814,22.5,23.5,22.5,23.5,1316150
VSH,20090813,22.7,22.7,22.3,22.4,214880
VSH,20090812,22.3,22.7,22.3,22.4,86170
VSH,20090811,22.7,22.7,22.3,22.4,66930
VSH,20090810,22.6,22.7,22.4,22.4,76650
VSH,20090807,22.7,22.7,22.3,22.4,15160
VSH,20090806,22.7,23,22.6,22.7,208360
VSH,20090805,22,22.7,22,22.7,104690
VSH,20090804,22.2,22.7,22.2,22.7,270560
VSH,20090803,21.7,22.2,21.7,22.2,28720
VSH,20090731,21.9,22.2,21.3,22.2,76710
VSH,20090730,21.2,21.5,21.2,21.3,65760
VSH,20090729,22,22.1,21.9,21.9,51680
VSH,20090728,22.7,23.3,22.3,22.7,69370
VSH,20090727,23.7,23.7,23,23.3,166820
VSH,20090724,22.7,22.9,22.7,22.9,456690
VSH,20090723,21.7,21.8,21.5,21.8,124000
VSH,20090722,21.9,21.9,21.2,21.7,113160
VSH,20090721,20.8,21,20.8,21,49050
VSH,20090720,20.7,20.7,20.3,20.7,54200
VSH,20090717,21.3,21.3,21,21.3,83910
VSH,20090716,20.7,21.3,20.7,21.3,56160
VSH,20090715,20.3,20.8,20.3,20.7,22850
VSH,20090714,20.7,20.7,20.1,20.1,94080
VSH,20090713,21.3,21.3,20.5,20.7,40120
VSH,20090710,22,22,20.7,20.7,136370
VSH,20090709,21.3,21.9,21.3,21.7,23620
VSH,20090708,21.5,21.5,21,21.3,47630
VSH,20090707,21.3,21.9,21.3,21.5,57060
VSH,20090706,21.4,22.3,21.4,22,50760
VSH,20090703,20.7,21.5,20.7,21.4,13870
VSH,20090702,20.7,21.5,20.7,21.5,128390
VSH,20090701,20.5,20.7,20.3,20.5,158730
VSH,20090630,21.3,21.3,21,21.3,158070
VSH,20090629,21,21.6,20.7,21.3,136050
VSH,20090626,21.3,21.6,21.3,21.3,84760
VSH,20090625,22.4,22.4,21.3,21.3,36950
VSH,20090624,21.5,21.5,21.5,21.5,56170
VSH,20090623,20.3,20.7,20.3,20.5,172110
VSH,20090622,22,22,21.2,21.3,56110
VSH,20090619,22.7,22.7,21.9,22,177720
VSH,20090618,23.7,23.7,22,22,255950
VSH,20090617,20.9,22.7,20.9,22.7,77770
VSH,20090616,22,22.1,22,22,265550
VSH,20090615,23.1,23.3,23.1,23.1,236840
VSH,20090612,25.1,25.1,24.3,24.3,308955
VSH,20090611,23.7,25.3,23.7,24.9,442010
VSH,20090610,24.9,24.9,24.9,24.9,57370
VSH,20090609,26.3,26.6,26,26.2,399300
VSH,20090608,26.3,26.3,26,26.3,493150
VSH,20090605,25,25,24.7,25,144440
VSH,20090604,23.8,23.8,23.3,23.8,989440
VSH,20090603,22.7,22.7,22.5,22.7,471240
VSH,20090602,21.6,21.6,21.6,21.6,14050
VSH,20090601,20.6,20.6,20.6,20.6,33736
VSH,20090529,21.5,21.5,19.6,19.6,242860
VSH,20090528,21.7,21.7,20.6,20.6,398100
VSH,20090527,21.5,22,21.5,21.7,102020
VSH,20090526,23,23,22.3,22.3,78450
VSH,20090525,23,23.5,22.8,23,225090
VSH,20090522,22.1,23.5,21.9,23.5,224440
VSH,20090521,23.1,23.2,22.7,23.1,155060
VSH,20090520,22.5,23.2,22.1,23.1,235960
VSH,20090519,22.1,22.1,21.8,22.1,275820
VSH,20090518,21.6,21.6,20.7,21,406760
VSH,20090515,20.7,20.7,20.7,20.7,117510
VSH,20090514,20.5,20.5,19.5,19.7,420740
VSH,20090513,21,21.2,20.5,20.5,141780
VSH,20090512,21,21.3,20.8,21.3,118830
VSH,20090511,21.9,22,21.6,21.7,145630
VSH,20090508,21.1,22.2,21.1,21.9,179570
VSH,20090507,22.3,22.3,22,22.2,200680
VSH,20090506,21.2,22.3,21.2,21.2,671960
VSH,20090505,21.2,21.2,20.7,21.2,740920
VSH,20090504,20.2,20.2,20.2,20.2,310400
VSH,20090429,19.1,19.3,19.1,19.3,10670
VSH,20090428,18.6,19.3,18.6,19.1,52780
VSH,20090427,19.5,19.5,19.3,19.3,91320
VSH,20090424,18.6,19,18.6,18.7,87330
VSH,20090423,20.6,20.6,19.3,19.3,9070
VSH,20090422,19.9,19.9,19.1,19.9,228240
VSH,20090421,18.1,19,18.1,18.9,205820
VSH,20090420,19.1,19.2,19,19,239240
VSH,20090417,20.3,20.3,19.3,20,90400
VSH,20090416,20.8,21,20,20.3,668090
VSH,20090415,20.3,20.6,19.7,20,222760
VSH,20090414,20.2,20.5,19.9,20.3,286060
VSH,20090413,20.9,21.2,20.3,21,279610
VSH,20090410,20.7,21.2,19.3,20.2,386580
VSH,20090409,20.7,20.7,20.1,20.2,63390
VSH,20090408,20.3,21.6,20.3,20.3,203660
VSH,20090407,20.3,21.3,20.3,21.3,372830
VSH,20090403,19.9,20.4,19.9,20.3,408330
VSH,20090402,18.7,19.4,18.7,19.4,207180
VSH,20090401,18.7,18.8,18.6,18.7,65540
VSH,20090331,18,18.7,17.7,18.7,213220
VSH,20090330,18.7,19.7,18.7,18.7,69890
VSH,20090327,20,20,19.3,19.7,177880
VSH,20090326,19.7,20,18.7,20,339960
VSH,20090325,18.9,19.2,18.6,19.1,288190
VSH,20090324,18.5,18.5,18.4,18.5,458830
VSH,20090323,17.2,17.7,17.2,17.7,89930
VSH,20090320,17.7,17.7,17.6,17.7,111430
VSH,20090319,17.7,17.7,17.5,17.7,136300
VSH,20090318,17.7,17.7,17.4,17.7,108540
VSH,20090317,17.3,17.5,17.3,17.3,82970
VSH,20090316,17.1,17.1,16.9,17.1,147870
VSH,20090313,16.9,17,16.8,16.9,71230
VSH,20090312,17,17,16.7,16.9,85220
VSH,20090311,17.6,17.6,17,17,31610
VSH,20090310,16.5,17.1,16.5,17.1,70640
VSH,20090309,16.5,16.6,16.4,16.5,17950
VSH,20090306,16.1,16.4,16.1,16.4,34000
VSH,20090305,16.9,16.9,16.3,16.3,82730
VSH,20090304,16.7,16.8,16.5,16.8,51370
VSH,20090303,15.7,16.1,15.7,16.1,38990
VSH,20090302,16.1,16.3,16.1,16.3,56590
VSH,20090227,15.9,16.1,15.5,15.5,452300
VSH,20090226,16.5,16.6,16.4,16.4,403290
VSH,20090225,16.6,17.3,16.6,17.3,43640
VSH,20090224,16.8,17.1,16.6,16.6,146560
VSH,20090223,17.1,17.5,17.1,17.5,87010
VSH,20090220,17.3,17.5,17.1,17.5,64680
VSH,20090219,17.1,17.5,17.1,17.3,67650
VSH,20090218,17.2,17.4,17.1,17.1,105850
VSH,20090217,17.5,17.5,17.3,17.4,44690
VSH,20090216,17.8,17.8,17.5,17.8,23020
VSH,20090213,17.5,17.5,17.3,17.5,21720
VSH,20090212,17.5,17.6,17.3,17.5,97950
VSH,20090211,17.3,17.4,17.1,17.4,19510
VSH,20090210,17.5,17.5,17.3,17.3,11610
VSH,20090209,17.9,17.9,17.3,17.3,53640
VSH,20090206,17.5,17.5,17.3,17.5,13920
VSH,20090205,17.2,17.3,17.2,17.2,283850
VSH,20090204,17.5,17.6,17.2,17.2,22060
VSH,20090203,17.5,17.8,17.5,17.5,123470
VSH,20090202,18.1,18.1,17.9,18.1,251650
VSH,20090123,17.5,17.7,17.5,17.6,154820
VSH,20090122,17.8,17.9,17.5,17.5,81610
VSH,20090121,17.5,17.7,17.5,17.6,78530
VSH,20090120,17.7,17.7,17.6,17.7,96740
VSH,20090119,17.8,17.8,17.6,17.7,102980
VSH,20090116,17.7,17.7,17.7,17.7,108440
VSH,20090115,17.5,17.7,17.5,17.7,83450
VSH,20090114,17.8,17.8,17.6,17.7,49990
VSH,20090113,17.7,17.7,17.4,17.7,38860
VSH,20090112,17.5,17.7,17.5,17.7,46820
VSH,20090109,17.9,17.9,17.7,17.7,74860
VSH,20090108,17.6,17.8,17.6,17.7,88280
VSH,20090107,17.8,17.9,17.7,17.8,37290
VSH,20090106,17.5,17.8,17.5,17.5,55070
VSH,20090105,17.1,17.5,17.1,17.5,123500
VSH,20090102,17.5,17.7,17.5,17.5,48730
VSH,20081231,17.5,17.5,17.3,17.5,116290
VSH,20081230,17.1,17.5,17.1,17.3,97190
VSH,20081229,17.3,17.3,17.1,17.1,61450
VSH,20081226,17.4,17.4,17.1,17.2,43500
VSH,20081225,17.1,17.4,17.1,17.4,43830
VSH,20081224,17.3,17.4,17,17.4,132220
VSH,20081223,17.1,17.2,16.9,17.2,125060
VSH,20081222,16.9,17.2,16.9,17.1,12130
VSH,20081219,17.1,17.3,16.9,16.9,79320
VSH,20081218,16.9,17.1,16.9,17.1,31570
VSH,20081217,16.9,17.1,16.9,16.9,62210
VSH,20081216,17.5,17.5,16.9,16.9,26850
VSH,20081215,17.8,17.8,17.2,17.8,59780
VSH,20081212,17.4,17.5,17.3,17.5,80670
VSH,20081211,16.5,17.1,16.5,17.1,39670
VSH,20081210,16.8,16.9,16.7,16.7,48100
VSH,20081209,16.5,17.3,16.5,17.3,79710
VSH,20081208,16.5,16.5,16.2,16.5,91280
VSH,20081205,16.8,16.9,16.8,16.8,93910
VSH,20081204,16.9,17.4,16.8,17.4,135330
VSH,20081203,16.3,16.8,16.3,16.5,56810
VSH,20081202,16.3,16.3,15.9,16.3,44130
VSH,20081201,16.3,16.3,16,16.3,47470
VSH,20081128,15.7,15.7,15.5,15.7,110740
VSH,20081127,14.9,15.8,14.9,14.9,297250
VSH,20081126,15.7,16.6,15.7,15.7,157880
VSH,20081125,16.5,16.8,16.4,16.5,73410
VSH,20081124,16.3,16.7,16.2,16.3,112460
VSH,20081124,16.3,16.7,16.2,16.3,112460
VSH,20081121,16.1,16.7,16.1,16.1,212110
VSH,20081120,16.7,16.9,16.6,16.7,208920
VSH,20081119,17.1,17.5,16.9,17.1,203300
VSH,20081118,17.1,17.5,16.8,17,150320
VSH,20081117,17.5,17.5,17.3,17.5,15970
VSH,20081114,17.4,17.6,17.2,17.4,90710
VSH,20081113,16.8,17.5,16.1,16.8,107160
VSH,20081112,17.8,17.8,16.8,16.8,171440
VSH,20081111,17.1,17.5,17,17.1,160700
VSH,20081110,17.9,19.1,17.9,17.9,113460
VSH,20081107,18.6,19.1,18.6,18.6,200680
VSH,20081106,19.7,19.7,17.9,19.7,756340
VSH,20081105,18.7,18.7,18.7,18.7,544200
VSH,20081104,17.7,17.7,16.9,17.7,171660
VSH,20081103,16.8,17.1,16.7,16.8,59390
VSH,20081031,17.6,17.7,16.8,17.6,79950
VSH,20081030,17.3,17.4,16.8,17.3,97260
VSH,20081029,17,17,16.7,17,405490
VSH,20081028,16.1,16.1,14.5,16.1,256400
VSH,20081027,15.3,15.3,14.7,15.3,215190
VSH,20081024,15.5,15.7,15.5,15.5,202690
VSH,20081023,16.3,16.5,16.2,16.3,137390
VSH,20081022,17.1,17.1,16.7,17.1,110390
VSH,20081021,17,17.3,16.8,17,154950
VSH,20081020,17.1,17.1,16.7,16.7,208990
VSH,20081017,17.6,17.6,17.2,17.6,157640
VSH,20081016,16.8,17.5,16.7,16.8,107590
VSH,20081015,17.6,17.9,17.1,17.6,319270
VSH,20081014,17,17,17,17,723700
VSH,20081013,16.9,16.9,16.1,16.1,285390
VSH,20081010,16.2,16.7,16.1,16.1,490670
VSH,20081009,16.1,17.5,16.1,17.1,168340
VSH,20081008,15.9,16.8,15.9,16.8,236340
VSH,20081007,16.9,16.9,16.9,16.9,169410
VSH,20081006,17.8,18.8,17.8,17.8,104100
VSH,20081003,19.3,19.3,18.8,18.8,91600
VSH,20081002,19.3,19.3,18.7,19.3,216280
VSH,20081001,18.3,18.3,18.1,18.3,88580
VSH,20080930,17.4,17.4,17.4,17.4,344790
VSH,20080929,18.5,19.1,18.4,18.4,109860
VSH,20080926,20.4,20.4,19.4,19.5,218550
VSH,20080925,19.1,19.4,19.1,19.4,309090
VSH,20080924,17.9,18.6,17.9,18.4,129420
VSH,20080923,18.7,19.5,17.8,18.6,335710
VSH,20080922,18.7,18.7,18.7,18.7,416270
VSH,20080919,16.8,17.7,16.8,17.7,111160
VSH,20080918,16.8,16.9,16.8,16.8,340340
VSH,20080917,17.7,18,17.7,17.7,422030
VSH,20080916,18.8,18.9,18.7,18.7,302630
VSH,20080915,18.8,19.8,18.8,19.8,71140
VSH,20080912,18.8,19.1,18.7,18.8,223950
VSH,20080911,19.4,20.1,19.4,19.5,134040
VSH,20080910,22.4,22.4,20.3,20.4,148200
VSH,20080909,22.1,22.9,21.5,21.5,100670
VSH,20080908,21.7,21.8,21.7,21.8,124840
VSH,20080905,24.1,24.1,22.9,22.9,121180
VSH,20080904,24.3,24.3,23,24.1,179900
VSH,20080903,23.3,24.5,23.3,24.3,329230
VSH,20080829,23.3,23.3,23.3,23.3,93500
VSH,20080828,24.6,24.6,24.6,24.6,52470
VSH,20080827,26.8,26.8,25.5,25.9,285200
VSH,20080826,26.1,26.1,25.9,25.9,258110
VSH,20080825,23.8,24.8,23.8,24.8,412380
VSH,20080822,24.8,24.8,23.5,23.8,214240
VSH,20080821,23.7,23.8,23.2,23.8,352810
VSH,20080820,21.5,23.6,21.5,23.3,321720
VSH,20080819,23.7,23.7,22.6,22.7,197210
VSH,20080818,22.5,22.5,22.1,22.5,465600
VSH,20080815,21.4,21.4,21.4,21.4,351670
VSH,20080814,20.7,20.7,20.3,20.7,308120
VSH,20080813,19.6,20.1,19.1,20.1,138570
VSH,20080812,19.5,19.5,19.5,19.5,122260
VSH,20080811,18.9,18.9,18.9,18.9,86210
VSH,20080808,18.1,18.3,17.8,18.3,59080
VSH,20080807,17.8,17.8,17.8,17.8,55060
VSH,20080806,17.1,17.3,17.1,17.3,34530
VSH,20080805,16.7,16.8,16.7,16.7,90870
VSH,20080804,17.3,17.4,17.3,17.3,88880
VSH,20080801,17.9,18.1,17.8,17.8,41540
VSH,20080731,17.8,18.4,17.7,18.3,107320
VSH,20080730,18.8,18.8,17.6,18.3,98100
VSH,20080729,18.2,18.2,18.2,18.2,26210
VSH,20080728,17.7,17.7,17.5,17.7,36500
VSH,20080725,17.1,17.7,17.1,17.1,110360
VSH,20080724,17.7,18.8,17.7,17.7,406840
VSH,20080723,18.3,18.3,18.3,18.3,520
VSH,20080722,19.5,19.5,18.9,18.9,2010
VSH,20080721,19.5,19.5,19.5,19.5,44170
VSH,20080718,20,21.2,20,20.1,209380
VSH,20080717,20.7,20.7,20.7,20.7,89350
VSH,20080716,20.1,20.1,18.9,20.1,338020
VSH,20080715,19.5,19.5,19.5,19.5,111600
VSH,20080714,18.9,18.9,18.9,18.9,72990
VSH,20080711,18.3,18.3,18.3,18.3,113120
VSH,20080710,17.7,17.7,17.7,17.7,64070
VSH,20080709,17.2,17.2,17.2,17.2,91530
VSH,20080708,15.6,16.7,15.6,16.7,196960
VSH,20080707,16.7,16.7,15.6,16.1,342240
VSH,20080704,16.1,16.1,16.1,16.1,11940
VSH,20080703,15.7,15.7,15.7,15.7,168420
VSH,20080702,15.2,15.2,14.7,15.2,272790
VSH,20080701,14.3,14.7,14.3,14.7,77100
VSH,20080630,13.9,14.4,13.9,14.3,110500
VSH,20080627,13.7,14.3,13.7,14.1,110190
VSH,20080626,14.2,14.2,13.3,14.1,214110
VSH,20080625,13.7,13.7,13.7,13.7,152010
VSH,20080624,13.3,13.3,13.3,13.3,38240
VSH,20080623,12.9,13.6,12.9,12.9,243320
VSH,20080620,13.3,13.3,13.3,13.3,71080
VSH,20080619,13.7,13.7,13.7,13.7,164420
VSH,20080618,14.5,14.5,13.9,14.2,284750
VSH,20080617,14.2,14.2,13.9,14.2,391400
VSH,20080616,13.5,13.9,13.5,13.9,515610
VSH,20080613,13.1,13.7,13.1,13.7,440690
VSH,20080612,13.4,13.4,13.4,13.4,206220
VSH,20080611,13.7,13.7,13.7,13.7,67620
VSH,20080610,13.9,13.9,13.9,13.9,510
VSH,20080609,14.2,14.2,14.2,14.2,2820
VSH,20080606,14.8,14.8,14.5,14.5,1920
VSH,20080605,14.8,14.8,14.8,14.8,310
VSH,20080604,15.1,15.1,15.1,15.1,780
VSH,20080603,15.5,15.5,15.5,15.5,650
VSH,20080602,15.8,15.8,15.8,15.8,420
VSH,20080530,16.1,16.1,16.1,16.1,15050
VSH,20080526,16.5,16.5,16.5,16.5,1040
VSH,20080522,17.1,17.1,17.1,17.1,1750
VSH,20080521,17.5,17.5,17.5,17.5,4730
VSH,20080520,17.8,17.8,17.8,17.8,1600
VSH,20080519,18.2,18.2,18.2,18.2,3460
VSH,20080516,18.6,18.6,18.6,18.6,44500
VSH,20080515,19,19,19,19,6720
VSH,20080514,19.4,19.4,19.4,19.4,1920
VSH,20080513,19.8,19.8,19.8,19.8,23300
VSH,20080512,20.2,20.2,20.2,20.2,11040
VSH,20080509,20.6,20.6,20.6,20.6,22570
VSH,20080508,21.1,21.1,21,21,210150
VSH,20080507,21.1,21.5,21,21.5,118510
VSH,20080506,21.5,21.5,21.1,21.5,252720
VSH,20080505,21.6,21.6,21.5,21.5,198480
VSH,20080429,21.2,21.2,20.9,21.2,364960
VSH,20080428,20.4,20.8,20.4,20.8,218470
VSH,20080425,20.3,20.7,20.3,20.4,45260
VSH,20080424,20.7,21,20.7,20.7,112340
VSH,20080423,21.1,21.1,21.1,21.1,46790
VSH,20080422,21.6,21.6,21.2,21.6,160050
VSH,20080421,21.2,21.2,21.2,21.2,135860
VSH,20080418,20.8,20.8,20.8,20.8,258610
VSH,20080417,19.6,20.4,19.6,20.4,158830
VSH,20080416,20,20,20,20,102630
VSH,20080411,19.6,20.4,19.6,20.4,148150
VSH,20080410,20,20,19.7,20,449090
VSH,20080409,19.6,19.6,19.6,19.6,33630
VSH,20080408,19.2,19.2,19.2,19.2,100990
VSH,20080407,18.5,18.8,18.5,18.8,720
VSH,20080404,18.4,18.4,18.4,18.4,350
VSH,20080403,18.2,18.2,18.2,18.2,3430
VSH,20080402,18.1,18.1,18.1,18.1,30
VSH,20080401,17.8,17.9,17.8,17.9,2240
VSH,20080331,17.8,17.8,17.8,17.8,10950
VSH,20080328,17.7,17.7,17.7,17.7,19920
VSH,20080327,17.5,17.5,17.5,17.5,2470
VSH,20080326,17.4,17.4,16.8,17.4,106270
VSH,20080325,16.5,16.8,16.5,16.5,124080
VSH,20080324,18.5,18.5,17.5,17.5,94390
VSH,20080321,18.8,19.1,18.1,18.1,270330
VSH,20080320,18.6,18.6,18.1,18.4,124400
VSH,20080319,19.6,19.6,17.7,17.7,56910
VSH,20080318,18.7,18.8,18.7,18.7,94150
VSH,20080317,19.7,20.1,19.7,19.7,60880
VSH,20080314,20.8,20.8,20.5,20.8,45330
VSH,20080313,20.9,21.5,20.9,20.9,87410
VSH,20080312,21.5,22.3,20.9,20.9,148860
VSH,20080311,22.7,22.7,21.5,21.7,158550
VSH,20080310,21.7,21.7,21.7,21.7,44710
VSH,20080307,20.7,20.7,20.7,20.7,10350
VSH,20080306,19.6,19.6,19.6,19.6,4710
VSH,20080305,18.6,19.1,18.6,18.6,124610
VSH,20080304,20.1,20.1,19.7,19.7,85830
VSH,20080303,21.5,21.8,20.8,20.8,109700
VSH,20080229,21.7,22.1,21.5,21.5,53660
VSH,20080228,22.5,22.5,22.2,22.3,97870
VSH,20080227,22.1,22.8,21.8,22.1,58410
VSH,20080226,23.1,23.1,21.8,22.1,123590
VSH,20080225,22.2,22.2,22.1,22.2,66470
VSH,20080222,21.1,21.1,21.1,21.1,239090
VSH,20080221,22.3,22.3,22.3,22.3,155270
VSH,20080220,24.5,24.5,23.5,23.5,95340
VSH,20080219,23.5,24.1,23.1,24.1,65160
VSH,20080218,24.1,24.5,24.1,24.1,105420
VSH,20080215,25.6,25.6,25.2,25.5,73770
VSH,20080214,25.1,25.8,25.1,25.6,81660
VSH,20080213,24.8,25.1,24.7,24.8,141850
VSH,20080212,26.2,26.7,26.1,26.1,34230
VSH,20080201,27.8,27.8,26.9,27.5,177550
VSH,20080131,27.1,27.1,25.8,26.8,162880
VSH,20080130,26.9,26.9,26.8,26.9,148070
VSH,20080129,25.1,25.6,24.8,25.6,136780
VSH,20080128,24.1,24.3,23.5,24.3,149700
VSH,20080125,22.1,23.3,22.1,23.1,152140
VSH,20080124,23,23.7,22.1,22.1,180840
VSH,20080123,23.3,23.5,22.9,22.9,259350
VSH,20080122,24.1,24.7,24.1,24.1,255920
VSH,20080121,26.1,26.1,25.5,25.5,30430
VSH,20080118,25.5,25.8,25.5,25.8,51820
VSH,20080117,27.1,27.1,25.5,25.5,74010
VSH,20080116,26.2,26.5,26.2,26.5,302090
VSH,20080115,25.5,25.5,25.1,25.1,76690
VSH,20080114,27.1,27.1,26.5,26.5,7150
VSH,20080111,26.4,27.1,26.1,26.9,6990
VSH,20080110,26.4,26.8,26.4,26.4,71450
VSH,20080109,28.5,28.5,27.9,27.9,12310
VSH,20080108,28.5,28.7,28.2,28.4,1310
VSH,20080107,28.8,28.8,27.8,27.9,13000
VSH,20080104,28.1,28.3,28.1,28.1,36290
VSH,20080103,29.3,29.3,28.2,28.3,69980
VSH,20080102,29.3,29.5,29.3,29.3,22370
VSH,20071228,29.2,29.5,29.2,29.3,45300
VSH,20071227,28.8,29.7,28.8,29.5,92490
VSH,20071226,29.1,30.1,29.1,29.8,73930
VSH,20071225,29.6,29.7,29.5,29.6,77460
VSH,20071224,29.9,30.3,29.6,29.6,163160
VSH,20071221,30.2,30.3,29.5,30.3,148590
VSH,20071220,30.7,30.7,29.8,30.1,71510
VSH,20071219,30.3,30.4,30.3,30.4,106390
VSH,20071218,29.1,29.1,28.9,29,223350
VSH,20071217,29.5,29.8,28.9,29.1,162040
VSH,20071214,30.1,30.8,29.5,29.5,171320
VSH,20071213,30.8,31.3,30.5,30.5,35950
VSH,20071212,30.2,31.5,30.2,31.5,147860
VSH,20071211,30.8,31.1,30.8,31.1,152070
VSH,20071210,31.5,31.5,31.1,31.5,91640
VSH,20071207,31.5,32.1,31.5,31.8,32070
VSH,20071206,31.8,31.8,31.5,31.5,115960
VSH,20071205,32.5,32.5,31.8,32.1,171530
VSH,20071204,32.7,32.7,31.8,32.5,271600
VSH,20071203,31.8,31.8,31.5,31.8,70840
VSH,20071130,31.8,31.8,31.1,31.1,204360
VSH,20071129,31.5,32.1,31.5,32.1,201470
VSH,20071128,32.1,32.1,31.5,31.8,38540
VSH,20071127,32.1,32.1,31.5,32.1,214460
VSH,20071126,31.4,31.4,31.1,31.2,295680
VSH,20071123,31.3,31.4,30.8,31.1,248170
VSH,20071122,30.6,31.5,30.6,30.8,162340
VSH,20071121,31.1,31.1,30.5,30.6,127940
VSH,20071120,31.1,31.8,31.1,31.1,278920
VSH,20071119,32.1,32.1,31.8,31.8,268900
VSH,20071116,31.5,32.5,30.9,30.9,305680
VSH,20071115,31.4,31.4,30.8,31.4,139490
VSH,20071114,31.5,32.1,29.9,29.9,594000
VSH,20071113,31.5,31.8,31.1,31.1,220250
VSH,20071112,33,33.3,32.7,32.7,160660
VSH,20071109,33.3,33.3,32.1,32.1,458540
VSH,20071108,32.7,33.3,32.5,33.3,180030
VSH,20071107,31.8,32.5,31.5,31.8,416610
VSH,20071106,32.7,33,32.5,32.5,355740
VSH,20071105,34,34.7,34,34,459780
VSH,20071102,35.7,36.7,35.7,35.7,195600
VSH,20071101,36.7,37,36.3,37,165700
VSH,20071031,37.7,37.7,36,37.3,92090
VSH,20071030,36.7,37,36.3,37,270740
VSH,20071029,36,37,36,36,223850
VSH,20071026,37.7,37.7,36.7,37.7,161400
VSH,20071025,38,38,37.3,37.7,282350
VSH,20071024,35.3,37,35.3,37,206020
VSH,20071023,35.3,36,35.3,35.3,87400
VSH,20071022,35.3,36.7,35.3,36.7,104500
VSH,20071019,35,36.7,35,36.7,161780
VSH,20071018,35.7,36,35.3,35.3,236720
VSH,20071017,37.3,37.3,36.7,36.7,86940
VSH,20071016,37.7,37.7,36.7,37.3,183200
VSH,20071015,36,37.3,36,37.3,293870
VSH,20071012,37,37.3,36.3,37,102190
VSH,20071011,37.3,37.7,37.3,37.3,167360
VSH,20071010,37.3,37.7,37,37.7,186020
VSH,20071009,36.7,38,36.7,37.3,174040
VSH,20071008,37.3,37.7,37,37.3,86170
VSH,20071005,37,38.7,36.7,37,314050
VSH,20071004,40,40.7,38,38.7,431570
VSH,20071003,39.3,40,39,40,234560
VSH,20071002,37.7,38.7,37,38.7,331750
VSH,20071001,36.7,37,36.3,37,209560
VSH,20070928,36.7,36.7,36.3,36.3,165850
VSH,20070927,36.3,36.3,35.3,36,287300
VSH,20070926,37.7,37.7,35,35.3,130040
VSH,20070925,35.7,36,35.3,36,164580
VSH,20070924,33.7,34.3,33.3,34.3,390170
VSH,20070921,33.7,33.7,33,33.3,147070
VSH,20070920,33.3,33.7,32.7,33.7,224060
VSH,20070919,30.8,32.1,30.7,32.1,217020
VSH,20070918,30.8,31.1,30.8,30.8,98870
VSH,20070917,31.8,31.8,31.5,31.5,138690
VSH,20070914,30.6,31.5,30.6,31.5,84220
VSH,20070913,30.8,30.8,29.2,30.8,137750
VSH,20070912,31.1,31.5,30.8,30.8,112130
VSH,20070911,31.5,32.1,31.2,31.5,106820
VSH,20070910,32.1,32.1,31.5,32.1,121970
VSH,20070907,31.5,32.1,31.5,32.1,137160
VSH,20070906,32.5,32.5,31.8,31.8,183010
VSH,20070905,32.5,32.5,31.8,32.5,359650
VSH,20070904,30.5,31.1,30.1,31.1,168980
VSH,20070831,29.1,30.1,28.8,29.5,255450
VSH,20070830,29.5,29.8,28.5,29.5,246250
VSH,20070829,29.5,29.5,29.5,29.5,48550
VSH,20070828,31.1,31.1,30.6,31.1,263960
VSH,20070827,29.5,29.9,28.9,29.9,271590
VSH,20070824,28.4,28.4,28.1,28.4,317050
VSH,20070823,27,27,25.7,27,572820
VSH,20070822,25.7,25.7,25.7,25.7,27140
VSH,20070821,24.1,24.4,23.8,24.4,123160
VSH,20070820,24.1,24.1,23.2,23.2,163010
VSH,20070817,24.6,24.8,24.5,24.5,142580
VSH,20070816,25.8,26.1,25.6,25.6,118310
VSH,20070815,26.9,26.9,26.7,26.7,141450
VSH,20070814,25.4,25.7,25.3,25.7,172193
VSH,20070813,25.6,26.3,25.4,25.4,136118
VSH,20070810,26.9,26.9,26.3,26.4,183214
VSH,20070809,25.8,27.1,25.8,26.1,322830
VSH,20070808,26.1,26.9,26.1,26.9,164609
VSH,20070807,27.5,28,26.1,26.1,77727
VSH,20070806,28,28,27.5,27.5,27609
VSH,20070803,28.4,28.6,28.1,28.1,123454
VSH,20070802,30.9,30.9,29.5,29.5,64444
VSH,20070801,29.3,30.7,29.3,30.7,247598
VSH,20070731,30.7,30.7,30.7,30.7,18017
VSH,20070730,32.1,32.5,32.1,32.1,37809
VSH,20070727,34,34,33.3,33.3,75912
VSH,20070726,35.3,35.3,35,35,113325
VSH,20070725,34.7,35,34.7,35,203715
VSH,20070724,35.3,35.3,34.7,34.7,129517
VSH,20070723,35,35,34.3,34.3,69494
VSH,20070720,35,35,35,35,23776
VSH,20070719,36,36,35.3,35.3,38721
VSH,20070718,36,36,36,36,96393
VSH,20070717,36,36,36,36,36491
VSH,20070716,36.3,36.3,36,36,32476
VSH,20070713,36.7,36.7,36.3,36.3,42574
VSH,20070712,36.7,37,36.7,36.7,34645
VSH,20070711,37.3,37.3,37,37,46133
VSH,20070710,37,37,36.7,37,28521
VSH,20070709,36,37,36,37,73570
VSH,20070706,37.3,37.3,36.3,37.3,42980
VSH,20070705,36,37.3,36,37.3,116529
VSH,20070704,35.7,37,35.7,37,41003
VSH,20070703,35.3,35.7,35.3,35.7,69940
VSH,20070702,36.7,37.3,36.7,36.7,106562
VSH,20070629,37.3,37.3,37,37,33003
VSH,20070628,37.3,37.3,37.3,37.3,64404
VSH,20070627,38,38,38,38,23746
VSH,20070626,38.7,38.7,38.3,38.3,62173
VSH,20070625,37.7,38.3,37.7,38.3,31026
VSH,20070622,37.7,38,37.7,38,76246
VSH,20070621,38,38,38,38,67932
VSH,20070620,39,39,38.3,38.3,86041
VSH,20070619,38.3,39.7,38.3,39.3,103977
VSH,20070618,38.3,38.3,38.3,38.3,225910
VSH,20070615,40.3,40.3,40.3,40.3,124894
VSH,20070614,40.3,40.3,40,40,16780
VSH,20070613,40.7,40.7,40.3,40.3,62092
VSH,20070612,41,41,40.3,40.3,62650
VSH,20070611,40.7,40.7,40.3,40.3,51132
VSH,20070608,41,41,40.3,40.3,81732
VSH,20070607,41,41,41,41,85169
VSH,20070606,41,41,41,41,112778
VSH,20070605,40.3,41,40.3,41,60024
VSH,20070604,41.3,41.3,41,41,112210
VSH,20070601,42.3,42.3,41.3,41.3,134333
VSH,20070531,42.7,42.7,41.3,41.3,182788
VSH,20070530,42.7,42.7,42,42,67162
VSH,20070529,43.7,43.7,43.3,43.3,89833
VSH,20070528,44.3,44.3,43.7,43.7,245215
VSH,20070525,43.7,43.7,43.3,43.3,161628
VSH,20070524,43.7,43.7,42.7,43.7,236728
VSH,20070523,43.7,44,43.7,43.7,350297
VSH,20070522,43.7,43.7,43.3,43.3,218721
VSH,20070521,41.3,43,41,43,125482
VSH,20070518,41.3,41.3,41,41,173065
VSH,20070517,40.7,41.3,40.7,41,505284
VSH,20070516,42.7,42.7,42.3,42.3,135013
VSH,20070515,44.3,44.3,43.3,43.3,205064
VSH,20070514,41.3,43.7,41.3,43.7,111703
VSH,20070511,41.3,41.3,41.3,41.3,188284
VSH,20070510,42,42,41.3,41.7,266872
VSH,20070509,40.7,41.3,40.7,41.3,328001
VSH,20070508,40.3,40.3,39.7,39.7,183772
VSH,20070507,36.7,38.3,36.7,38.3,117452
VSH,20070504,36.3,36.7,36.3,36.7,56739
VSH,20070503,38.3,38.3,37,37,109158
VSH,20070502,39.7,39.7,38.3,38.3,129010
VSH,20070425,38,38,38,38,80941
VSH,20070424,37,38,37,38,130551
VSH,20070423,38,38,38,38,27497
VSH,20070420,39.7,39.7,39.7,39.7,54467
VSH,20070419,41.3,41.3,41,41,47999
VSH,20070418,40.3,41.3,40.3,41.3,67111
VSH,20070417,41.3,41.3,40.3,40.3,111764
VSH,20070416,43.3,43.3,42,42,172233
VSH,20070413,42.3,42.7,42.3,42.7,174048
VSH,20070412,41.3,42.3,41.3,42.3,70771
VSH,20070411,43,43,41.7,41.7,74360
VSH,20070410,43,43.3,43,43,65783
VSH,20070409,41.3,41.3,41.3,41.3,32506
VSH,20070406,42,42.7,42,42.7,54133
VSH,20070405,43.3,43.3,43.3,43.3,104808
VSH,20070404,42,44.3,42,43.3,32171
VSH,20070403,43,43,43,43,70102
VSH,20070402,45,45,45,45,132589
VSH,20070330,46.7,46.7,45,45,226042
VSH,20070329,43,45,43,45,297766
VSH,20070328,41,43,41,43,134455
VSH,20070327,43.7,43.7,43,43,126719
VSH,20070326,43.7,43.7,43.7,43.7,130126
VSH,20070323,44.3,44.3,44.3,44.3,170895
VSH,20070322,45.3,45.3,44.3,44.3,97173
VSH,20070321,44.3,46,44.3,46,92621
VSH,20070320,48.7,48.7,45.7,45.7,194854
VSH,20070319,47,47,47,47,232409
VSH,20070316,45,45,45,45,170358
VSH,20070315,43,43,43,43,221337
VSH,20070314,45,45,45,45,265422
VSH,20070314,45,45,45,45,265422
VSH,20070313,48,48,47.3,47.3,165177
VSH,20070312,48.7,48.7,48.7,48.7,297888
VSH,20070309,49,49,48,48,209059
VSH,20070308,46,48,46,48,220323
VSH,20070307,48.7,48.7,47.3,47.3,265666
VSH,20070306,48,49.7,48,49.7,249281
VSH,20070305,50.5,52.5,50.5,50.5,360730
VSH,20070302,49.7,50.5,49.7,50.5,441356
VSH,20070301,50.5,50.5,48.7,49.7,234782
