<Ticker>,<DTYYYYMMDD>,<Open>,<High>,<Low>,<Close>,<Volume>
VTC,20100729,13.2,13.2,12,12.9,8600
VTC,20100728,13.5,13.5,12.2,12.4,10800
VTC,20100727,13.3,13.3,12.8,13,16400
VTC,20100726,14,14,13,13.2,8200
VTC,20100723,13.6,13.6,13.1,13.2,25900
VTC,20100722,13.6,13.9,13.2,13.3,53700
VTC,20100721,14.2,14.2,13.7,14.1,104300
VTC,20100720,12.9,13.4,12.9,13.3,80600
VTC,20100719,12.7,12.8,12.4,12.6,11900
VTC,20100716,12.2,12.5,12,12.3,25800
VTC,20100715,11.9,12.4,11.8,12.2,9900
VTC,20100714,13.3,13.3,12.3,12.6,6500
VTC,20100713,12.4,12.6,12.4,12.5,44400
VTC,20100712,11.5,12.2,11.5,11.8,18500
VTC,20100709,11.6,12.4,11.6,11.9,21500
VTC,20100708,12,12.4,12,12.1,5400
VTC,20100707,12.6,12.6,11.9,12.3,19000
VTC,20100706,13,13,12.1,12.6,17100
VTC,20100705,12.4,12.7,12.4,12.6,47000
VTC,20100702,12.2,12.2,11.8,11.9,33300
VTC,20100701,11.8,12.6,11.6,12.2,67400
VTC,20100630,12.4,12.4,11.6,11.8,32900
VTC,20100629,12.8,12.8,12.1,12.4,88900
VTC,20100628,11.6,12,11.6,12,37700
VTC,20100625,11.2,11.6,11.2,11.2,28000
VTC,20100624,11.6,11.8,11.4,11.6,28900
VTC,20100623,11.6,11.6,11.1,11.4,29000
VTC,20100622,12.4,12.4,11.2,11.4,45700
VTC,20100621,11.6,11.6,11,11.6,44900
VTC,20100618,10.4,11.1,10.4,10.9,47300
VTC,20100617,10.4,10.6,10.2,10.4,5400
VTC,20100616,10.9,10.9,10.4,10.4,21500
VTC,20100615,10.7,10.7,10.2,10.4,12600
VTC,20100614,11.2,11.2,10.7,10.7,13100
VTC,20100611,10.4,10.7,10.4,10.7,38400
VTC,20100610,10.2,10.4,10,10.1,17200
VTC,20100609,9.9,10.2,9.9,10.1,7500
VTC,20100608,10.3,10.4,10.2,10.3,14300
VTC,20100607,10.5,11.2,9.9,10.3,16400
VTC,20100604,10.7,10.7,10.5,10.5,9200
VTC,20100603,10.9,10.9,10.6,10.7,7900
VTC,20100602,10.5,10.8,10.5,10.6,4800
VTC,20100601,10.6,10.7,10.4,10.5,10100
VTC,20100531,11.8,11.8,10.5,10.7,6900
VTC,20100528,11.2,11.5,11.2,11.2,42600
VTC,20100527,11.2,11.2,10.7,10.9,5500
VTC,20100526,10.2,11.2,10.2,10.5,62500
VTC,20100525,11.2,11.2,10.7,10.9,2600
VTC,20100524,10.7,10.7,10.1,10.6,16400
VTC,20100521,10.3,10.7,10,10.1,47000
VTC,20100520,10.7,11.6,10.4,10.7,36800
VTC,20100519,11.6,11.6,10.7,11.2,29100
VTC,20100518,12.3,12.3,11.2,11.5,9600
VTC,20100517,12.1,12.1,11.2,11.6,26500
VTC,20100514,11.6,12.1,11.5,11.9,27000
VTC,20100513,11.2,12.4,11.2,11.4,67100
VTC,20100512,12.1,12.2,12,12,18300
VTC,20100511,13.4,13.6,12.3,12.9,35200
VTC,20100510,13,13.5,13,13,17500
VTC,20100507,14.3,14.3,12.8,13.9,145200
VTC,20100506,12.6,13.4,12.6,13.4,31300
VTC,20100505,12.7,12.7,12.2,12.6,100800
VTC,20100504,11.4,11.9,10.9,11.9,33800
VTC,20100429,11.2,11.5,10.8,11.2,33600
VTC,20100428,11.5,11.5,11.2,11.4,13400
VTC,20100427,11.3,11.9,11.2,11.5,13000
VTC,20100426,11.2,11.6,11.2,11.3,5200
VTC,20100422,12.3,12.7,11.4,12,25400
VTC,20100421,11.6,12.1,11.6,12.1,75200
VTC,20100420,10.9,11.6,10.9,11.4,91200
VTC,20100419,10.9,11,10.4,10.9,5600
VTC,20100416,10.9,11,10.8,10.9,27400
VTC,20100415,10.9,11,10.7,10.8,16700
VTC,20100414,10.7,11,10.7,10.9,12700
VTC,20100413,11.2,11.7,10.5,10.9,10700
VTC,20100412,10.7,11.2,10.7,11.1,73300
VTC,20100409,9.8,11.1,9.8,10.5,43600
VTC,20100408,10.1,10.6,9.5,10.4,37400
VTC,20100407,9.9,10.2,9.8,10.1,14300
VTC,20100406,10.3,10.4,9.5,10,10200
VTC,20100405,10.7,10.7,9.8,10.1,9300
VTC,20100402,10.3,10.3,10.3,10.3,100
VTC,20100401,10,10.2,9.6,9.9,1200
VTC,20100331,9.9,10,9.5,9.7,5900
VTC,20100330,9.9,10.1,9.9,10,3000
VTC,20100329,10.4,10.4,10.4,10.4,100
VTC,20100326,10,10,10,10,9700
VTC,20100325,10.4,10.4,9.9,10,3800
VTC,20100324,10.4,10.4,10.1,10.3,14200
VTC,20100323,9.8,9.9,9.8,9.8,10800
VTC,20100322,10.2,10.2,9.7,9.9,4000
VTC,20100319,10.6,10.6,10,10.1,10400
VTC,20100318,9.9,10.6,9.9,10.2,9800
VTC,20100317,10.1,10.1,9.9,10,15200
VTC,20100316,11.1,11.1,10.6,10.6,15100
VTC,20100315,11.2,11.6,11,11.3,15200
VTC,20100312,10.6,11.1,10.6,11,44000
VTC,20100311,10,10.6,10,10.4,20000
VTC,20100310,9.6,10.3,9.6,10,41800
VTC,20100309,9.6,9.8,9.5,9.6,5400
VTC,20100308,9.3,9.9,9.3,9.8,30800
VTC,20100305,9.3,9.4,9.2,9.3,1300
VTC,20100304,9.4,9.4,9,9.4,13600
VTC,20100303,9.1,9.6,9.1,9.1,12800
VTC,20100302,9.1,9.2,9.1,9.1,11600
VTC,20100301,9.3,9.6,9.3,9.6,5500
VTC,20100226,9.4,9.7,9.3,9.5,7000
VTC,20100225,9.1,9.1,9.1,9.1,3400
VTC,20100224,9.1,9.1,9.1,9.1,2900
VTC,20100223,9.4,9.4,9,9.1,2700
VTC,20100222,9.3,9.3,9.3,9.3,1000
VTC,20100212,9.6,9.8,9.6,9.7,4200
VTC,20100211,9.4,9.6,9.4,9.6,1400
VTC,20100210,9.1,9.4,9,9.2,3300
VTC,20100209,9.1,9.1,8.8,8.9,1300
VTC,20100208,8.9,9.6,8.9,8.9,10200
VTC,20100205,9.1,9.4,9.1,9.1,2200
VTC,20100204,9.6,9.6,9.6,9.6,100
VTC,20100203,9.2,9.4,9.2,9.3,9500
VTC,20100202,8.9,9.2,8.9,9.2,600
VTC,20100201,9.6,9.8,9.4,9.5,4900
VTC,20100129,9.2,9.8,9.2,9.5,8300
VTC,20100128,9.7,9.7,9.6,9.6,2200
VTC,20100127,10.3,10.3,9.5,9.7,6400
VTC,20100126,9.6,9.6,9.6,9.6,10000
VTC,20100125,9,9.1,8.9,9,3000
VTC,20100122,9.2,9.6,9.2,9.4,4700
VTC,20100121,9.1,9.1,8.9,9,9300
VTC,20100120,9.8,10,8.9,9.6,9700
VTC,20100119,10,10,9.4,9.4,2800
VTC,20100118,9.4,9.4,9.3,9.4,3100
VTC,20100115,9.8,9.8,9.6,9.7,2900
VTC,20100114,10,10,10,10,100
VTC,20100113,9.3,10,9.2,9.6,9600
VTC,20100112,10.3,10.3,9.6,9.7,9800
VTC,20100111,10.4,10.4,9.8,10.2,9500
VTC,20100108,10.6,10.6,10.1,10.4,5900
VTC,20100107,10.8,10.8,10.2,10.6,2700
VTC,20100106,11.2,11.2,10.6,10.8,12200
VTC,20100105,11.4,11.4,11.1,11.3,14000
VTC,20100104,10.4,10.8,10.2,10.7,12400
VTC,20091231,10.1,10.4,10.1,10.2,5900
VTC,20091230,10,10,9.6,9.8,9500
VTC,20091229,10.1,10.5,9.8,10.1,2400
VTC,20091228,11.1,11.1,10,10.4,4100
VTC,20091225,10.1,10.4,10.1,10.4,22400
VTC,20091224,9.4,10.1,9.3,9.8,21700
VTC,20091223,9.5,9.5,9.4,9.5,3200
VTC,20091222,9.6,9.6,9.4,9.5,4300
VTC,20091221,9.6,9.6,9.6,9.6,6100
VTC,20091218,8.8,8.9,8.8,8.9,11100
VTC,20091217,8.5,8.5,8.3,8.4,4000
VTC,20091216,9,9,8.8,8.9,12100
VTC,20091215,9.1,9.1,8.9,9,8800
VTC,20091214,8.5,9.3,8.5,9,8700
VTC,20091211,9.3,9.3,8.6,8.8,7700
VTC,20091210,9.7,9.7,9.1,9.2,3300
VTC,20091209,9.3,9.3,9.1,9.2,8100
VTC,20091208,10.3,10.3,9.6,9.7,8200
VTC,20091207,10.1,10.4,10,10.1,4800
VTC,20091204,10,10,9.7,9.9,2000
VTC,20091203,10.7,10.7,10.3,10.4,4400
VTC,20091202,10.7,10.8,10.4,10.5,4700
VTC,20091201,10.7,11,10.7,10.8,5600
VTC,20091130,9.8,10.4,9.8,10.3,2100
VTC,20091127,9.3,10.5,9.3,9.7,23700
VTC,20091126,9.9,10,9.9,9.9,8300
VTC,20091125,10.7,10.7,10.4,10.6,19600
VTC,20091124,11.5,11.5,11,11.2,2800
VTC,20091123,11.2,11.2,11.2,11.2,4900
VTC,20091120,12,12,11.6,11.9,6600
VTC,20091119,10.9,12,10.9,11.8,15500
VTC,20091118,11.4,12,11.2,11.3,21700
VTC,20091117,11.6,11.8,11.6,11.7,4700
VTC,20091116,12.3,12.3,11.6,11.7,6400
VTC,20091113,11.9,12.3,11.6,11.9,22700
VTC,20091112,11.6,11.9,11.2,11.8,31100
VTC,20091111,11.2,11.5,11.1,11.2,14300
VTC,20091110,11.2,11.2,11.1,11.2,20300
VTC,20091109,12.1,12.1,11.9,11.9,13400
VTC,20091106,13.2,13.2,12.4,12.8,19800
VTC,20091105,12.5,12.5,12.3,12.4,33000
VTC,20091104,11.6,11.7,11.6,11.7,35300
VTC,20091103,11.3,11.4,10.7,11,21000
VTC,20091102,11.9,12.1,11.1,11.4,16400
VTC,20091030,11.2,12,10.9,11.9,15900
VTC,20091029,11.6,11.7,11.2,11.2,42200
VTC,20091028,11.8,12.5,11.8,12,38100
VTC,20091027,12.6,12.6,12.6,12.6,17500
VTC,20091026,13.6,13.6,13.5,13.5,14700
VTC,20091023,14.6,14.6,12.9,14.5,174800
VTC,20091022,13.7,13.7,13.4,13.7,108000
VTC,20091021,12.9,12.9,12.9,12.9,49900
VTC,20091020,12,12.1,12,12.1,22600
VTC,20091019,11.2,11.8,11,11.3,71600
VTC,20091016,11.5,11.5,10.6,11.1,22600
VTC,20091015,11.1,11.6,11.1,11.3,65100
VTC,20091014,11.2,11.2,10.7,11.1,20400
VTC,20091013,11.2,11.2,10.7,10.9,24900
VTC,20091012,10.7,11.2,10.7,11.1,85900
VTC,20091009,10.5,10.6,10.4,10.4,13200
VTC,20091008,10.7,10.9,10.3,10.6,8400
VTC,20091007,11.3,11.3,10.5,10.9,46900
VTC,20091006,10.5,10.7,10.3,10.6,37100
VTC,20091005,9.8,10.3,9.6,10,13000
VTC,20091002,10.4,10.4,9.9,10.1,13700
VTC,20091001,10.7,11.2,10.3,10.6,37700
VTC,20090930,10,10.6,9.9,10.4,27300
VTC,20090929,10.3,10.4,9.8,10,20700
VTC,20090928,10.7,10.7,10.3,10.4,21400
VTC,20090925,11,11.1,10.2,10.5,32300
VTC,20090924,11.2,11.2,10.7,10.9,11300
VTC,20090923,10.7,11.3,10.7,11.1,40600
VTC,20090922,10.9,11,10.7,10.9,24800
VTC,20090921,10.6,11.2,10.5,10.9,85700
VTC,20090918,10.4,10.5,10.3,10.4,34500
VTC,20090917,10.3,10.5,10.3,10.4,24300
VTC,20090916,10.6,10.6,10.3,10.4,21400
VTC,20090915,10.7,10.9,10.2,10.6,17700
VTC,20090914,10.4,10.5,10.3,10.4,20500
VTC,20090911,10.4,10.5,10.3,10.4,22000
VTC,20090910,10.4,10.4,10.3,10.4,15900
VTC,20090909,10.6,10.6,10.2,10.3,18000
VTC,20090908,9.6,10.4,9.6,10.2,18000
VTC,20090907,9.8,9.8,9.6,9.7,6700
VTC,20090904,9.8,10,9.8,9.9,14800
VTC,20090903,10.2,10.2,10,10,7100
VTC,20090901,9.9,11.2,9.9,10.5,9600
VTC,20090831,9.6,10.8,9.6,10.6,46600
VTC,20090828,9.8,10.2,9.8,10.2,56300
VTC,20090827,9.4,9.8,9.4,9.6,12000
VTC,20090826,9.4,9.6,9.4,9.5,10700
VTC,20090825,9.6,9.6,9.3,9.4,4100
VTC,20090824,9.4,9.8,9.4,9.6,10000
VTC,20090821,9.5,9.6,9.3,9.4,11300
VTC,20090820,9.6,9.6,9.4,9.5,30100
VTC,20090819,9.7,9.7,9.5,9.5,7200
VTC,20090818,9.8,9.8,9.6,9.7,7300
VTC,20090817,9.4,9.9,9.4,9.8,11100
VTC,20090814,9.6,9.8,9.6,9.6,7700
VTC,20090813,9.9,10.3,9.8,10,4100
VTC,20090812,9.6,9.8,9.6,9.8,21100
VTC,20090811,9.6,9.6,9.4,9.6,28700
VTC,20090810,9.4,9.7,9.4,9.6,14900
VTC,20090807,9.9,9.9,9.6,9.6,4900
VTC,20090806,8.9,9.8,8.9,9.7,14000
VTC,20090805,9.7,9.7,9.2,9.5,4600
VTC,20090804,9.5,9.6,9.4,9.6,10800
VTC,20090803,9.3,9.4,9.3,9.4,8600
VTC,20090731,9.1,9.6,9.1,9.3,13900
VTC,20090730,10.2,10.2,9.1,9.1,34000
VTC,20090729,9.8,9.8,9.7,9.7,11200
VTC,20090728,10.7,10.7,10.1,10.4,2400
VTC,20090727,10.7,10.7,9.8,10.5,12900
VTC,20090724,9.8,10.4,9.8,10.1,12900
VTC,20090723,9.6,9.8,9.6,9.7,900
VTC,20090722,9.8,9.8,9.4,9.6,6500
VTC,20090721,9.9,10,9.6,9.8,5400
VTC,20090720,9.9,9.9,9.9,9.9,900
VTC,20090717,10.8,10.8,10.5,10.6,2200
VTC,20090716,10.2,11.1,10.2,11,5200
VTC,20090715,10.4,10.4,10.3,10.4,4700
VTC,20090714,10.3,10.3,10,10.2,5100
VTC,20090713,11.1,11.1,10.3,10.7,9400
VTC,20090710,11,11.2,10.9,11,7700
VTC,20090709,10.7,11.1,10.3,10.8,14800
VTC,20090708,11.5,11.7,10.7,10.9,12400
VTC,20090707,11.1,11.1,10.7,11,14100
VTC,20090706,10,10.4,10,10.4,2300
VTC,20090703,9.4,9.9,9.4,9.8,8400
VTC,20090702,10.2,10.2,8.9,9.3,2000
VTC,20090701,10,10,9.6,9.6,5900
VTC,20090630,10.3,10.9,10.2,10.3,13700
VTC,20090629,11.6,11.6,10.8,10.9,5800
VTC,20090626,12.1,12.1,11,11.6,3100
VTC,20090625,12,12.1,11.6,11.8,11900
VTC,20090624,10.7,12.1,10.7,11.6,29700
VTC,20090623,11.4,12.2,11.4,11.4,9100
VTC,20090622,12.5,12.5,12.1,12.2,6500
VTC,20090619,13.4,13.6,12.5,13,13400
VTC,20090618,12.2,13.4,12.2,13.2,56500
VTC,20090617,13.1,13.1,13.1,13.1,70500
VTC,20090616,14.9,15.8,13.9,14,66700
VTC,20090615,14.9,14.9,14.9,14.9,128100
VTC,20090612,14,14,14,14,23500
VTC,20090611,13.1,13.1,13.1,13.1,18900
VTC,20090610,12.3,12.3,12.2,12.3,167600
VTC,20090609,11.5,11.5,11.5,11.5,35000
VTC,20090608,10.8,10.8,10.8,10.8,3000
VTC,20090528,9.6,10.2,9.6,9.7,38370
VTC,20090527,10.1,10.3,10,10.1,34590
VTC,20090526,10.5,10.5,10.3,10.4,54360
VTC,20090525,9.6,10.5,9.6,10.3,40650
VTC,20090522,10.1,10.4,10.1,10.1,38180
VTC,20090521,10.4,10.5,10.1,10.4,142440
VTC,20090520,10.1,10.1,10,10.1,61580
VTC,20090519,9.6,9.6,9.6,9.6,30350
VTC,20090518,9.1,9.2,9,9.1,52060
VTC,20090515,8.8,8.8,8.7,8.8,16740
VTC,20090514,8.5,8.7,8.4,8.5,19960
VTC,20090513,9.3,9.3,8.5,8.7,55780
VTC,20090512,8.6,8.9,8.5,8.7,31740
VTC,20090511,9.1,9.1,8.7,8.8,14270
VTC,20090508,8.9,8.9,8.8,8.8,24940
VTC,20090507,8.8,9.2,8.5,8.8,44580
VTC,20090506,8.8,8.8,8.8,8.8,26470
VTC,20090505,9.8,9.8,9.3,9.6,37450
VTC,20090504,9.4,9.4,9.3,9.3,41060
VTC,20090429,8.5,8.9,8.5,8.8,3410
VTC,20090428,8.9,9.2,8.5,8.7,29060
VTC,20090427,9.7,9.7,8.9,9,5130
VTC,20090424,10,10,9.3,9.4,10960
VTC,20090423,9.6,9.8,9.6,9.6,6830
VTC,20090422,9.4,10,9.4,9.6,12090
VTC,20090421,9.6,9.6,9.6,9.6,6340
VTC,20090420,10.6,10.6,9.9,10,48210
VTC,20090417,10.4,10.4,10,10.4,45810
VTC,20090416,9.9,9.9,9.9,9.9,3910
VTC,20090415,9.4,9.5,9.2,9.4,28610
VTC,20090414,9,9,8.7,8.9,28290
VTC,20090413,8.7,8.7,8.7,8.7,3690
VTC,20090410,8.2,8.3,8.1,8.2,19570
VTC,20090409,7.7,8,7.7,7.9,10140
VTC,20090408,8.2,8.4,8,8.2,12650
VTC,20090407,8,8,7.7,8,13520
VTC,20090403,7.4,7.7,7.4,7.5,17140
VTC,20090402,7.1,7.4,7.1,7.1,10120
VTC,20090401,7.4,7.4,7.1,7.3,3920
VTC,20090331,7.2,7.4,7.2,7.2,1180
VTC,20090330,7.3,7.4,7.1,7.2,2170
VTC,20090327,7.4,7.4,7.2,7.2,9310
VTC,20090326,7.2,7.2,7.1,7.2,1130
VTC,20090325,7.5,7.5,7,7.4,2410
VTC,20090324,7.1,7.3,7.1,7.2,4170
VTC,20090323,7.6,7.6,7.1,7.3,2390
VTC,20090320,7.5,7.5,7.1,7.5,6150
VTC,20090319,7.4,7.6,7.3,7.3,10430
VTC,20090318,7.2,7.2,7.1,7.1,6000
VTC,20090317,7,7.1,6.9,7,5710
VTC,20090316,6.7,6.9,6.7,6.7,3210
VTC,20090313,6.7,6.7,6.6,6.7,920
VTC,20090312,6.9,6.9,6.6,6.7,4320
VTC,20090311,6.7,6.8,6.5,6.7,3260
VTC,20090310,6.5,6.8,6.5,6.6,4530
VTC,20090309,6.2,6.5,6.2,6.4,2970
VTC,20090306,6.6,6.6,6.5,6.6,840
VTC,20090305,6.5,6.5,6.5,6.5,970
VTC,20090304,6.3,6.5,6.3,6.5,1690
VTC,20090303,6.5,6.6,6.4,6.4,510
VTC,20090302,6.6,6.6,6.4,6.4,390
VTC,20090227,6.2,6.5,6.2,6.4,260
VTC,20090226,6,6.5,6,6.1,1050
VTC,20090225,6.2,6.4,6.2,6.2,3000
VTC,20090224,6,6.4,6,6.2,80
VTC,20090223,6.8,6.8,6.2,6.4,520
VTC,20090220,6.4,7,6.4,6.6,2750
VTC,20090219,7,7.1,6.7,6.9,4440
VTC,20090218,6.8,7,6.8,6.8,260
VTC,20090217,7.3,7.3,7.1,7.2,2230
VTC,20090216,7.4,7.4,7.4,7.4,1050
VTC,20090213,7.2,7.4,7.1,7.1,3160
VTC,20090212,7.3,7.3,7.2,7.3,2090
VTC,20090211,7.5,7.5,7.1,7.4,370
VTC,20090210,7.7,7.7,7.5,7.5,900
VTC,20090209,7.5,7.8,7.5,7.7,8070
VTC,20090206,7.4,7.4,7.1,7.4,1740
VTC,20090205,7.5,7.5,7.4,7.4,30
VTC,20090204,7.1,7.1,7.1,7.1,290
VTC,20090203,7,7.1,7,7,820
VTC,20090202,7.5,7.5,7,7.3,920
VTC,20090123,7,7.7,7,7.1,1400
VTC,20090122,7.3,7.3,7.3,7.3,800
VTC,20090121,7.2,7.5,7.2,7.2,167000
VTC,20090120,7.6,7.6,7.6,7.6,200
VTC,20090119,7.2,7.6,7.2,7.3,1870
VTC,20090116,7.5,7.6,7.5,7.5,550
VTC,20090115,7.1,7.5,7.1,7.4,1610
VTC,20090114,7.5,7.5,7.3,7.3,320
VTC,20090113,7.4,7.4,7.4,7.4,2340
VTC,20090112,7.8,7.8,7.8,0.3,610
VTC,20090109,7.6,7.6,7.6,7.6,20
VTC,20090108,7.6,7.6,7.4,7.4,3070
VTC,20090107,7.6,7.8,7.6,7.7,7800
VTC,20090106,7.3,7.8,7.3,7.4,5240
VTC,20090105,7.6,7.6,7.6,7.6,2030
VTC,20090102,7.5,7.5,7.3,7.3,3220
VTC,20081231,7.2,7.7,7.2,7.2,1210
VTC,20081230,7.9,7.9,7.5,7.6,3720
VTC,20081229,7.9,7.9,7.9,7.9,560
VTC,20081226,7.4,7.9,7.4,7.5,2660
VTC,20081225,7.8,7.8,7.8,7.8,1000
VTC,20081224,7.1,7.8,7.1,7.3,60
VTC,20081223,7.4,7.4,7.4,7.4,220
VTC,20081222,7.3,7.6,7.3,7.5,3620
VTC,20081219,7.4,7.6,7.4,7.5,560
VTC,20081218,7.4,7.8,7.4,7.5,900
VTC,20081217,7.4,7.8,7.4,7.6,2850
VTC,20081216,7.9,7.9,7.6,7.9,960
VTC,20081215,7.8,8,7.8,7.9,2270
VTC,20081212,7.5,7.8,7.3,7.5,1910
VTC,20081211,7.5,7.6,7.3,7.4,1530
VTC,20081210,6.9,7.5,6.9,7.1,190
VTC,20081209,7.6,7.6,7.2,7.3,800
VTC,20081208,7.8,7.8,7.6,7.6,80
VTC,20081205,8,8,7.8,7.8,120
VTC,20081204,7.3,7.8,7.3,7.4,2640
VTC,20081203,7.4,7.7,7.3,7.3,3100
VTC,20081202,7.7,7.7,7.4,7.5,2950
VTC,20081201,7.8,8,7.8,7.8,1910
VTC,20081128,8,8,7.9,7.9,1240
VTC,20081127,7.4,8.1,7.4,7.4,3640
VTC,20081126,7.8,8.1,7.8,7.9,4310
VTC,20081125,8.1,8.5,8.1,8.1,5250
VTC,20081124,8.5,8.9,8.5,8.5,4700
VTC,20081121,8.9,8.9,8.8,8.8,1600
VTC,20081120,9.4,9.4,9.2,9.2,1550
VTC,20081119,9.6,9.9,9.6,9.7,9700
VTC,20081118,10.1,10.1,9.8,10.1,1130
VTC,20081118,10.1,10.1,9.8,10.1,1130
VTC,20081117,10,10,10,10,940
VTC,20081114,10.4,10.4,9.9,10.1,4970
VTC,20081113,10.1,10.3,9.8,9.9,1680
VTC,20081112,10.4,10.4,10.3,10.3,230
VTC,20081111,10.2,10.9,10.2,10.4,3760
VTC,20081110,10.7,10.7,10.2,10.5,1180
VTC,20081107,10.3,10.8,10.3,10.3,1560
VTC,20081106,10.8,11.2,10.8,10.8,2630
VTC,20081105,11.3,11.3,10.8,11.1,8830
VTC,20081104,10.8,10.8,10.3,10.7,4630
VTC,20081103,10.8,11.2,10.7,10.9,4600
VTC,20081031,10.7,11.2,10.7,11.2,10150
VTC,20081030,10.7,10.7,10.4,10.7,11490
VTC,20081029,10.3,10.3,10,10.3,7100
VTC,20081028,9.8,9.8,9.8,9.8,740
VTC,20081027,10.3,10.3,10.3,10.3,2760
VTC,20081024,10.8,11.1,10.8,10.9,5850
VTC,20081023,11.1,11.2,10.4,10.6,5160
VTC,20081022,10.9,11.3,10.7,10.9,6980
VTC,20081021,10.8,11.6,10.8,11.2,8050
VTC,20081020,11.5,11.5,11.3,11.5,2180
VTC,20081017,11.4,11.4,11.1,11.2,3140
VTC,20081016,11.1,11.4,11.1,11.1,1880
VTC,20081015,11.6,11.8,11.5,11.7,2950
VTC,20081014,11.2,11.2,11.2,11.2,1190
VTC,20081013,10.7,10.7,10.7,10.7,2110
VTC,20081010,11.6,11.6,11.1,11.2,3290
VTC,20081009,11.1,11.6,11.1,11.3,1360
VTC,20081008,11,11.6,11,11.3,3950
VTC,20081007,11.5,11.5,11.5,11.5,5140
VTC,20081006,12.1,12.1,11.8,12,5140
VTC,20081003,12.3,12.3,12.3,12.3,1550
VTC,20081002,12.1,12.7,12.1,12.4,2480
VTC,20081001,11.6,12.3,11.6,11.6,3470
VTC,20080930,11.9,11.9,11.9,11.9,4040
VTC,20080929,12.3,12.4,12.2,12.3,5150
VTC,20080926,13.3,13.3,12.5,13.1,5250
VTC,20080925,13.1,13.4,12.7,12.9,4430
VTC,20080924,12.3,13.4,12.3,12.4,5670
VTC,20080923,14,14,12.9,13.6,11160
VTC,20080922,13.4,13.4,13.4,13.4,14950
VTC,20080919,11.7,12.8,11.7,12.2,4110
VTC,20080918,12.2,12.2,12.2,12.2,3980
VTC,20080917,12.9,13,12.9,12.9,4740
VTC,20080916,14.1,14.1,13.5,13.7,1450
VTC,20080915,14.1,14.1,13.4,14,8240
VTC,20080912,13.5,13.5,13.5,13.5,4060
VTC,20080911,14.1,14.1,14.1,14.1,12510
VTC,20080910,14.8,14.9,14.8,14.8,10940
VTC,20080909,15.4,15.6,15.2,15.4,13850
VTC,20080908,14.9,15.6,14.9,15.4,13420
VTC,20080905,16,16.2,15,15.6,29490
VTC,20080904,15.7,16,15.4,15.7,25350
VTC,20080903,15.3,15.3,15.2,15.3,11850
VTC,20080829,14.6,14.6,14.6,14.6,4130
VTC,20080828,16.1,16.5,15.3,15.8,4620
VTC,20080827,16.1,16.1,16.1,16.1,19190
VTC,20080826,15.4,15.4,15.4,15.4,24000
VTC,20080825,14,14.6,14,14.4,29790
VTC,20080822,14.3,14.3,13.2,13.9,7730
VTC,20080821,12.4,13.7,12.4,12.8,4900
VTC,20080820,12.7,13.7,12.7,12.8,5750
VTC,20080819,14.6,14.6,13.3,13.4,1630
VTC,20080818,13.9,13.9,13.8,13.9,10380
VTC,20080815,13.3,13.3,13.3,13.3,2360
VTC,20080814,12.4,12.9,12.4,12.8,6890
VTC,20080813,12.6,12.8,12.6,12.6,6800
VTC,20080812,13.7,13.7,12.9,13.5,4010
VTC,20080811,12.9,13.3,12.9,13.1,3930
VTC,20080808,12.6,12.9,12.6,12.9,8010
VTC,20080807,12.8,13.4,12.7,12.9,3970
VTC,20080806,12.7,13.4,12.7,12.9,3970
VTC,20080805,13,13,13,13,170
VTC,20080804,13.4,13.4,13.4,13.4,1630
VTC,20080801,13.7,13.7,13.7,13.7,1780
VTC,20080731,14.1,14.1,14.1,14.1,1970
VTC,20080730,15.2,15.2,14.5,14.8,3190
VTC,20080729,14.1,14.8,14.1,14.6,14540
VTC,20080728,14.5,14.5,14.5,14.5,6600
VTC,20080725,14.9,14.9,14.9,14.9,2510
VTC,20080724,15.4,15.4,15.4,15.4,740
VTC,20080723,15.8,15.8,15.8,15.8,40
VTC,20080722,16.2,16.2,16.2,16.2,10
VTC,20080721,16.7,16.7,16.7,16.7,2890
VTC,20080718,17.1,17.1,17.1,17.1,4230
VTC,20080717,17.6,18.7,17.6,18.2,28410
VTC,20080716,18.1,18.1,17.4,18,9570
VTC,20080715,17.7,17.7,17.7,17.7,3810
VTC,20080714,17.2,17.2,17.2,17.2,1100
VTC,20080711,16.8,16.8,16.8,16.8,9200
VTC,20080710,16.3,16.3,15.4,16.2,10750
VTC,20080709,15.2,15.9,15.2,15.8,7470
VTC,20080708,16.3,16.3,15.4,15.8,7230
VTC,20080707,15.9,15.9,15.9,15.9,4740
VTC,20080704,15.4,15.4,15.4,15,11170
VTC,20080703,15,15,15,15,30
VTC,20080702,14.6,14.6,14.6,14.6,1100
VTC,20080701,14.3,14.3,14.3,14.3,13680
VTC,20080630,13.9,13.9,13.9,13.9,14070
VTC,20080627,13.7,13.7,13.7,13.7,9460
VTC,20080626,13.4,13.4,13.4,13.4,40790
VTC,20080625,13,13.1,12.9,13.1,8800
VTC,20080624,12.8,12.9,12.8,12.8,2610
VTC,20080623,12.1,12.7,12.1,12.7,17020
VTC,20080620,12.4,12.4,12.3,12.4,4990
VTC,20080619,12.4,12.4,12.2,12.3,26270
VTC,20080618,12.4,12.4,12.1,12.3,16310
VTC,20080617,12.2,12.2,12.2,12.2,1750
VTC,20080616,12.1,12.1,12.1,12.1,50
VTC,20080613,11.9,11.9,11.9,11.9,600
VTC,20080612,11.7,11.7,11.7,11.7,450
VTC,20080611,11.3,11.6,11.3,11.4,3910
VTC,20080610,11.1,11.4,11.1,11.3,4880
VTC,20080609,11.1,11.2,10.9,11,5880
VTC,20080606,11,11.1,10.9,11,6110
VTC,20080605,10.7,11,10.7,10.8,10450
VTC,20080604,10.9,10.9,10.9,10.9,590
VTC,20080602,11,11,11,11,2100
VTC,20080530,11.2,11.2,11.2,11.2,600
VTC,20080526,11.3,11.3,11.3,11.3,1150
VTC,20080522,11.6,11.6,11.6,11.6,30
VTC,20080521,11.8,11.8,11.8,11.8,120
VTC,20080520,12,12,12,12,110
VTC,20080519,12.1,12.1,12.1,12.1,1450
VTC,20080516,12.3,12.3,12.3,12.3,790
VTC,20080515,12.5,12.5,12.5,12.5,700
VTC,20080514,12.8,12.8,12.6,12.6,820
VTC,20080512,12.8,12.8,12.8,12.8,10
VTC,20080509,12.9,12.9,12.9,12.9,80
VTC,20080508,13.1,13.1,13.1,13.1,100
VTC,20080507,13.3,13.3,13.3,13.3,390
VTC,20080505,13.5,13.5,13.5,13.5,1460
VTC,20080429,13.9,13.9,13.6,13.7,2240
VTC,20080428,13.8,14.3,13.8,13.8,4350
VTC,20080425,14,14,14,14,7000
VTC,20080424,14.3,14.3,14.3,14.3,1010
VTC,20080423,14.5,14.5,14.5,14.5,2220
VTC,20080422,14.3,14.7,14.3,14.6,260
VTC,20080421,14.9,15,14.6,14.6,3460
VTC,20080418,14.7,14.7,14.6,14.6,5720
VTC,20080417,14.6,14.7,14.6,14.6,14530
VTC,20080416,14.7,14.7,14.7,14.7,1380
VTC,20080411,15.2,15.2,15,15,1680
VTC,20080410,15.2,15.2,15.2,15.2,1420
VTC,20080409,15.4,15.4,15.4,15.4,3680
VTC,20080408,16.1,16.1,15.6,15.9,10420
VTC,20080407,15.9,15.9,15.9,15.9,690
VTC,20080404,15.6,15.6,15.6,15.6,500
VTC,20080403,15.5,15.5,15.5,15.5,20
VTC,20080402,15.4,15.4,15.4,15.4,20
VTC,20080401,15.4,15.4,15.4,15.4,360
VTC,20080331,15.2,15.2,15.2,15.2,280
VTC,20080328,15,15.1,15,15.1,1710
VTC,20080327,15,15,15,15,9420
VTC,20080326,14.9,15.2,14.9,14.9,5770
VTC,20080325,15.4,15.4,15.4,15.4,2530
VTC,20080324,16.2,16.2,16.2,16.2,1160
VTC,20080321,17.1,17.1,16.8,17,3520
VTC,20080320,16.3,17.5,16.3,16.5,3250
VTC,20080319,17,17.7,17,17.1,13410
VTC,20080318,17.7,17.7,17.7,17.7,11810
VTC,20080317,18.5,18.5,18.5,18.5,3530
VTC,20080314,19.6,19.6,19.3,19.5,3380
VTC,20080313,19.8,20.1,19.5,19.6,3160
VTC,20080312,19.6,20.4,19.3,19.5,16790
VTC,20080311,19.6,19.6,18.8,19.5,9330
VTC,20080310,19.6,19.6,19.6,19.6,1840
VTC,20080307,18.8,18.8,18.8,18.8,2700
VTC,20080306,17.4,18.1,17.4,17.5,7260
VTC,20080305,17.4,17.4,17.4,17.4,4530
VTC,20080304,18.2,18.2,18.1,18.1,3150
VTC,20080303,18.9,19.3,18.9,19.1,4280
VTC,20080229,20.6,21,19.7,19.9,6270
VTC,20080228,20.5,20.9,20.5,20.5,5000
VTC,20080227,20.4,21.2,20.4,20.5,1690
VTC,20080226,22.1,22.1,21.2,21.7,6890
VTC,20080225,21.5,21.5,21.5,21.5,2740
VTC,20080222,20.6,20.7,20.6,20.6,8890
VTC,20080221,21.6,21.6,21.6,21.6,3680
VTC,20080220,23.1,24,22.6,23,5680
VTC,20080219,23.7,23.7,23.1,23.7,6070
VTC,20080218,22.9,23.7,22.9,22.9,5170
VTC,20080215,24.4,24.4,24,24.1,3700
VTC,20080214,22.9,25,22.9,24.4,1660
VTC,20080213,24.8,25.4,24,24.4,3310
VTC,20080212,24.8,25.6,24.8,25,660
VTC,20080201,25.6,25.9,25.4,25.7,5960
VTC,20080131,24.8,24.8,23.7,24.7,15340
VTC,20080130,22.9,23.8,22.9,23.4,13170
VTC,20080129,22.9,22.9,22.9,22.9,3810
VTC,20080128,21.4,22,21.4,21.8,1990
VTC,20080125,20.8,21.2,20.8,21.1,790
VTC,20080124,21.5,22.6,20.8,21.4,4580
VTC,20080123,21.7,21.8,21.7,21.7,4700
VTC,20080122,23.6,23.6,22.6,23.5,5740
VTC,20080121,23.7,23.7,23.6,2.8,880
VTC,20080118,23.6,23.7,23.6,2.8,4890
VTC,20080117,23.8,23.8,23.1,2.8,3210
VTC,20080116,22.9,22.9,22.6,2.8,3800
VTC,20080115,22,22.6,22,2.8,6020
VTC,20080114,23.8,23.8,22.9,2.8,10800
VTC,20080111,24.7,25.7,24,2.8,58930
VTC,20080110,24.7,25.1,24.7,2.8,48880
VTC,20080109,26.5,26.5,25.9,2.8,7510
VTC,20080108,25.4,26.2,25.4,2.8,29370
VTC,20080107,26.4,26.4,25.4,2.8,181530
VTC,20080104,26,26.8,26,2.8,2130
VTC,20080103,27.6,27.6,26.8,2.8,2020
VTC,20080102,28.1,28.2,27.6,2.8,2080
VTC,20071228,28.1,28.1,28.1,2.8,1000
VTC,20071227,29.2,29.2,28.4,2.8,2700
VTC,20071226,28.4,28.4,28.4,2.8,280
VTC,20071225,27.4,28.7,27.4,2.8,3600
VTC,20071224,28.7,28.7,28.4,2.8,8210
VTC,20071221,27.6,28.6,27.6,2.8,4510
VTC,20071220,27.9,27.9,26.6,2.8,9620
VTC,20071219,26.5,28.1,26.5,2.8,3510
VTC,20071218,27.6,27.6,26.5,2.8,1420
VTC,20071217,27.7,29.2,27.4,2.8,3010
VTC,20071214,28.7,28.7,28.7,2.8,410
VTC,20071213,28.9,28.9,28.7,2.8,1150
VTC,20071212,28.7,28.9,28.7,2.8,4700
VTC,20071211,29,29.2,28.7,2.8,3250
VTC,20071210,29.2,29.5,28.7,2.8,10050
VTC,20071207,29.2,29.5,29.2,2.8,4100
VTC,20071206,29,29.3,29,2.8,3910
VTC,20071205,29,29.3,29,2.8,5020
VTC,20071204,30,30,29.3,2.8,5640
VTC,20071203,29.3,30.4,29.3,2.8,3160
VTC,20071130,30,30,29.7,2.8,1220
VTC,20071129,30.2,30.2,30,2.8,6530
VTC,20071128,29.7,30,29.7,2.8,3580
VTC,20071127,29.2,29.7,29.2,2.8,3760
VTC,20071126,29,29.7,29,2.8,6060
VTC,20071123,29,30,29,2.8,8170
VTC,20071122,28.9,30.4,28.9,2.8,6250
VTC,20071121,29.3,29.5,28.7,2.8,3430
VTC,20071120,30.4,30.9,29.7,2.8,2820
VTC,20071119,30.6,31.2,29.7,2.8,2220
VTC,20071116,31.2,31.2,30.6,2.8,9060
VTC,20071115,31.7,31.7,30.9,2.8,5030
VTC,20071114,30.4,31.7,30.4,2.8,12040
VTC,20071113,30.9,30.9,30.4,2.8,9410
VTC,20071112,32.8,32.8,31.7,2.8,23670
VTC,20071109,31.4,31.7,30.9,2.8,43530
VTC,20071108,31.4,31.4,30.4,2.8,9710
VTC,20071107,29.2,30.9,28.9,2.8,37430
VTC,20071106,30.9,30.9,30.4,2.8,6620
VTC,20071105,31.2,31.2,30.4,2.8,11250
VTC,20071102,29.7,32.2,29.7,2.8,16090
VTC,20071101,32,32,30.9,2.8,9070
VTC,20071031,32,32.2,31.4,2.8,14060
VTC,20071030,33,33,32.2,2.8,8690
VTC,20071029,32.2,33.7,32.2,2.8,7730
VTC,20071026,33.9,33.9,33,2.8,50230
VTC,20071025,31.4,32.5,31.4,2.8,22950
VTC,20071024,31.4,31.4,30.9,2.8,16490
VTC,20071023,30.9,32,30.6,2.8,25690
VTC,20071022,32,32.2,32,2.8,22140
VTC,20071019,33.9,33.9,33.3,2.8,9330
VTC,20071018,36.1,36.1,34.5,2.8,40130
VTC,20071017,35.3,35.3,34.7,2.8,98550
VTC,20071016,33.9,33.9,33.9,2.8,108690
VTC,20071015,32.5,32.5,32.5,2.8,31000
VTC,20071012,31.2,31.2,31.2,2.8,16930
VTC,20071011,29.9,29.9,29.9,2.8,7860
VTC,20071010,28.6,28.6,28.6,2.8,14520
VTC,20071009,27.4,27.4,27.4,2.8,17610
VTC,20071008,26.4,26.4,26.2,2.8,13260
VTC,20071005,26.2,26.2,26.1,2.8,6460
VTC,20071004,26.2,26.4,25.9,2.8,8820
VTC,20071003,26.4,26.4,26.2,2.8,6000
VTC,20071002,26.4,26.7,25.9,2.8,11850
VTC,20071001,26.4,26.4,26,2.8,10620
VTC,20070928,25.3,25.9,25.3,2.8,7400
VTC,20070927,25.9,25.9,25.4,2.8,7430
VTC,20070926,26.2,26.2,25.9,2.8,4350
VTC,20070925,25.1,25.9,25.1,2.8,10250
VTC,20070924,24.9,25.4,24.9,2.8,3320
VTC,20070921,25.5,25.5,25.4,2.8,3720
VTC,20070920,25.4,25.9,25.3,2.8,6830
VTC,20070919,24.9,25.1,24.9,2.8,3310
VTC,20070918,25,25.1,24.9,2.8,5240
VTC,20070917,25.9,25.9,24.7,2.8,9240
VTC,20070914,24.8,25.9,24.8,2.8,5810
VTC,20070913,25.4,25.6,25.4,2.8,4000
VTC,20070912,25.9,25.9,25.9,2.8,29530
VTC,20070911,25.1,25.8,24.8,2.8,18610
VTC,20070910,24.8,25.1,24.6,2.8,9540
VTC,20070907,25.4,25.4,24.3,2.8,4780
VTC,20070906,25.1,25.1,24.8,2.8,4270
VTC,20070905,25.1,25.4,24.6,2.8,4190
VTC,20070904,24.6,25.4,24.6,2.8,2970
VTC,20070831,24.8,24.8,24.3,2.8,3060
VTC,20070830,25.1,25.1,24,2.8,2870
VTC,20070829,23.8,24.6,23.8,2.8,7200
VTC,20070828,24.8,24.8,24.3,2.8,2970
VTC,20070827,24,24.3,24,2.8,8590
VTC,20070824,24.4,24.6,24.3,2.8,7220
VTC,20070823,25.1,25.1,24.8,2.8,2710
VTC,20070822,25.1,25.3,24.8,2.8,4160
VTC,20070821,24.3,24.3,24.3,2.8,3500
VTC,20070820,24.3,24.3,24.3,2.8,1780
VTC,20070817,24.6,24.8,24,2.8,3980
VTC,20070816,24.8,24.8,24.3,2.8,4340
VTC,20070815,24.8,25.1,24.8,2.8,1050
VTC,20070814,25.4,25.4,24.8,2.8,440
VTC,20070813,25.6,25.6,24.8,2.8,2070
VTC,20070810,25.9,25.9,25.4,2.8,4620
VTC,20070809,25.4,25.4,25.1,2.8,5520
VTC,20070808,25.4,25.9,25.4,2.8,3830
VTC,20070807,25.9,25.9,24.8,2.8,470
VTC,20070806,24.8,25.9,24.8,2.8,5020
VTC,20070803,25.6,25.9,25.4,2.8,3330
VTC,20070802,27,27,25.9,2.8,7760
VTC,20070801,25.9,25.9,25.9,2.8,590
VTC,20070731,25.9,25.9,25.9,2.8,2080
VTC,20070730,26.4,27,26.2,2.8,740
VTC,20070727,27,27,27,2.8,3100
VTC,20070726,27.4,27.4,27,2.8,2250
VTC,20070725,27.4,27.4,27,2.8,9810
VTC,20070724,27.6,27.6,27.4,2.8,4390
VTC,20070723,27.9,27.9,27.9,2.8,2460
VTC,20070720,27.3,27.6,27.3,2.8,11880
VTC,20070719,27.4,27.4,27.4,2.8,5000
VTC,20070718,27.6,27.7,27.6,2.8,16650
VTC,20070717,27.3,27.6,27.3,2.8,5770
VTC,20070716,26.4,27.3,26.4,2.8,12430
VTC,20070713,26.7,27,26.7,2.8,6920
VTC,20070712,26.6,26.7,26.6,2.8,2170
VTC,20070711,27.6,27.6,27.3,2.8,3330
VTC,20070710,27,27.3,27,2.8,5670
VTC,20070709,27.9,27.9,27.1,2.8,7980
VTC,20070706,28.1,28.1,27.1,2.8,9190
VTC,20070705,27.1,27.1,27.1,2.8,2760
VTC,20070704,25.4,25.9,25.4,2.8,4440
VTC,20070703,25.9,25.9,25.9,2.8,5200
VTC,20070702,26.9,27.6,26.9,2.8,12630
VTC,20070629,27.6,27.6,27.6,2.8,6450
VTC,20070628,27.9,27.9,27.9,2.8,5180
VTC,20070627,27.8,28.1,27.8,2.8,12110
VTC,20070626,27.6,27.8,27.6,2.8,3630
VTC,20070625,27.6,27.6,27.6,2.8,8140
VTC,20070622,27.6,27.6,27.3,2.8,7800
VTC,20070621,27.6,27.6,27.3,2.8,1970
VTC,20070620,27.6,27.6,27.6,2.8,9110
VTC,20070619,27.9,27.9,27.3,2.8,7540
VTC,20070618,28.1,28.1,27.3,2.8,9200
VTC,20070615,27,27.3,27,2.8,5190
VTC,20070614,27.6,27.6,27,2.8,12770
VTC,20070613,27.6,27.6,27.6,2.8,11300
VTC,20070612,26.4,27.6,26.4,2.8,6660
VTC,20070611,27.6,27.6,27.6,2.8,4790
VTC,20070608,28.5,28.5,27.3,2.8,4800
VTC,20070607,27.9,28.7,27.9,2.8,14920
VTC,20070606,27,28.4,27,2.8,5710
VTC,20070605,26.9,28.1,26.9,2.8,11850
VTC,20070604,28.7,28.7,28.1,2.8,2780
VTC,20070601,28.4,28.7,27.3,2.8,7190
VTC,20070531,28.4,28.4,28.1,2.8,9580
VTC,20070530,28.1,28.1,28.1,2.8,11690
VTC,20070529,28.5,28.5,28.5,2.8,8250
VTC,20070528,27.2,28.5,27.2,2.8,7870
VTC,20070525,26.9,27.2,26.9,2.8,6690
VTC,20070524,29.3,29.3,28.1,2.8,6730
VTC,20070523,27.3,27.3,26.4,2.8,28631
VTC,20070522,26.4,26.4,26.4,2.8,23036
VTC,20070521,25.4,25.4,25.4,2.8,27454
VTC,20070518,24.4,24.4,24.4,2.8,26590
VTC,20070517,22.5,23.4,22.5,2.8,6653
VTC,20070516,23.1,23.1,22.5,2.8,6329
VTC,20070515,23.3,23.6,23.3,2.8,6772
VTC,20070514,23.6,23.6,23.3,2.8,9904
VTC,20070511,22.3,23.8,22.3,2.8,10660
VTC,20070510,24,24,23.1,2.8,6847
VTC,20070509,24.6,24.6,24,2.8,19537
VTC,20070508,23.6,23.6,23.6,2.8,7960
VTC,20070507,22.4,22.6,22.4,2.8,9385
VTC,20070504,22.1,22.1,21.7,2.8,13867
VTC,20070503,23.1,23.1,22.5,2.8,6912
VTC,20070502,22.6,23.3,22.6,2.8,6577
VTC,20070425,22.2,22.4,22.2,2.8,24246
VTC,20070424,24,24,23.2,2.8,8586
VTC,20070423,24.5,24.5,24.3,2.8,8975
VTC,20070420,23.6,23.6,23.6,2.8,17917
VTC,20070419,21.7,22.6,21.7,2.8,16567
VTC,20070418,21.7,21.7,21.7,2.8,39938
VTC,20070417,22.7,22.7,22.7,2.8,2182
VTC,20070416,23.7,23.7,23.7,2.8,3812
VTC,20070413,24.8,24.8,24.8,2.8,4763
VTC,20070412,25.9,25.9,25.9,2.8,8629
VTC,20070411,27.3,27.3,27.1,2.8,4558
VTC,20070410,27.3,27.8,27.3,2.8,10109
VTC,20070409,30.2,30.2,28.5,2.8,2808
VTC,20070406,29.2,30.2,29.2,2.8,3035
VTC,20070405,30.6,31.1,30.2,2.8,7366
VTC,20070404,29.5,30.2,29.5,2.8,7798
VTC,20070403,30.6,30.6,30.2,2.8,6923
VTC,20070402,31.3,31.3,30.9,2.8,11794
VTC,20070330,30.6,30.9,30.6,2.8,8845
VTC,20070329,29.7,29.7,29.7,2.8,7528
VTC,20070328,29.7,29.7,28.5,2.8,4990
VTC,20070327,29.7,29.7,29.7,2.8,4622
VTC,20070326,32.5,32.5,31.1,2.8,7247
VTC,20070323,33,33,32.5,2.8,6739
VTC,20070322,34.4,34.4,33.9,2.8,12442
VTC,20070321,33.9,34.4,33.9,2.8,22388
VTC,20070320,33.9,33.9,33.9,2.8,18760
VTC,20070319,32.5,32.5,32.5,2.8,5195
VTC,20070316,31.1,31.1,31.1,2.8,14785
VTC,20070315,32.5,32.5,32.5,2.8,11362
VTC,20070314,35.4,35.4,33.9,2.8,12766
VTC,20070313,34.2,35.4,34.2,2.8,23080
VTC,20070312,37.2,37.2,35.8,2.8,27389
VTC,20070309,35.8,36.5,35.8,2.8,47056
VTC,20070308,35.8,35.8,35.1,2.8,23620
VTC,20070308,35.8,35.8,35.1,2.8,23620
VTC,20070307,35.1,35.1,34.6,2.8,32206
VTC,20070306,35.4,35.4,34.6,2.8,27648
VTC,20070305,32.5,33.9,32.5,2.8,32054
VTC,20070302,32.5,32.5,32.5,2.8,22615
VTC,20070301,35.4,35.4,33.9,2.8,20023
VTC,20070228,35.4,35.4,35.4,2.8,51937
VTC,20070227,33.9,33.9,33.9,2.8,31828
VTC,20070226,32.5,32.5,32.5,2.8,14083
VTC,20070215,29.7,31.1,29.7,2.8,13068
