0.029585798816568 0.0270159130518009
0.0207100591715976 0.0313266911989044
0.0118343195266272 0.0235290589118603
-0.0118343195266272 0.0144056818000956
-0.00591715976331361 0.0128472062144459
-0.00295857988165681 0.0125924014690534
0.00295857988165681 0.0173944178571089
0.0266272189349112 0.0466656679368601
0.0207100591715976 0.0457539494243059
0.0118343195266272 0.0365525380514216
0.0177514792899408 0.0365226719340455
0.0207100591715976 0.0441123871814538
0.0207100591715976 0.0507730191568228
0.00295857988165681 0.0516192618146328
-0.115384615384615 0.0590210643607595
-0.121301775147929 0.0620636576463701
-0.124260355029586 0.0708187110719801
-0.118343195266272 0.0854893291277717
-0.133136094674556 0.0836583792761477
-0.142011834319527 0.0760538011490826
-0.156804733727811 0.0740082068937676
-0.144970414201183 0.082035106133442
-0.159763313609467 0.0901992898182052
-0.14792899408284 0.0846119201259317
-0.127218934911243 0.0908857326415076
-0.127218934911243 0.0859366781309077
-0.127218934911243 0.0695957971403899
-0.124260355029586 0.0537461467291701
-0.133136094674556 0.0606725353638869
-0.127218934911243 0.0704208892811447
-0.124260355029586 0.0720636708177952
-0.115384615384615 0.0700323420429877
-0.112426035502959 0.0799541099465807
-0.127218934911243 0.0823572829819988
-0.136094674556213 0.0739147822250828
-0.133136094674556 0.0717637760838002
-0.130177514792899 0.0739149948812235
-0.127218934911243 0.0869837873793116
-0.115384615384615 0.08039445600846
-0.130177514792899 0.0752384522466812
-0.127218934911243 0.0707342771061211
-0.112426035502959 0.0760874392244607
-0.112426035502959 0.090541133534496
-0.0976331360946745 0.0960733148148952
0.0355029585798817 0.0873255031295771
0.0295857988165681 0.0748853265355867
0.0355029585798817 0.0645194489625177
0.0295857988165681 0.066561835194496
0.0414201183431953 0.0722044277250267
0.0502958579881657 0.0690477143289648
0.0562130177514793 0.0590831289801908
0.0502958579881657 0.0533822125539848
0.0532544378698225 0.0365042736988751
0.0414201183431953 0.0450011674846534
0.0207100591715976 0.0498811620467979
0.0177514792899408 0.0361823243281051
0.0236686390532544 0.052129486388997
0.0177514792899408 0.0660590130420836
0.0207100591715976 0.0579239550407343
0.0207100591715976 0.0590072665378659
0.014792899408284 0.0562259854647801
0.0177514792899408 0.0656389089820487
0.014792899408284 0.0711719198894719
0.0325443786982248 0.0610338809412379
0.029585798816568 0.0472906946725381
0.0207100591715976 0.0497404699083735
0.0207100591715976 0.0444620096419436
0.0207100591715976 0.0426399826483258
0.00591715976331361 0.0589922468517258
0.0355029585798817 0.0474076374353128
0.0207100591715976 0.0433983228472253
0.0355029585798817 0.0393440360785672
0.0562130177514793 0.0399764356519619
0.0443786982248521 0.0446115241295836
0.0473372781065089 0.0773461692955975
0.0473372781065089 0.10561816333827
0.0562130177514793 0.0984243416254547
0.0502958579881657 0.103990542244079
0.0414201183431953 0.0867984815611248
0.0266272189349113 0.0782021715165083
0.029585798816568 0.0772014894205656
0.00591715976331362 0.0915872207485747
0.0177514792899408 0.0953972680127749
0.029585798816568 0.0901074104877241
0.0414201183431953 0.0823921227593779
0.0295857988165681 0.0738516553260605
0.014792899408284 0.075996856995154
0.0355029585798817 0.0874196035237836
0.0266272189349112 0.08866133497934
0.00295857988165682 0.0783283785114644
0.00591715976331361 0.0732675165415194
0.00295857988165682 0.0683423754718789
0.00295857988165682 0.0719733597343285
0.0118343195266272 0.0511181340723025
0.0295857988165681 0.0348246501683832
0.0295857988165681 0.0359482275532371
0.0236686390532544 0.034459482557356
0.014792899408284 0.0566187673655528
0.0177514792899408 0.0598266489974374
0.00591715976331361 0.029679602380282
0.00887573964497042 0.0280719025172785
-0.00887573964497041 0.00926975138289397
-0.0236686390532544 0.015593710557059
-0.0207100591715976 0.0346900534447992
-0.0355029585798817 0.0451150570411448
-0.0118343195266272 0.0602331341755257
-0.0355029585798817 0.0536330570499103
-0.029585798816568 0.0566966551102906
-0.0207100591715976 0.0568554996321576
-0.014792899408284 0.065183440537791
-0.0207100591715976 0.0686063885480324
-0.00591715976331361 0.0864366890477291
3.46944695195361E-18 0.085923911566642
-0.0177514792899408 0.073922979054633
-0.0236686390532544 0.0654298107909593
-0.00887573964497041 0.0657133442898728
-0.00591715976331361 0.0671858381497437
-0.0177514792899408 0.0524124542129375
-0.00295857988165681 0.0658509176441707
0.0207100591715976 0.0747155581176325
0.0207100591715976 0.0707616182906619
0.0118343195266272 0.0649819222845852
0.00887573964497042 0.0689421575476637
0.00295857988165681 0.0662036985487587
-0.0118343195266272 0.0530588397466319
-0.0177514792899408 0.0530215652418274
-0.014792899408284 0.0580583497546586
-0.00887573964497042 0.0735937950453832
-0.0118343195266272 0.0626039143122977
-0.0236686390532544 0.0616481770615001
-0.0177514792899408 0.0584073420778021
-0.0207100591715976 0.0646287433790694
-0.00887573964497042 0.0757531557321399
-0.00295857988165681 0.0851030535006872
0.00887573964497041 0.0876138560799632
0.0177514792899408 0.0857131291116643
0.00887573964497041 0.0844680522159274
0.00591715976331361 0.0889576834885958
0.00887573964497041 0.0910284386405756
0.0118343195266272 0.0995712312703159
0.0325443786982249 0.0984221015903995
0.014792899408284 0.113166741189245
0.0118343195266272 0.107786496394982
0.0207100591715976 0.103438705642132
0.00887573964497041 0.0924974379963729
0.00591715976331361 0.094724168513952
-0.00591715976331361 0.103919143853954
-0.014792899408284 0.0936775792892735
-0.0236686390532544 0.0966340132570918
-0.0266272189349112 0.10227528046223
-0.029585798816568 0.0993783314562139
-0.0177514792899408 0.105279016519655
-0.00887573964497042 0.10724698494859
-0.00887573964497042 0.102460909337809
-0.0177514792899408 0.0926169905164752
-0.0177514792899408 0.094785622137478
-0.00591715976331362 0.0998638118370386
-0.00887573964497042 0.105492149381599
-0.0118343195266272 0.102419975549285
-0.00295857988165681 0.115507706047606
-0.00295857988165681 0.111542774497073
-0.00591715976331361 0.122184023118621
-0.0236686390532544 0.128454442676558
-0.0325443786982249 0.124055208861748
-0.0325443786982249 0.0831020825907723
