-0.035061732109487 -0.00129171643796629
-0.0232288332925027 -0.00341167457091359
0 0.00341575959653532
0 0.0311609242443351
0.0116385130154936 0.0257807295584295
-0.0116385130154936 0.0533918652795687
0 0.0409073734367362
0.0347713582986076 0.0540936473888874
0.0116385130154936 0.0576712678452213
0.0234232190939934 0.00296235517668556
0.058194577392601 0.000119355927986099
0.0462664806044326 -0.0137483262976522
0.0116385130154936 -0.000693665982529089
-0.0352087453371523 -0.0101572219502808
-0.035061732109487 -0.0144689672193406
-0.0234232190939934 -0.0176246176960322
-0.0468472583526458 -0.0165577251223339
-0.0699801036357599 -0.00505565752854144
-0.0586826178359207 0.000564063515039882
-0.0234232190939934 0.0273429762414006
-0.058194577392601 0.0087220186996628
-0.069689699698426 0.00659494786004187
-0.023325621215797 0.00876553601490435
0.0352087453371523 0.025523782472994
0.035061732109487 0.0182543394807326
0.035061732109487 -0.00162398033488922
0.0699801036357599 0.0165714049776829
0.0235216371368489 -0.0144696190579827
0.0236208857264337 0.00486238074789989
-0.0236208857264337 0.0139100789664285
3.46944695195361E-18 -0.0421156679137076
0.01173611089369 -0.0193955868619977
0.0116871082003034 -0.0368050040531557
-0.0234232190939934 -0.0106076698956198
-0.035061732109487 -0.0153198978497685
-0.023325621215797 -0.0143970718704817
-0.058194577392601 -0.00162577842066632
-0.0235216371368489 0.0166637231976294
0 0.0524173912933002
0.0353569966201237 0.0333048498637662
0.01173611089369 0.0389752052329609
-1.73472347597681E-18 0.0311863307669518
-0.0589297207579494 0.0334393258232309
0.01173611089369 -0.00684801316799557
0.0234232190939934 0.0198611833240061
-0.0591789135778329 -0.0214483029057282
-0.0714692021160976 -0.00147908143976812
-0.0839180986669955 0.000344608218569666
-0.107899976875617 0.0014647037658567
-0.0952962965945983 0.0116942363879296
-0.047242612557646 -0.00369720779282053
-0.0235216371368489 -0.0178341786101313
0.0237209754207972 -0.00249417548668848
-0.01173611089369 -0.00405723652986386
-0.0116871082003034 0.00931409334277142
0.0591789135778329 0.0199988733421408
0.0714692021160976 0.0144719739729864
0.119126844004148 0.0320461269325774
0.142961708985104 -0.0302104573762634
0.106983404794902 0.00634154486465147
0.070568233773443 0.0330584317664538
0.0352087453371523 -0.0425021058209596
0.0235216371368488 0.0698034648067936
0.0234232190939934 -0.0116148717424071
0.023325621215797 0.0760887271017333
0 0.0530868261905228
0.035061732109487 0.0382938150826365
0.0232288332925027 0.0473492459749218
0.0346279675889391 0.0460298295951533
0.0116385130154936 0.0516793869468394
-0.023325621215797 0.0146797649337813
-0.0352087453371523 0.008250207675823
3.46944695195361E-18 0.024726527293332
0.0347713582986076 0.00552994043938296
3.46944695195361E-18 0.0129554602619442
-0.0353569966201237 0.00429044583085107
-0.106530934225585 0.0181605953729653
-0.130212238087404 -0.011697473496738
-0.16539332460858 -0.0173100530820636
-0.179872903398664 -0.0085080571222357
-0.144189388610395 0.0134532886629221
-0.120667751473546 0.0165041639460891
-0.107439735803844 0.0261389494524802
-0.153898202302755 0.0377918289381709
-0.142961708985104 0.016399902071898
-0.108832391990271 0.0513590634400885
-0.0733419691730793 0.0263294116293871
-0.012143439209246 -0.0342547274720814
-0.0121963519654631 -0.0130145643775035
0.0246614665583253 -0.035387572037671
-5.20417042793042E-18 -0.0236928240021779
-5.20417042793042E-18 0.0629337971831962
-0.0367496528065507 -0.0285848400022522
-0.0367496528065507 -0.0606071662247332
-0.0245533008410877 -0.0416188787629831
-0.0123578935724719 -0.0280217646914066
0.0369111944135595 -0.0184571112719578
-0.0121963519654631 0.0258473569501317
-0.0122497278552342 0.0031864025084423
5.20417042793042E-18 0.0190023825982509
0.0245533008410877 0.0290741282518553
0.0123035729858534 0.0160339289093972
-0.0247705895129597 -0.0201395315140706
-0.0372385760409606 -0.00574649212078506
-0.0123578935724719 -0.00840161211344655
0.0246614665583253 0.0207575891592358
5.20417042793042E-18 0.00498899407596252
