211
1
2
1 2 4 9 0 -1
3 2 2 9 0 2
haar_x2
1.177275e-002 0 -1
3.860519e-001 6.421167e-001 
1
2
7 5 6 4 0 -1
9 5 2 4 0 3
haar_x3
2.703757e-002 0 -1
4.385655e-001 6.754039e-001 
1
2
9 4 2 4 0 -1
9 6 2 2 0 2
haar_y2
-3.641950e-005 0 -1
5.487101e-001 3.423316e-001 
1
2
14 5 2 8 0 -1
14 9 2 4 0 2
haar_y2
1.999541e-003 0 -1
3.230532e-001 5.400318e-001 
1
2
7 6 5 12 0 -1
7 12 5 6 0 2
haar_y2
4.527830e-003 0 -1
5.091640e-001 2.935044e-001 
1
2
14 6 2 6 0 -1
14 9 2 3 0 2
haar_y2
4.789092e-004 0 -1
4.178154e-001 5.344064e-001 
1
2
4 6 2 6 0 -1
4 9 2 3 0 2
haar_y2
1.172092e-003 0 -1
2.899182e-001 5.132071e-001 
1
3
8 15 10 4 0 -1
13 15 5 2 0 2
8 17 5 2 0 2
haar_x2_y2
9.530570e-004 0 -1
4.280125e-001 5.560845e-001 
1
2
6 18 2 2 0 -1
7 18 1 2 0 2
haar_x2
1.509915e-005 0 -1
4.044872e-001 5.404760e-001 
1
2
11 3 6 2 0 -1
11 4 6 1 0 2
haar_y2
-6.081790e-004 0 -1
4.271769e-001 5.503466e-001 
1
2
2 0 16 6 0 -1
2 2 16 2 0 3
haar_y3
3.322452e-003 0 -1
3.962724e-001 5.369735e-001 
1
2
11 3 6 2 0 -1
11 4 6 1 0 2
haar_y2
-1.103749e-003 0 -1
4.727178e-001 5.237750e-001 
1
2
4 11 10 3 0 -1
4 12 10 1 0 3
haar_y3
-1.435027e-003 0 -1
5.603008e-001 4.223509e-001 
1
2
11 3 6 2 0 -1
11 4 6 1 0 2
haar_y2
2.076740e-003 0 -1
5.225917e-001 4.732726e-001 
1
2
3 3 6 2 0 -1
3 4 6 1 0 2
haar_y2
-1.641281e-004 0 -1
3.999076e-001 5.432740e-001 
1
2
16 0 4 7 0 -1
16 0 2 7 0 2
haar_x2
8.830244e-003 0 -1
4.678386e-001 6.027327e-001 
1
2
0 14 9 6 0 -1
0 16 9 2 0 3
haar_y3
-1.055207e-002 0 -1
3.493967e-001 5.213975e-001 
1
2
9 16 3 3 0 -1
9 17 3 1 0 3
haar_y3
-2.273160e-003 0 -1
6.185819e-001 4.749063e-001 
1
2
4 6 6 2 0 -1
6 6 2 2 0 3
haar_x3
-8.478633e-004 0 -1
5.285341e-001 3.843482e-001 
1
2
15 11 1 3 0 -1
15 12 1 1 0 3
haar_y3
1.208136e-003 0 -1
5.360641e-001 3.447336e-001 
1
2
5 5 2 3 0 -1
5 6 2 1 0 3
haar_y3
2.651273e-003 0 -1
4.558292e-001 6.193962e-001 
1
2
10 9 2 2 0 -1
10 10 2 1 0 2
haar_y2
-1.101248e-003 0 -1
3.680230e-001 5.327628e-001 
1
2
3 1 4 3 0 -1
5 1 2 3 0 2
haar_x2
4.956152e-004 0 -1
3.960595e-001 5.274941e-001 
1
2
16 0 4 7 0 -1
16 0 2 7 0 2
haar_x2
-4.390177e-002 0 -1
7.020445e-001 4.992839e-001 
1
2
0 0 20 1 0 -1
10 0 10 1 0 2
haar_x2
3.469035e-002 0 -1
5.049164e-001 2.766603e-001 
1
2
15 11 1 3 0 -1
15 12 1 1 0 3
haar_y3
-2.744219e-003 0 -1
2.672633e-001 5.274971e-001 
1
2
0 4 3 4 0 -1
1 4 1 4 0 3
haar_x3
3.331659e-003 0 -1
4.579483e-001 6.001102e-001 
1
2
16 3 3 6 0 -1
16 5 3 2 0 3
haar_y3
-2.004457e-002 0 -1
3.171594e-001 5.235718e-001 
1
2
1 3 3 6 0 -1
1 5 3 2 0 3
haar_y3
1.349203e-003 0 -1
5.265363e-001 4.034325e-001 
1
3
6 2 12 6 0 -1
12 2 6 3 0 2
6 5 6 3 0 2
haar_x2_y2
2.970202e-003 0 -1
5.332457e-001 4.571984e-001 
1
2
8 10 4 3 0 -1
8 11 4 1 0 3
haar_y3
6.303998e-003 0 -1
4.593311e-001 6.034636e-001 
1
3
4 2 14 6 0 -1
11 2 7 3 0 2
4 5 7 3 0 2
haar_x2_y2
-1.293659e-002 0 -1
4.437964e-001 5.372971e-001 
1
2
9 11 2 3 0 -1
9 12 2 1 0 3
haar_y3
4.014873e-003 0 -1
4.680324e-001 6.437834e-001 
1
2
15 13 2 3 0 -1
15 14 2 1 0 3
haar_y3
-2.640168e-003 0 -1
3.709632e-001 5.314333e-001 
1
2
8 12 4 3 0 -1
8 13 4 1 0 3
haar_y3
1.391844e-002 0 -1
4.723555e-001 7.130809e-001 
1
2
15 11 1 3 0 -1
15 12 1 1 0 3
haar_y3
-4.508787e-004 0 -1
4.492394e-001 5.370404e-001 
1
2
7 13 5 2 0 -1
7 14 5 1 0 2
haar_y2
2.538435e-004 0 -1
4.406864e-001 5.514403e-001 
1
2
7 12 6 3 0 -1
7 13 6 1 0 3
haar_y3
2.271000e-003 0 -1
4.682417e-001 5.967984e-001 
1
2
5 11 4 4 0 -1
5 13 4 2 0 2
haar_y2
2.412078e-003 0 -1
5.079392e-001 3.018599e-001 
1
2
11 4 3 3 0 -1
12 4 1 3 0 3
haar_x3
-3.602567e-005 0 -1
5.601037e-001 4.471097e-001 
1
2
6 4 3 3 0 -1
7 4 1 3 0 3
haar_x3
-7.490553e-003 0 -1
2.207535e-001 4.989944e-001 
1
2
16 5 3 6 0 -1
17 5 1 6 0 3
haar_x3
-1.751312e-002 0 -1
6.531216e-001 5.017649e-001 
1
2
3 6 12 7 0 -1
7 6 4 7 0 3
haar_x3
1.428163e-001 0 -1
4.967963e-001 1.482062e-001 
1
2
16 5 3 6 0 -1
17 5 1 6 0 3
haar_x3
5.534527e-003 0 -1
4.898947e-001 5.954224e-001 
1
2
3 13 2 3 0 -1
3 14 2 1 0 3
haar_y3
-9.632359e-004 0 -1
3.927117e-001 5.196074e-001 
1
2
16 5 3 6 0 -1
17 5 1 6 0 3
haar_x3
-2.037001e-003 0 -1
5.613325e-001 4.884858e-001 
1
2
1 5 3 6 0 -1
2 5 1 6 0 3
haar_x3
1.661483e-003 0 -1
4.472880e-001 5.578881e-001 
1
2
1 9 18 1 0 -1
7 9 6 1 0 3
haar_x3
-3.118809e-003 0 -1
3.840533e-001 5.397478e-001 
1
2
0 9 8 7 0 -1
4 9 4 7 0 2
haar_x2
-6.400062e-003 0 -1
5.843984e-001 4.533218e-001 
1
2
12 11 8 2 0 -1
12 12 8 1 0 2
haar_y2
3.131960e-004 0 -1
5.439222e-001 4.234728e-001 
1
2
0 11 8 2 0 -1
0 12 8 1 0 2
haar_y2
-1.822210e-002 0 -1
1.288465e-001 4.958405e-001 
1
2
9 13 2 3 0 -1
9 14 2 1 0 3
haar_y3
8.796925e-003 0 -1
4.951298e-001 7.153480e-001 
1
3
4 10 12 4 0 -1
4 10 6 2 0 2
10 12 6 2 0 2
haar_x2_y2
-4.239507e-003 0 -1
3.946600e-001 5.194937e-001 
1
2
9 3 3 7 0 -1
10 3 1 7 0 3
haar_x3
9.708627e-003 0 -1
4.897504e-001 6.064900e-001 
1
2
7 2 3 5 0 -1
8 2 1 5 0 3
haar_x3
-3.993417e-003 0 -1
3.245440e-001 5.060829e-001 
1
3
9 12 4 6 0 -1
11 12 2 3 0 2
9 15 2 3 0 2
haar_x2_y2
-1.678506e-002 0 -1
1.581953e-001 5.203779e-001 
1
2
8 7 3 6 0 -1
9 7 1 6 0 3
haar_x3
1.827209e-002 0 -1
4.680935e-001 6.626979e-001 
1
2
15 4 4 2 0 -1
15 5 4 1 0 2
haar_y2
5.687284e-003 0 -1
5.211698e-001 3.512185e-001 
1
2
8 7 3 3 0 -1
9 7 1 3 0 3
haar_x3
-1.073904e-003 0 -1
5.768386e-001 4.529845e-001 
1
2
14 2 6 4 0 -1
14 4 6 2 0 2
haar_y2
-3.709387e-003 0 -1
4.507763e-001 5.313581e-001 
1
2
7 16 6 1 0 -1
9 16 2 1 0 3
haar_x3
-2.111071e-004 0 -1
5.460820e-001 4.333377e-001 
1
2
15 13 2 3 0 -1
15 14 2 1 0 3
haar_y3
1.067014e-003 0 -1
5.371856e-001 4.078391e-001 
1
2
8 7 3 10 0 -1
9 7 1 10 0 3
haar_x3
3.594302e-003 0 -1
4.471287e-001 5.643836e-001 
1
2
11 10 2 6 0 -1
11 12 2 2 0 3
haar_y3
-5.177603e-003 0 -1
4.499393e-001 5.280330e-001 
1
2
6 10 4 1 0 -1
8 10 2 1 0 2
haar_x2
-2.541437e-004 0 -1
5.516173e-001 4.407708e-001 
1
2
10 9 2 2 0 -1
10 10 2 1 0 2
haar_y2
6.352256e-003 0 -1
5.194190e-001 2.465228e-001 
1
2
8 9 2 2 0 -1
8 10 2 1 0 2
haar_y2
-4.420508e-004 0 -1
3.830706e-001 5.139682e-001 
1
3
12 7 2 2 0 -1
13 7 1 1 0 2
12 8 1 1 0 2
haar_x2_y2
7.448873e-004 0 -1
4.891091e-001 5.974787e-001 
1
3
5 7 2 2 0 -1
5 7 1 1 0 2
6 8 1 1 0 2
haar_x2_y2
-3.511638e-003 0 -1
7.413682e-001 4.768765e-001 
1
2
13 0 3 14 0 -1
14 0 1 14 0 3
haar_x3
-1.254091e-002 0 -1
3.648819e-001 5.252827e-001 
1
2
4 0 3 14 0 -1
5 0 1 14 0 3
haar_x3
9.493185e-003 0 -1
5.100493e-001 3.629587e-001 
1
2
13 4 3 14 0 -1
14 4 1 14 0 3
haar_x3
1.296115e-002 0 -1
5.232442e-001 4.333561e-001 
1
2
9 14 2 3 0 -1
9 15 2 1 0 3
haar_y3
4.720945e-003 0 -1
4.648149e-001 6.331053e-001 
1
2
8 14 4 3 0 -1
8 15 4 1 0 3
haar_y3
-2.311908e-003 0 -1
5.930310e-001 4.531058e-001 
1
2
4 2 3 16 0 -1
5 2 1 16 0 3
haar_x3
-2.826230e-003 0 -1
3.870478e-001 5.257101e-001 
1
2
7 2 8 10 0 -1
7 7 8 5 0 2
haar_y2
-1.431134e-003 0 -1
5.522503e-001 4.561855e-001 
1
2
6 14 7 3 0 -1
6 15 7 1 0 3
haar_y3
1.937831e-003 0 -1
4.546221e-001 5.736967e-001 
1
3
9 2 10 12 0 -1
14 2 5 6 0 2
9 8 5 6 0 2
haar_x2_y2
2.634356e-004 0 -1
5.345739e-001 4.571875e-001 
1
2
6 7 8 2 0 -1
6 8 8 1 0 2
haar_y2
7.825752e-004 0 -1
3.967816e-001 5.220188e-001 
1
2
8 13 4 6 0 -1
8 16 4 3 0 2
haar_y2
-1.955044e-002 0 -1
2.829643e-001 5.243508e-001 
1
2
6 6 1 3 0 -1
6 7 1 1 0 3
haar_y3
4.391496e-004 0 -1
4.590067e-001 5.899090e-001 
1
2
16 2 4 6 0 -1
16 4 4 2 0 3
haar_y3
2.145200e-002 0 -1
5.231411e-001 2.855379e-001 
1
3
6 6 4 2 0 -1
6 6 2 1 0 2
8 7 2 1 0 2
haar_x2_y2
5.897358e-004 0 -1
4.397257e-001 5.506422e-001 
1
2
16 2 4 6 0 -1
16 4 4 2 0 3
haar_y3
-2.615761e-002 0 -1
3.135079e-001 5.189175e-001 
1
2
0 2 4 6 0 -1
0 4 4 2 0 3
haar_y3
-1.395986e-002 0 -1
3.213273e-001 5.040718e-001 
1
2
9 6 2 6 0 -1
9 6 1 6 0 2
haar_x2
-6.369902e-003 0 -1
6.387545e-001 4.849507e-001 
1
2
3 4 6 10 0 -1
3 9 6 5 0 2
haar_y2
-8.561382e-003 0 -1
2.759132e-001 5.032019e-001 
1
2
9 5 2 6 0 -1
9 5 1 6 0 2
haar_x2
9.662290e-004 0 -1
4.685641e-001 5.834879e-001 
1
2
3 13 2 3 0 -1
3 14 2 1 0 3
haar_y3
7.655027e-004 0 -1
5.175207e-001 3.896422e-001 
1
2
13 13 3 2 0 -1
13 14 3 1 0 2
haar_y2
-8.183334e-003 0 -1
2.069137e-001 5.208122e-001 
1
3
2 16 10 4 0 -1
2 16 5 2 0 2
7 18 5 2 0 2
haar_x2_y2
-9.397694e-003 0 -1
6.134091e-001 4.641223e-001 
1
3
5 6 10 6 0 -1
10 6 5 3 0 2
5 9 5 3 0 2
haar_x2_y2
4.802898e-003 0 -1
5.454108e-001 4.395220e-001 
1
2
7 14 1 3 0 -1
7 15 1 1 0 3
haar_y3
-3.568057e-003 0 -1
6.344485e-001 4.681094e-001 
1
2
14 16 6 3 0 -1
14 17 6 1 0 3
haar_y3
4.073312e-003 0 -1
5.292683e-001 4.015620e-001 
1
2
5 4 3 3 0 -1
5 5 3 1 0 3
haar_y3
1.256813e-003 0 -1
4.392988e-001 5.452825e-001 
1
2
7 4 10 3 0 -1
7 5 10 1 0 3
haar_y3
-2.906501e-003 0 -1
5.898832e-001 4.863380e-001 
1
2
0 4 5 4 0 -1
0 6 5 2 0 2
haar_y2
-2.440934e-003 0 -1
4.069365e-001 5.247422e-001 
1
2
13 11 3 9 0 -1
13 14 3 3 0 3
haar_y3
2.483070e-002 0 -1
5.182726e-001 3.682525e-001 
1
2
4 11 3 9 0 -1
4 14 3 3 0 3
haar_y3
-4.885401e-002 0 -1
1.307578e-001 4.961281e-001 
1
2
9 7 2 1 0 -1
9 7 1 1 0 2
haar_x2
-1.611038e-003 0 -1
6.421006e-001 4.872662e-001 
1
2
5 0 6 17 0 -1
7 0 2 17 0 3
haar_x3
-9.700948e-002 0 -1
4.776935e-002 4.950989e-001 
1
2
10 3 6 3 0 -1
10 3 3 3 0 2
haar_x2
1.120924e-003 0 -1
4.616267e-001 5.354746e-001 
1
2
2 2 15 4 0 -1
7 2 5 4 0 3
haar_x3
-1.306409e-003 0 -1
6.261854e-001 4.638806e-001 
1
3
8 2 8 2 0 -1
12 2 4 1 0 2
8 3 4 1 0 2
haar_x2_y2
4.577162e-004 0 -1
5.384418e-001 4.646640e-001 
1
2
8 1 3 6 0 -1
8 3 3 2 0 3
haar_y3
-6.314995e-004 0 -1
3.804047e-001 5.130257e-001 
1
2
9 17 2 2 0 -1
9 18 2 1 0 2
haar_y2
1.450597e-004 0 -1
4.554310e-001 5.664462e-001 
1
2
0 0 2 14 0 -1
1 0 1 14 0 2
haar_x2
-1.647455e-002 0 -1
6.596958e-001 4.715860e-001 
1
2
12 0 7 3 0 -1
12 1 7 1 0 3
haar_y3
1.336958e-002 0 -1
5.195466e-001 3.035965e-001 
1
2
1 14 1 2 0 -1
1 15 1 1 0 2
haar_y2
1.027178e-004 0 -1
5.229176e-001 4.107066e-001 
1
3
14 12 2 8 0 -1
15 12 1 4 0 2
14 16 1 4 0 2
haar_x2_y2
-5.531156e-003 0 -1
6.352888e-001 4.960907e-001 
1
2
1 0 7 3 0 -1
1 1 7 1 0 3
haar_y3
-2.618705e-003 0 -1
3.824546e-001 5.140984e-001 
1
3
14 12 2 8 0 -1
15 12 1 4 0 2
14 16 1 4 0 2
haar_x2_y2
5.083427e-003 0 -1
4.950440e-001 6.220819e-001 
1
3
6 0 8 12 0 -1
6 0 4 6 0 2
10 6 4 6 0 2
haar_x2_y2
7.981816e-002 0 -1
4.952336e-001 1.322476e-001 
1
2
6 1 8 9 0 -1
6 4 8 3 0 3
haar_y3
-9.922659e-002 0 -1
7.542729e-001 5.008417e-001 
1
2
5 2 2 2 0 -1
5 3 2 1 0 2
haar_y2
-6.517402e-004 0 -1
3.699303e-001 5.130121e-001 
1
3
13 14 6 6 0 -1
16 14 3 3 0 2
13 17 3 3 0 2
haar_x2_y2
-1.899685e-002 0 -1
6.689179e-001 4.921203e-001 
1
3
0 17 20 2 0 -1
0 17 10 1 0 2
10 18 10 1 0 2
haar_x2_y2
1.734690e-002 0 -1
4.983301e-001 1.859198e-001 
1
3
10 3 2 6 0 -1
11 3 1 3 0 2
10 6 1 3 0 2
haar_x2_y2
5.508210e-004 0 -1
4.574424e-001 5.522122e-001 
1
2
5 12 6 2 0 -1
8 12 3 2 0 2
haar_x2
2.005605e-003 0 -1
5.131745e-001 3.856470e-001 
1
2
10 7 6 13 0 -1
10 7 3 13 0 2
haar_x2
-7.768819e-003 0 -1
4.361700e-001 5.434309e-001 
1
2
5 15 10 5 0 -1
10 15 5 5 0 2
haar_x2
5.087828e-002 0 -1
4.682721e-001 6.840640e-001 
1
2
10 4 4 10 0 -1
10 4 2 10 0 2
haar_x2
-2.290178e-003 0 -1
4.329245e-001 5.306099e-001 
1
2
5 7 2 1 0 -1
6 7 1 1 0 2
haar_x2
-1.571538e-004 0 -1
5.370057e-001 4.378164e-001 
1
2
10 3 6 7 0 -1
10 3 3 7 0 2
haar_x2
1.051924e-001 0 -1
5.137274e-001 6.736147e-002 
1
2
4 3 6 7 0 -1
7 3 3 7 0 2
haar_x2
2.719892e-003 0 -1
4.112061e-001 5.255665e-001 
1
2
1 7 18 5 0 -1
7 7 6 5 0 3
haar_x3
4.833778e-002 0 -1
5.404624e-001 4.438967e-001 
1
2
3 17 4 3 0 -1
5 17 2 3 0 2
haar_x2
9.570376e-004 0 -1
4.355969e-001 5.399511e-001 
1
3
8 14 12 6 0 -1
14 14 6 3 0 2
8 17 6 3 0 2
haar_x2_y2
-2.537126e-002 0 -1
5.995175e-001 5.031025e-001 
1
3
0 13 20 4 0 -1
0 13 10 2 0 2
10 15 10 2 0 2
haar_x2_y2
5.245795e-002 0 -1
4.950288e-001 1.398351e-001 
1
3
4 5 14 2 0 -1
11 5 7 1 0 2
4 6 7 1 0 2
haar_x2_y2
-1.236563e-002 0 -1
6.397299e-001 4.964106e-001 
1
3
1 2 10 12 0 -1
1 2 5 6 0 2
6 8 5 6 0 2
haar_x2_y2
-1.458972e-001 0 -1
1.001670e-001 4.946322e-001 
1
2
6 1 14 3 0 -1
6 2 14 1 0 3
haar_y3
-1.590860e-002 0 -1
3.312330e-001 5.208341e-001 
1
2
8 16 2 3 0 -1
8 17 2 1 0 3
haar_y3
3.948607e-004 0 -1
4.406364e-001 5.426103e-001 
1
2
9 17 3 2 0 -1
10 17 1 2 0 3
haar_x3
-5.245400e-003 0 -1
2.799590e-001 5.189967e-001 
1
3
5 15 4 2 0 -1
5 15 2 1 0 2
7 16 2 1 0 2
haar_x2_y2
-5.042180e-003 0 -1
6.987580e-001 4.752142e-001 
1
2
10 15 1 3 0 -1
10 16 1 1 0 3
haar_y3
2.981219e-003 0 -1
4.983289e-001 6.307480e-001 
1
3
8 16 4 4 0 -1
8 16 2 2 0 2
10 18 2 2 0 2
haar_x2_y2
-7.288431e-003 0 -1
2.982333e-001 5.026870e-001 
1
2
6 11 8 6 0 -1
6 14 8 3 0 2
haar_y2
1.509435e-003 0 -1
5.308442e-001 3.832971e-001 
1
2
2 13 5 2 0 -1
2 14 5 1 0 2
haar_y2
-9.334080e-003 0 -1
2.037964e-001 4.969817e-001 
1
3
13 14 6 6 0 -1
16 14 3 3 0 2
13 17 3 3 0 2
haar_x2_y2
2.866714e-002 0 -1
5.025697e-001 6.928027e-001 
1
2
1 9 18 4 0 -1
7 9 6 4 0 3
haar_x3
1.701968e-001 0 -1
4.960053e-001 1.476443e-001 
1
3
13 14 6 6 0 -1
16 14 3 3 0 2
13 17 3 3 0 2
haar_x2_y2
-3.261448e-003 0 -1
5.603064e-001 4.826056e-001 
1
2
0 2 1 6 0 -1
0 4 1 2 0 3
haar_y3
5.576928e-004 0 -1
5.205562e-001 4.129633e-001 
1
2
5 0 15 20 0 -1
5 10 15 10 0 2
haar_y2
3.625834e-001 0 -1
5.221653e-001 3.768612e-001 
1
3
1 14 6 6 0 -1
1 14 3 3 0 2
4 17 3 3 0 2
haar_x2_y2
-1.161513e-002 0 -1
6.022683e-001 4.637490e-001 
1
3
8 14 4 6 0 -1
10 14 2 3 0 2
8 17 2 3 0 2
haar_x2_y2
-4.079520e-003 0 -1
4.070447e-001 5.337479e-001 
1
2
7 11 2 1 0 -1
8 11 1 1 0 2
haar_x2
5.720430e-004 0 -1
4.601835e-001 5.900393e-001 
1
2
9 17 3 2 0 -1
10 17 1 2 0 3
haar_x3
6.754335e-004 0 -1
5.398252e-001 4.345429e-001 
1
2
8 17 3 2 0 -1
9 17 1 2 0 3
haar_x3
6.329570e-004 0 -1
5.201563e-001 4.051359e-001 
1
3
12 14 4 6 0 -1
14 14 2 3 0 2
12 17 2 3 0 2
haar_x2_y2
1.243532e-003 0 -1
4.642388e-001 5.547441e-001 
1
3
4 14 4 6 0 -1
4 14 2 3 0 2
6 17 2 3 0 2
haar_x2_y2
-4.736386e-003 0 -1
6.198567e-001 4.672552e-001 
1
3
13 14 2 6 0 -1
14 14 1 3 0 2
13 17 1 3 0 2
haar_x2_y2
-6.465846e-003 0 -1
6.837333e-001 5.019001e-001 
1
3
5 14 2 6 0 -1
5 14 1 3 0 2
6 17 1 3 0 2
haar_x2_y2
3.501732e-004 0 -1
4.344803e-001 5.363623e-001 
1
2
7 0 6 12 0 -1
7 4 6 4 0 3
haar_y3
1.575492e-004 0 -1
4.760079e-001 5.732021e-001 
1
2
0 7 12 2 0 -1
4 7 4 2 0 3
haar_x3
9.977437e-003 0 -1
5.090986e-001 3.635040e-001 
1
2
10 3 3 13 0 -1
11 3 1 13 0 3
haar_x3
-4.146453e-004 0 -1
5.570065e-001 4.593802e-001 
1
2
7 3 3 13 0 -1
8 3 1 13 0 3
haar_x3
-3.588890e-004 0 -1
5.356846e-001 4.339135e-001 
1
2
10 8 6 3 0 -1
10 9 6 1 0 3
haar_y3
4.046325e-004 0 -1
4.439803e-001 5.436777e-001 
1
2
3 11 3 2 0 -1
4 11 1 2 0 3
haar_x3
-8.218479e-004 0 -1
4.042295e-001 5.176299e-001 
1
3
13 12 6 8 0 -1
16 12 3 4 0 2
13 16 3 4 0 2
haar_x2_y2
5.946742e-003 0 -1
4.927652e-001 5.633780e-001 
1
2
7 6 6 5 0 -1
9 6 2 5 0 3
haar_x3
-2.175339e-002 0 -1
8.006294e-001 4.800841e-001 
1
2
17 11 2 7 0 -1
17 11 1 7 0 2
haar_x2
-1.454038e-002 0 -1
3.946055e-001 5.182223e-001 
1
2
3 13 8 2 0 -1
7 13 4 2 0 2
haar_x2
-4.051077e-002 0 -1
2.132499e-002 4.935793e-001 
1
2
6 9 8 3 0 -1
6 10 8 1 0 3
haar_y3
-5.845827e-004 0 -1
4.012796e-001 5.314025e-001 
1
2
4 3 4 3 0 -1
4 4 4 1 0 3
haar_y3
5.515180e-003 0 -1
4.642419e-001 5.896261e-001 
1
2
11 3 4 3 0 -1
11 4 4 1 0 3
haar_y3
-6.062622e-003 0 -1
6.502159e-001 5.016478e-001 
1
2
1 4 17 12 0 -1
1 8 17 4 0 3
haar_y3
9.453584e-002 0 -1
5.264709e-001 4.126827e-001 
1
2
11 3 4 3 0 -1
11 4 4 1 0 3
haar_y3
4.731505e-003 0 -1
4.879200e-001 5.892448e-001 
1
2
4 8 6 3 0 -1
4 9 6 1 0 3
haar_y3
-5.257147e-004 0 -1
3.917280e-001 5.189413e-001 
1
2
12 3 5 3 0 -1
12 4 5 1 0 3
haar_y3
-2.546405e-003 0 -1
5.837599e-001 4.985706e-001 
1
2
1 11 2 7 0 -1
2 11 1 7 0 2
haar_x2
-2.607569e-002 0 -1
1.261984e-001 4.955822e-001 
1
3
15 12 2 8 0 -1
16 12 1 4 0 2
15 16 1 4 0 2
haar_x2_y2
-5.477971e-003 0 -1
5.722514e-001 5.010266e-001 
1
2
4 8 11 3 0 -1
4 9 11 1 0 3
haar_y3
5.133774e-003 0 -1
5.273262e-001 4.226376e-001 
1
3
9 13 6 2 0 -1
12 13 3 1 0 2
9 14 3 1 0 2
haar_x2_y2
4.794498e-004 0 -1
4.450067e-001 5.819587e-001 
1
2
6 13 4 3 0 -1
6 14 4 1 0 3
haar_y3
-2.111408e-003 0 -1
5.757653e-001 4.511715e-001 
1
2
9 12 3 3 0 -1
10 12 1 3 0 3
haar_x3
-1.317999e-002 0 -1
1.884381e-001 5.160734e-001 
1
2
5 3 3 3 0 -1
5 4 3 1 0 3
haar_y3
-4.796810e-003 0 -1
6.589790e-001 4.736119e-001 
1
2
9 4 2 3 0 -1
9 5 2 1 0 3
haar_y3
6.748317e-003 0 -1
5.259430e-001 3.356395e-001 
1
2
0 2 16 3 0 -1
0 3 16 1 0 3
haar_y3
1.462337e-003 0 -1
5.355271e-001 4.264092e-001 
1
3
15 12 2 8 0 -1
16 12 1 4 0 2
15 16 1 4 0 2
haar_x2_y2
4.764516e-003 0 -1
5.034407e-001 5.786828e-001 
1
3
3 12 2 8 0 -1
3 12 1 4 0 2
4 16 1 4 0 2
haar_x2_y2
6.806666e-003 0 -1
4.756605e-001 6.677829e-001 
1
2
14 13 3 6 0 -1
14 15 3 2 0 3
haar_y3
3.660862e-003 0 -1
5.369612e-001 4.311547e-001 
1
2
3 13 3 6 0 -1
3 15 3 2 0 3
haar_y3
2.144964e-002 0 -1
4.968642e-001 1.888816e-001 
1
3
6 5 10 2 0 -1
11 5 5 1 0 2
6 6 5 1 0 2
haar_x2_y2
4.167890e-003 0 -1
4.930733e-001 5.815369e-001 
1
2
2 14 14 6 0 -1
2 17 14 3 0 2
haar_y2
8.646756e-003 0 -1
5.205205e-001 4.132595e-001 
1
2
10 14 1 3 0 -1
10 15 1 1 0 3
haar_y3
-3.611408e-004 0 -1
5.483555e-001 4.800928e-001 
1
3
4 16 2 2 0 -1
4 16 1 1 0 2
5 17 1 1 0 2
haar_x2_y2
1.080873e-003 0 -1
4.689902e-001 6.041421e-001 
1
2
10 6 2 3 0 -1
10 7 2 1 0 3
haar_y3
5.771996e-003 0 -1
5.171142e-001 3.053277e-001 
1
3
0 17 20 2 0 -1
0 17 10 1 0 2
10 18 10 1 0 2
haar_x2_y2
1.572077e-003 0 -1
5.219978e-001 4.178804e-001 
1
2
13 6 1 3 0 -1
13 7 1 1 0 3
haar_y3
-1.930786e-003 0 -1
5.860370e-001 4.812920e-001 
1
2
8 13 3 2 0 -1
9 13 1 2 0 3
haar_x3
-7.892627e-003 0 -1
1.749277e-001 4.971734e-001 
1
2
12 2 3 3 0 -1
13 2 1 3 0 3
haar_x3
-2.222468e-003 0 -1
4.342589e-001 5.212848e-001 
1
3
3 18 2 2 0 -1
3 18 1 1 0 2
4 19 1 1 0 2
haar_x2_y2
1.901199e-003 0 -1
4.765187e-001 6.892055e-001 
1
2
9 16 3 4 0 -1
10 16 1 4 0 3
haar_x3
2.757612e-003 0 -1
5.262191e-001 4.337486e-001 
1
2
6 6 1 3 0 -1
6 7 1 1 0 3
haar_y3
5.178745e-003 0 -1
4.804069e-001 7.843729e-001 
1
2
13 1 5 2 0 -1
13 2 5 1 0 2
haar_y2
-9.027334e-004 0 -1
4.120847e-001 5.353424e-001 
1
3
7 14 6 2 0 -1
7 14 3 1 0 2
10 15 3 1 0 2
haar_x2_y2
5.179796e-003 0 -1
4.740373e-001 6.425960e-001 
1
2
11 3 3 4 0 -1
12 3 1 4 0 3
haar_x3
-1.011400e-002 0 -1
2.468792e-001 5.175018e-001 
1
2
1 13 12 6 0 -1
5 13 4 6 0 3
haar_x3
-1.861706e-002 0 -1
5.756294e-001 4.628979e-001 
1
2
14 11 5 2 0 -1
14 12 5 1 0 2
haar_y2
5.922596e-003 0 -1
5.169626e-001 3.214271e-001 
1
3
2 15 14 4 0 -1
2 15 7 2 0 2
9 17 7 2 0 2
haar_x2_y2
-6.294508e-003 0 -1
3.872015e-001 5.141637e-001 
1
3
3 7 14 2 0 -1
10 7 7 1 0 2
3 8 7 1 0 2
haar_x2_y2
6.535302e-003 0 -1
4.853049e-001 6.310490e-001 
1
2
1 11 4 2 0 -1
1 12 4 1 0 2
haar_y2
1.087840e-003 0 -1
5.117315e-001 3.723259e-001 
1
2
14 0 6 14 0 -1
16 0 2 14 0 3
haar_x3
-2.254224e-002 0 -1
5.692740e-001 4.887113e-001 
1
2
4 11 1 3 0 -1
4 12 1 1 0 3
haar_y3
-3.006566e-003 0 -1
2.556013e-001 5.003993e-001 
1
2
14 0 6 14 0 -1
16 0 2 14 0 3
haar_x3
7.474127e-003 0 -1
4.810873e-001 5.675927e-001 
1
2
1 10 3 7 0 -1
2 10 1 7 0 3
haar_x3
2.616232e-002 0 -1
4.971195e-001 1.777237e-001 
1
2
8 12 9 2 0 -1
8 13 9 1 0 2
haar_y2
9.435274e-004 0 -1
4.940011e-001 5.491251e-001 
1
2
0 6 20 1 0 -1
10 6 10 1 0 2
haar_x2
3.336324e-002 0 -1
5.007612e-001 2.790724e-001 
1
2
8 4 4 4 0 -1
8 4 2 4 0 2
haar_x2
-1.511865e-002 0 -1
7.059579e-001 4.973032e-001 
1
2
0 0 2 2 0 -1
0 1 2 1 0 2
haar_y2
9.864895e-004 0 -1
5.128620e-001 3.776762e-001 
1.047492e+002
