-0.035061732109487 0.00745723353110583
-0.0232288332925027 0.00738571816549511
0 0.00622277107560297
0 0.00665386242825713
0.0116385130154936 0.00689221125807346
-0.0116385130154936 0.00821378072206531
0 0.00790935891319342
0.0347713582986076 0.0071954773969681
0.0116385130154936 0.0078211040818727
0.0234232190939934 0.00340183864864806
0.058194577392601 0.00321960950476586
0.0462664806044326 0.00380675423761167
0.0116385130154936 0.00501383964419023
-0.0352087453371523 0.0046594640156564
-0.035061732109487 0.00518788858126371
-0.0234232190939934 0.00418470160360737
-0.0468472583526458 0.00459593854936295
-0.0699801036357599 0.00617739839427762
-0.0586826178359207 0.00511612831208026
-0.0234232190939934 0.00564955257016522
-0.058194577392601 0.0075636605021222
-0.069689699698426 0.00720028037324592
-0.023325621215797 0.00515383630986411
0.0352087453371523 0.00270830780309649
0.035061732109487 0.00340120542186687
0.035061732109487 0.00477005692962512
0.0699801036357599 0.00300065758519418
0.0235216371368489 0.00128036513589709
0.0236208857264337 0.00245116932735216
-0.0236208857264337 0.00423654011270205
3.46944695195361E-18 0.0021623057014165
0.01173611089369 0.000963492074853788
0.0116871082003034 0.00328073052611704
-0.0234232190939934 0.00646169628559781
-0.035061732109487 0.00617095227695504
-0.023325621215797 0.00604559525824874
-0.058194577392601 0.00760601579122611
-0.0235216371368489 0.00578809295703446
0 0.00574005543048742
0.0353569966201237 0.00390368137515913
0.01173611089369 0.00539404712426256
-1.73472347597681E-18 0.00583233543667932
-0.0589297207579494 0.00549320608315521
0.01173611089369 0.00350244598825947
0.0234232190939934 0.00318143289469645
-0.0591789135778329 0.00370015495483327
-0.0714692021160976 0.00197336606109724
-0.0839180986669955 0.00333081107314309
-0.107899976875617 0.00477450121220252
-0.0952962965945983 0.00686067060273992
-0.047242612557646 0.00549849006484183
-0.0235216371368489 0.00447534381577494
0.0237209754207972 0.00183459675789571
-0.01173611089369 0.00539967271303974
-0.0116871082003034 0.0063100468020741
0.0591789135778329 0.0019114324609538
0.0714692021160976 0.000976946464982977
0.119126844004148 0.00172295000980922
0.142961708985104 0.00092557840118049
0.106983404794902 0.000998356224441709
0.070568233773443 0.00271537729028794
0.0352087453371523 0.00371293585227448
0.0235216371368488 0.00567769658547128
0.0234232190939934 0.00318932224243867
0.023325621215797 0.00337428923082046
0 0.00695302636774351
0.035061732109487 0.00743909955610172
0.0232288332925027 0.0100520448462023
0.0346279675889391 0.0118167300665684
0.0116385130154936 0.00996956592347171
-0.023325621215797 0.00777091933231745
-0.0352087453371523 0.00643205950501251
3.46944695195361E-18 0.00598671750260169
0.0347713582986076 0.00590763436443156
3.46944695195361E-18 0.005954799985404
-0.0353569966201237 0.00485846148705337
-0.106530934225585 0.00639230082806876
-0.130212238087404 0.00595398704217624
-0.16539332460858 0.00636170150641366
-0.179872903398664 0.00496976234907264
-0.144189388610395 0.00319218037088508
-0.120667751473546 0.00328250216512221
-0.107439735803844 0.00548668508619472
-0.153898202302755 0.00672299913492838
-0.142961708985104 0.00479440378411383
-0.108832391990271 0.00276421599451956
-0.0733419691730793 1.65794852476382E-05
-0.012143439209246 -0.000381308400763078
-0.0121963519654631 -0.00204961279363182
0.0246614665583253 -0.00308943433269208
-5.20417042793042E-18 -0.00144293364031358
-5.20417042793042E-18 0.000548332767004509
-0.0367496528065507 0.000590128314425344
-0.0367496528065507 -0.00272781544277913
-0.0245533008410877 -0.00270559414178183
-0.0123578935724719 -0.000852812652824953
0.0369111944135595 0.00142935282424767
-0.0121963519654631 0.00415088164972918
-0.0122497278552342 0.00432472047578807
5.20417042793042E-18 0.00560226433419903
0.0245533008410877 0.00470362143964504
0.0123035729858534 0.00528284460042498
-0.0247705895129597 0.00329348006427065
-0.0372385760409606 0.00297357373801292
-0.0123578935724719 0.00340222877403281
0.0246614665583253 0.00450557404704657
5.20417042793042E-18 0.00673211528565419
