-2.74578253369587 -0.715135449417745
-2.22319679560272 -0.639784337677023
-2.26117592024091 0.434438542986982
-1.81571791948074 0.41189540537376
-1.57164576206765 0.0973421108466327
-2.10235944215419 0.2004988839191
-1.79408239043358 -0.148810667413067
-1.92746250328918 -0.0982218985856098
-2.5754173610502 0.426124097990015
-1.86930970967459 0.390555725587482
-2.15586352074379 -0.152535852959866
-1.39154460135076 0.56044867493499
-1.23644124784375 0.46892284644167
-0.955413267842002 0.842550614122922
-0.856094494634976 0.777359163832226
-0.491009560564858 1.08712402305961
-0.147911001958893 1.13913158687809
-0.0747595240183599 0.988700330999063
0.1293161418589 1.00564753479577
0.307195275268255 0.864790070972987
0.158816478086716 0.772339479041193
0.693360231558633 1.10385850420518
1.03868081747215 1.25547096675925
1.06666081922638 0.992547843017239
0.556296231324732 1.29836367155021
1.55693944975587 0.669639369680197
1.49513200596438 0.666214368429266
1.4763617226559 0.580831195241706
2.12218226471362 0.470874159737164
2.82989796216706 0.672548426753736
2.78390784434114 0.720269425787212
2.54220390024266 0.599821254479261
2.48408034382949 0.781030367162056
2.24684969154752 0.543543668845108
1.94661287021606 0.88800864333634
2.24924714206356 0.779698532823901
1.69397421278835 0.748826078179446
2.19682483992632 1.14514688937989
2.85065637517176 1.12678662715009
2.15282285179662 0.76917327036942
2.47010496155308 0.862612526358895
1.81068912083735 0.789175059378019
1.24760985878431 0.753077386941871
1.70198520597608 1.14788419317101
1.57021313919832 1.0312703545389
1.26839750899044 0.519472972611886
1.38332894775312 0.733587060544845
1.29631903634184 0.897651434916412
1.20039177849896 0.799039079397993
1.02748296933017 0.243412632602781
1.50711925854457 0.249650260331387
1.89594480016372 -0.136810067699521
0.748296933017566 0.84667203567062
0.99614068941321 0.865865402838496
0.250299681314506 0.779610498026397
0.205917609566413 0.901220805263702
0.0362541297546986 1.04089112278649
0.492909978656843 0.709231445216084
-0.438470309621966 1.03698275968144
-0.524749290997869 0.703600707694301
-0.894482940092974 0.674376481313095
-1.79671373856094 1.06023000471923
-0.920562523755226 0.95623685398745
-0.853375434903372 1.06376196478554
-1.43382159459696 1.14794883036529
-1.59795924334123 0.357866922864117
-2.0147355495132 0.15474959470952
-2.061281174166 0.894757064536659
-2.51229424319504 0.153953747764323
-1.93629213811654 1.06591452968142
-2.66640353185393 1.10323845384474
-2.03061134988159 0.676542638790537
-0.977545829313218 0.336492241806421
-1.14530889103295 0.462451807491708
-0.929041312165599 0.371824758737696
-0.316960500540887 0.758614712762961
-0.533286553811073 0.725449002644115
-0.448469432505918 0.560680584965272
0.060959564950444 0.454260490676793
-0.0174546092448012 0.274720245433882
-0.247668333187145 0.252362859758394
-1.2219980703447 0.484911419790666
-0.711428822033154 0.389974016286462
-1.3078677309008 -0.510412193884352
-0.946437447007568 -0.0849222422428492
-1.5308306288922 -0.199525835481929
-1.04163377481507 0.313943423180322
-1.50963365786627 -0.13729171107061
-0.607782943016691 -0.218091489461393
-0.261789901470628 0.440813656062111
0.409730140630936 0.788569383127538
0.94781159547408 1.01487212329391
-0.238809461158378 0.724092172348317
-0.015378767944333 0.983246880533904
0.256702628424404 1.03317047633291
