0.0150375939849624 -0.00482510773386724
0.0075187969924812 -0.00662491774679164
0.0037593984962406 -0.00453467450140521
0 0.0026829140068918
-0.0075187969924812 0.00256975078241806
-0.0225563909774436 0.00775068609017304
-0.018796992481203 0.00981265439385859
-0.0225563909774436 0.00723227734641996
-0.0338345864661654 0.00407765212427269
-0.018796992481203 0.00465210493873358
0 -0.000234807851759333
0 0.00507822643038414
0 0.00659835857783286
0.0112781954887218 0.00563133656146086
0.0075187969924812 0.000777341390050923
-0.0075187969924812 0.000589148664493111
-0.0112781954887218 0.00269965303799169
0 0.00476070558391872
-0.0037593984962406 -0.000904091127583717
-0.0037593984962406 0.00639752191221388
0.0075187969924812 0.00339317515743187
0.0075187969924812 0.00522985627014561
-0.0037593984962406 0.00639312297163497
0.0037593984962406 0.00575493759948054
0.0075187969924812 0.0118924080874339
-0.0075187969924812 0.0115878910220675
-0.0037593984962406 0.0113175602940079
0.0112781954887218 0.0148891459829994
0.0075187969924812 0.0154345483736844
0.0037593984962406 0.0131976602492803
0.0075187969924812 0.00952261809442967
0.0037593984962406 0.00962417941731908
0.0037593984962406 0.00987717579183678
0.0075187969924812 0.00682281000792107
0.0112781954887218 0.00717721183818765
0.0150375939849624 0.00854384125811181
0.0112781954887218 0.0100009433032986
0.0037593984962406 0.00698357014272699
-0.0037593984962406 0.00591699023665293
-0.0112781954887218 0.00660776050679979
-0.0075187969924812 0.00599424193808873
-0.0112781954887218 0.0067268350951013
-0.0075187969924812 0.00713089612130102
-0.0037593984962406 0.00527918016699958
-0.0075187969924812 0.00345203791993698
-0.0075187969924812 0.0054179012934148
-0.0112781954887218 0.00508541644399352
-0.0225563909774436 0.00326383257634189
-0.0225563909774436 0.00274536078797749
-0.0075187969924812 0.00214638699254643
-0.0225563909774436 0.00441764132465772
-0.0075187969924812 0.00501544181606683
0.0037593984962406 0.00325401504778111
0.0112781954887218 0.00341040787656
0.0075187969924812 0.000729355021548139
0.0263157894736842 0.000121121626081022
0.0112781954887218 0.000334998973988698
0.0150375939849624 0.000698723044591398
0.0075187969924812 0.00240243927581862
-0.0037593984962406 0.00831671865220973
-0.0037593984962406 0.00147462352711369
0.0037593984962406 0.00810358671633016
-0.0150375939849624 0.00867004637342839
-0.0150375939849624 0.00881042158590195
0 0.0117779976298034
-0.0075187969924812 0.00976390645255365
-0.0037593984962406 0.0128009388236958
0.0037593984962406 0.0119716682971707
0 0.0108817516546014
-0.0075187969924812 0.0100786024325521
-0.0037593984962406 0.00809541671125324
-0.0075187969924812 0.00912270051774855
-0.0037593984962406 0.00785836153794084
0 0.00631472286799917
0.0037593984962406 0.0056985356836432
0.0037593984962406 0.00196542891618301
0 0.00410247175319811
0.0075187969924812 -0.000824805325057687
0.0037593984962406 -4.04732137979646E-05
0 0.00595797538233378
-0.0037593984962406 0.000767187653245793
0.0037593984962406 0.00168411049938411
-0.0075187969924812 0.00855336839117382
-0.0075187969924812 0.0111140104205856
-0.0075187969924812 0.00793760351700201
-0.0037593984962406 0.0108053565092903
-0.0037593984962406 0.00777208466167267
0.0037593984962406 0.00756346575358635
0.0075187969924812 0.00899705130466466
0.0037593984962406 0.00925378812801037
0 0.0094113718615898
0.0075187969924812 0.0102999445892087
-0.0037593984962406 0.00644142789985325
0.0037593984962406 0.00628934149210658
0.0037593984962406 0.00675523880795859
0.0150375939849624 0.00624213019200703
0.0037593984962406 0.00817022272569656
0.0112781954887218 0.00483606735245812
0.0037593984962406 0.00559894612844336
0.0075187969924812 0.0062528978305052
0 0.00769355256661997
-0.0037593984962406 0.00565776922605576
0 0.00759979512496867
-0.0037593984962406 0.00807232665231017
0 0.0094205615410019
-0.0037593984962406 0.00806027820078126
0.0037593984962406 0.00640843795455326
0 0.00664046953106756
0.0037593984962406 0.00535040467287673
0 0.00652514776148405
0 0.00576454665268167
0 0.00491325296625722
0.0037593984962406 0.00620869951672742
0.0037593984962406 0.00334816475562971
-0.0037593984962406 0.00429778788959756
-0.0037593984962406 0.00111705539052243
0 0.00371241959343149
-0.0225563909774436 0.00381735967223595
-0.018796992481203 0.00473671473560899
-0.0112781954887218 0.003019627113104
-0.0075187969924812 0.0031355505804751
-0.0075187969924812 0.00712807777736768
0.0112781954887218 0.00448234911666234
0.0075187969924812 0.00656506035062532
0.0075187969924812 0.00524854969367561
0.0037593984962406 0.00850976252415792
-0.0037593984962406 0.00618806393828319
-0.0037593984962406 0.00316192439784335
-0.0037593984962406 0.00396609488360089
-0.0075187969924812 0.00581466637627526
-0.0037593984962406 0.00739004689698786
0 0.00569121504426673
-0.0037593984962406 0.00497214725948258
-0.0037593984962406 0.00439940174071496
0 0.00900068104135543
-0.0037593984962406 0.0088735362181247
-0.0037593984962406 0.00697306906072304
0 0.0119912764044667
0 0.0118520497834818
-0.0037593984962406 0.0106088966073259
-0.0037593984962406 0.0100891844370958
-0.0075187969924812 0.0102920967519566
-0.0037593984962406 0.00681625634392824
-0.0037593984962406 0.0076010855928319
0 0.00642748977611629
0 0.00717609610082737
0.0075187969924812 0.0100085004728456
0 0.00589898489604868
0 0.00690075068997698
0 0.00796734879218897
0 0.00759112279366492
-0.0037593984962406 0.0072587194734679
-0.0037593984962406 0.0090517018779821
-0.0037593984962406 0.0090517018779821
-0.0037593984962406 0.00857853780610562
-0.0112781954887218 0.0093697685681875
-0.0075187969924812 0.00867722179592456
-0.0037593984962406 0.00791942774108745
0 0.00791942774108745
0.0075187969924812 0.00833612638845449
0.0150375939849624 0.00920690556163462
0.0112781954887218 0.00945533490304151
0.0112781954887218 0.00835761250264988
0.0075187969924812 0.00824866087686993
0 0.00756881771545026
-0.0037593984962406 0.00662132572112584
-0.0037593984962406 0.0052980016779014
-0.0037593984962406 0.0075650497128692
-0.0037593984962406 0.00781657034030681
-0.0037593984962406 0.00695269366719597
-0.0037593984962406 0.00672199929918649
-0.0037593984962406 0.00692880418793362
-0.0037593984962406 0.00804542161038069
-0.0037593984962406 0.007932812046896
0 0.00733953152120681
-0.0150375939849624 0.00829107106113214
-0.0075187969924812 0.00871933117075607
-0.0112781954887218 0.00757307143145902
-0.0112781954887218 0.00692755272482359
-0.0263157894736842 0.00477211424156931
-0.0075187969924812 0.00376183456038182
-0.0037593984962406 0.00422531707621787
0.0112781954887218 0.00345826855890707
0 0.00415297748001664
0.0112781954887218 0.00704838447592082
0.0112781954887218 0.00386613510530798
0 0.00546194286878809
-0.0150375939849624 0.00410964021858118
0.0037593984962406 0.0058175444690145
0.0037593984962406 0.00332950537355647
0.0037593984962406 0.00817366224084037
0.0075187969924812 0.0094918549726597
0.0112781954887218 0.00924791922352353
