0.0792682926829268 -0.0011288622610254
0.0853658536585366 0.0191665355810316
0.0609756097560976 0.0245337013777302
0.0609756097560976 0.0221529141369878
0.0609756097560976 0.0411324712602463
0.0609756097560976 0.0497993926678114
0.0609756097560976 0.0563343694534836
0.0975609756097561 0.066382964025219
0.0609756097560976 0.0525914416193534
0.0304878048780488 -0.00210173096611279
-0.024390243902439 -0.00764116740760204
-0.0975609756097561 0.0249809493609376
-0.0792682926829268 0.0410801350090071
-0.048780487804878 0.0315701216290497
-0.0426829268292683 0.013671428429929
-0.0670731707317073 -0.0226449514395425
0.00609756097560976 -0.0024932745923999
0.024390243902439 0.044365434586022
6.93889390390723E-18 0.0100847752019571
0.024390243902439 0.022202645427898
0.0853658536585366 0.00392831583203412
0.0853658536585366 -0.0319620913679844
0 -0.0220757120705494
0.024390243902439 -0.00192522327334184
0.0182926829268293 0.0273055024609775
0.0365853658536585 0.0955883574387063
0.00609756097560976 0.0755469744911174
0.0975609756097561 0.0213855800092627
0.134146341463415 0.0347576895823129
0.0914634146341464 0.0420883884343249
0.0487804878048781 0.00495551357261159
-0.0121951219512195 -0.0553508136852306
-0.0121951219512195 0.115983597029048
0 0.0386806341606084
0.0670731707317073 0.080802617798739
0.0548780487804878 -0.0105592313824059
0.0670731707317073 -0.0123785683361658
0.0304878048780488 -0.015544723584588
-0.0121951219512195 0.0294880821724603
-0.0670731707317073 -0.00446895402631505
-0.0548780487804878 -0.0183433926770081
-0.024390243902439 -0.0150975434457752
-0.0121951219512195 -0.0235720699236731
-0.00609756097560975 -0.0181553106346616
0.0365853658536585 0.0216314979261795
0.0487804878048781 -0.0136520603633201
0.0853658536585366 0.000291333407287828
0.0365853658536585 -0.0232124460731224
0.0182926829268293 0.0154830568212926
0.0121951219512195 0.0173805465488
-1.73472347597681E-18 0.0242001919847603
-0.0487804878048781 0.00411831005627311
-0.024390243902439 0.0236913995006887
-0.0121951219512195 0.0631088218073843
-0.024390243902439 0.0713964597615885
-0.0304878048780488 0.00926602892438499
-0.024390243902439 0.0295754019177532
-0.0182926829268293 -0.00516750378070223
-0.024390243902439 -0.00736324040918076
-0.0182926829268293 -0.0743393263406965
-0.00609756097560976 -0.0645191848800741
-0.0121951219512195 -0.0330990793127673
-0.0121951219512195 -0.0240765128782232
-0.00609756097560975 -0.00283650457999487
0.0121951219512195 -0.00337659882668902
0.0182926829268293 0.00518395879695635
0.0304878048780488 -0.0192804783103265
0.0182926829268293 -0.00465798052372768
0.0121951219512195 0.00479092643121312
0 0.019192482509951
0.00609756097560975 0.0290602092139125
0.0121951219512195 0.0324704367555194
0.0182926829268293 0.0163020934453313
0.0304878048780488 0.0165947330655055
0.024390243902439 -0.00141377719237911
0.00609756097560976 0.000171183131046646
0.00609756097560976 -0.0156976804901743
0 0.00734019581039638
-0.0121951219512195 0.0274052530960156
0.0121951219512195 0.0193448705069377
0.0548780487804878 0.00844064471301794
0.0670731707317073 0.0071103317524343
0.0731707317073171 0.00270544393395419
0.0609756097560976 -0.00532026025813321
0.0365853658536585 0.00632490745155814
-0.00609756097560976 0.0539769183968755
-0.0304878048780488 0.0501140077106198
-0.0426829268292683 0.0641352373335229
-0.0121951219512195 0.0505272182659263
-0.0182926829268293 0.0386471514482722
-0.0121951219512195 0.00876045527654867
0.00609756097560975 0.0105945134402956
0.00609756097560975 0.0199599592128899
-0.0121951219512195 -0.00311227855995992
-0.0182926829268293 0.0123344575657324
-0.0182926829268293 0.00238852582069662
-0.0548780487804878 -0.0118610937714734
-0.0304878048780488 -0.0262541333761019
-0.024390243902439 -0.0203038987898413
0 -0.00141549421199654
-0.0121951219512195 0.0136277102944048
0.0304878048780488 7.68570499642442E-06
3.46944695195361E-18 -0.0181074110986825
1.73472347597681E-18 0.00891229931433066
-0.0121951219512195 0.00889571770557162
0.00609756097560976 -0.00985585752380382
1.73472347597681E-18 -0.00836135941897552
-0.00609756097560975 -0.0387491977888079
-0.0121951219512195 -0.00573700109156346
0.0121951219512195 -0.00905145981353033
0.00609756097560975 0.00944989560926585
-1.73472347597681E-18 -0.0367757897476383
0.024390243902439 -0.0217881609279274
0.0182926829268293 -0.0098362265271859
0.00609756097560976 0.0115400022072403
-0.00609756097560976 0.00380669605752599
-0.00609756097560976 -0.0286013725055564
-0.00609756097560976 0.0183168452122631
0 0.0154180657210094
0.00609756097560976 0.0013215500399169
0.0182926829268293 -0.00117583221600075
0.0182926829268293 -0.00346319713611093
0.0121951219512195 -0.0120748346559573
0.0121951219512195 -0.00775162477933002
-0.00609756097560976 0.00825052337729786
0 0.0229927879428264
0.00609756097560976 0.0214126284372947
0.00609756097560976 0.0124578342635881
0.00609756097560976 0.0117266729950112
0.0121951219512195 0.00811890723302716
0 0.00678193417989333
-0.00609756097560976 0.00839488096798901
0.00609756097560976 0.00825419799825755
0.0121951219512195 0.00990176591158165
0.0121951219512195 0.0188447345309908
0.0121951219512195 0.00576047666921698
0.0182926829268293 0.00377762719968471
0.0121951219512195 0.00928834284607499
0.0121951219512195 0.0177817485344202
0.0182926829268293 0.0168760066284492
0.00609756097560976 0.018376400047663
-0.00609756097560976 0.0250419458681787
-0.00609756097560976 0.0187652221672719
-0.0121951219512195 0.0189682770319961
-0.024390243902439 0.0216309538701754
-0.0121951219512195 0.0136620254768201
-0.00609756097560976 0.00600360174800652
-0.0121951219512195 0.00842896910319793
-0.00609756097560976 0.00725131406928819
0 0.00761931329017796
0.00609756097560976 0.00380536465634835
0 0.00170908972985249
0 0.00565885832657918
-0.00609756097560976 0.010082203307435
0 0.00829639787340201
-0.024390243902439 0.0164195824104198
-0.024390243902439 0.00986770520339443
-0.00609756097560975 0.0104795502984128
-0.0182926829268293 0.00544854520784474
-0.0365853658536585 0.00484371991448116
-0.0182926829268293 -0.00460897650355302
-0.00609756097560976 -0.00868100419332065
-0.024390243902439 0.000598633924772171
-0.0304878048780488 -0.00777121158264626
-0.024390243902439 -0.0212862171481093
-0.024390243902439 -0.00665615501140159
-0.024390243902439 0.00287338944548155
-3.46944695195361E-18 -0.00756438574066225
0.024390243902439 -0.00847918458418558
0.024390243902439 -0.00976688865432226
0.024390243902439 -0.0111529826042676
0.0121951219512195 -0.0120454671127002
-0.00609756097560976 0.00726432243452122
-0.00609756097560976 0.0278790150006718
0 0.0282358899961852
0 0.0270411329385066
0.00609756097560976 0.0119739827200475
0.00609756097560976 -0.00285047859178358
0 -0.0146290317369052
0.00609756097560976 -0.00930101251983278
0.00609756097560976 -0.0152957645917713
0.00609756097560976 -0.00622334958121392
0.00609756097560976 0.0051191906819283
0 -0.00411583347688118
-0.0121951219512195 0.00172906149402983
-0.00609756097560976 0.00228783160920438
-0.00609756097560976 0.00289186282889088
-0.00609756097560976 0.00373712892249933
0 0.00190477433113309
0.00609756097560976 0.00318539245419698
-0.0121951219512195 0.00435643688146794
-0.0182926829268293 0.0051606562072618
-0.00609756097560976 0.00264059401143017
-0.0121951219512195 0.00448808197155976
-0.00609756097560976 0.00852535553041659
0.0121951219512195 -0.00122771401128676
0.0182926829268293 0.00188534223904622
0.00609756097560976 0.00777061278922479
0.0182926829268293 0.000883300895642017
0.00609756097560976 0.00131919048609568
0 0.0181343389250718
-0.00609756097560976 0.0235288487786246
-0.0182926829268293 0.0134494709916769
-0.0182926829268293 0.0225831411663008
-0.0121951219512195 0.00758854269685653
-0.0121951219512195 0.00322141673895856
-0.00609756097560976 -0.00407592383263192
-0.00609756097560976 -0.00571347805701885
-0.00609756097560976 -0.00771708713077527
-0.00609756097560976 -0.00152264531160456
-0.0121951219512195 -0.00210955668861137
-0.0121951219512195 -0.0024076369894925
0 0.00310305991406019
-0.00609756097560976 -0.00175986505497529
-0.00609756097560976 0.00184622151704315
-0.00609756097560976 0.00463685990420062
-0.0121951219512195 0.00184164626763029
-0.0121951219512195 0.00394395809201897
-0.0182926829268293 -0.000982265971207532
-0.0304878048780488 0.00226126267852533
-0.0304878048780488 0.0027776249004927
-0.0365853658536585 -0.00332524368702832
-0.024390243902439 -0.00687532710410084
-0.00609756097560976 -0.0115508373894885
-1.73472347597681E-18 -0.0111483518979289
0.00609756097560976 -0.0119243484736335
0.0182926829268293 -0.0112573492850605
0.0121951219512195 -0.00634160570131478
0 0.00141293202176297
0.00609756097560976 0.00624008618760167
0.00609756097560976 0.00976972201978119
0.00609756097560976 0.0204566530216453
-0.00609756097560976 0.0167153326510143
0 0.00343781544905662
0.00609756097560976 0.0044520245883839
0 -1.09026253837987E-05
0 -0.00539915715419791
0 -0.00681467284167327
0.0121951219512195 0.00161735202935843
