19
1
0.5
1 
-200 1 4 5 9 13 17 1 -1 22 

5
0.000486542
0.00067572 0.000316589 0.000251723 0.000277329 0.000234819 
-370 1 2 6 10 14 18 1 -1 8 
62 0 0 1 4 7 -1 11 -1 13 
538 0 4 1 5 9 13 8 -1 19 
-349 1 0 17 20 23 -1 1 -1 18 
36 0 3 16 18 20 26 0 5 10 

10
0.000738181
0.000191042 0.000239473 0.000204557 0.000169351 0.000161059 0.000153667 0.000170466 0.00021376 0.00018472 0.000158805 
-1023 1 2 0 8 16 24 2 -1 6 
67 0 0 7 10 13 -1 6 -1 8 
128 0 1 16 -1 19 -1 6 10 14 
578 0 0 0 3 6 -1 0 -1 11 
82 0 1 9 -1 15 -1 16 19 22 
-122 1 1 11 -1 17 -1 1 4 7 
43 0 1 5 -1 7 -1 5 8 11 
-895 1 0 18 21 24 -1 0 -1 21 
-36 1 0 12 14 16 -1 1 -1 8 
245 0 0 18 21 24 -1 16 -1 23 

20
0.00135705
0.000177867 0.000160819 0.000136636 0.000110299 0.000148532 0.000198559 0.000151493 0.000105487 0.000101287 0.000156203 0.000158241 0.000164093 0.00054547 0.000259158 8.91503e-005 0.000114379 0.000127743 0.000126366 0.000118181 0.000150801 
-85 1 2 2 5 8 11 11 -1 13 
-412 1 3 0 5 10 26 0 5 10 
-102 1 4 18 20 22 24 9 -1 14 
-43 1 0 11 13 15 -1 6 -1 8 
-51 1 0 14 18 22 -1 0 -1 1 
-112 1 4 8 10 12 14 10 -1 20 
-219 1 0 14 19 24 -1 18 -1 20 
20 0 0 8 10 12 -1 2 -1 6 
83 0 3 4 7 10 26 15 18 21 
8 0 1 9 -1 17 -1 7 8 9 
-61 1 4 15 16 17 18 9 -1 14 
295 1 1 11 -1 15 -1 4 13 22 
-196 0 4 5 9 13 17 1 -1 22 
-1282 0 1 6 -1 18 -1 4 11 18 
33 0 2 11 13 15 17 11 -1 13 
-3 1 4 9 10 11 12 4 -1 9 
111 0 4 15 16 17 18 7 -1 15 
-10 0 4 13 14 15 16 21 -1 22 
755 0 0 16 20 24 -1 13 -1 20 
412 1 1 10 -1 14 -1 5 10 15 

50
0.00230291
0.000122032 0.000115586 0.000115076 9.60673e-005 0.000105964 9.2025e-005 9.68912e-005 9.41212e-005 0.000151142 8.08203e-005 0.000118394 6.96619e-005 0.000110885 8.25954e-005 0.000134829 0.000115161 0.000155736 9.30955e-005 0.000160813 0.000494353 0.0001466 9.11392e-005 0.000132776 6.20555e-005 0.000152259 7.72983e-005 0.000143227 7.29942e-005 9.28031e-005 4.34078e-005 0.000153689 8.24429e-005 0.000117448 0.000141871 0.000119181 6.85049e-005 0.00010733 6.46347e-005 8.2595e-005 9.30072e-005 6.35673e-007 0.000150534 7.63836e-005 9.10384e-005 6.85742e-005 7.56376e-005 6.86668e-005 0.000117902 8.80754e-005 6.93973e-005 
1736 0 0 0 4 8 -1 0 -1 21 
60 0 3 10 17 24 26 2 6 10 
15 0 0 10 11 12 -1 6 -1 8 
-646 1 0 18 21 24 -1 0 -1 11 
-70 1 0 10 14 18 -1 6 -1 8 
-55 1 3 14 16 18 26 16 19 22 
9 1 4 13 14 15 16 21 -1 22 
-819 1 0 0 3 6 -1 11 -1 23 
200 1 4 16 18 20 22 2 -1 10 
37 0 1 5 -1 8 -1 7 8 9 
31 0 0 3 6 9 -1 0 -1 1 
-76 1 4 14 15 16 17 9 -1 14 
32 1 4 15 16 17 18 0 -1 5 
423 0 0 0 2 4 -1 0 -1 11 
-61 0 4 9 10 11 12 0 -1 5 
1060 0 0 20 22 24 -1 0 -1 21 
978 1 3 3 13 23 26 5 10 15 
-40 1 1 14 -1 19 -1 4 5 6 
77 0 1 17 -1 19 -1 5 10 15 
-209 0 4 5 9 13 17 1 -1 22 
41 1 4 8 9 10 11 9 -1 14 
104 0 4 16 17 18 19 9 -1 14 
31 1 4 16 17 18 19 17 -1 20 
1200 0 0 0 7 14 -1 16 -1 23 
-15 1 1 16 -1 18 -1 12 15 18 
-538 1 0 0 4 8 -1 12 -1 21 
-27 0 4 13 14 15 16 17 -1 20 
22 0 1 9 -1 14 -1 13 14 15 
43 1 4 17 18 19 20 14 -1 24 
-2713 1 0 16 20 24 -1 9 -1 20 
-541 0 3 2 13 24 26 10 14 18 
11 0 1 11 -1 12 -1 15 16 17 
11 1 2 9 10 11 12 0 -1 1 
2204 0 0 16 20 24 -1 7 -1 21 
367 1 4 12 14 16 18 2 -1 10 
-51 1 1 5 -1 10 -1 5 6 7 
-9 1 4 10 11 12 13 4 -1 19 
37 0 3 6 8 10 26 17 20 23 
-43 1 4 6 8 10 12 17 -1 20 
-23 1 3 4 7 10 26 2 6 10 
5 0 4 5 9 13 17 2 -1 20 
75 1 2 10 11 12 13 16 -1 23 
1242 0 2 0 2 4 6 1 -1 8 
30 1 4 18 19 20 21 17 -1 20 
-26 1 0 18 20 22 -1 5 -1 6 
-34 0 2 6 7 8 9 0 -1 11 
-100 1 0 22 23 24 -1 0 -1 11 
799 1 4 1 5 9 13 18 -1 24 
41 0 1 14 -1 20 -1 8 9 10 
-20 1 1 12 -1 13 -1 17 18 19 

50
0.00239226
0.000126568 0.000141638 9.04136e-005 8.31545e-005 0.000102375 0.000120619 9.67189e-005 8.53988e-005 6.19809e-005 8.86512e-005 0.000105714 0.000514195 0.000161366 0.00011535 0.0001081 0.000174534 0.000126345 0.000166152 4.6879e-005 0.00018191 6.92264e-005 8.5728e-005 0.000109728 8.27496e-005 0.000149208 6.42107e-005 3.0533e-005 0.000100039 5.24842e-005 7.99735e-005 7.42496e-005 7.22142e-005 0.000159795 0.000107337 7.94006e-005 0.00015437 7.54063e-005 0.000167548 0.000182415 7.61912e-005 6.51794e-005 5.19675e-005 0.000137821 2.81178e-005 9.16658e-005 6.53433e-005 0.000119751 4.96842e-005 6.11333e-005 8.8692e-005 
977 0 0 0 3 6 -1 1 -1 18 
355 0 4 1 5 9 13 5 -1 10 
-65 1 4 18 20 22 24 12 -1 15 
323 0 3 10 14 18 26 4 9 14 
-316 1 0 16 20 24 -1 2 -1 6 
36 0 3 14 17 20 26 1 6 11 
39 0 0 10 11 12 -1 7 -1 11 
11 0 1 17 -1 18 -1 7 8 9 
-18 1 1 16 -1 19 -1 18 20 22 
-12 1 1 7 -1 10 -1 15 16 17 
-10 0 2 9 10 11 12 0 -1 1 
-196 0 4 5 9 13 17 1 -1 22 
-18 0 2 11 12 13 14 20 -1 21 
14 0 1 6 -1 8 -1 8 9 10 
-1030 1 0 0 3 6 -1 13 -1 20 
69 1 2 11 12 13 14 16 -1 23 
-63 1 1 10 -1 14 -1 16 17 18 
-1887 0 4 5 11 17 23 7 -1 15 
2615 0 0 16 20 24 -1 7 -1 21 
-83 0 4 8 9 10 11 9 -1 14 
19 0 1 1 -1 23 -1 0 1 2 
121 0 4 15 16 17 18 11 -1 17 
13 1 2 13 14 15 16 0 -1 1 
-314 1 0 0 1 2 -1 0 -1 11 
8 1 1 16 -1 21 -1 12 13 14 
20 0 1 1 -1 4 -1 3 6 9 
-1135 1 2 0 8 16 24 20 -1 21 
-15 0 2 5 6 7 8 9 -1 10 
39 0 2 12 14 16 18 11 -1 13 
3 0 0 6 8 10 -1 0 -1 1 
13 0 1 7 -1 8 -1 7 8 9 
348 0 4 5 9 13 17 2 -1 20 
40 1 4 13 14 15 16 17 -1 20 
-6 1 1 17 -1 20 -1 13 14 15 
3127 0 0 12 18 24 -1 16 -1 23 
1086 1 4 11 15 19 23 2 -1 10 
0 1 1 6 -1 7 -1 13 14 15 
2411 0 1 7 -1 18 -1 0 3 6 
-1033 0 3 3 13 23 26 6 12 18 
-70 1 3 15 17 19 26 16 19 22 
-35 0 2 15 16 17 18 0 -1 11 
339 0 0 20 22 24 -1 10 -1 16 
-57 0 4 16 17 18 19 18 -1 24 
-1070 1 0 20 22 24 -1 0 -1 11 
-48 0 2 9 11 13 15 0 -1 1 
142 0 4 4 5 6 7 10 -1 20 
8 0 1 9 -1 15 -1 8 9 10 
0 0 1 9 -1 10 -1 0 1 2 
-45 1 4 18 19 20 21 7 -1 15 
-8 0 4 11 12 13 14 21 -1 22 

50
0.00220435
0.00011585 0.000120804 8.02792e-005 8.83831e-005 0.000124906 7.46106e-005 8.75026e-005 7.69127e-005 0.000112283 0.000103872 0.000478399 0.000157742 0.000140564 7.26248e-005 0.000166468 6.21758e-005 0.000124251 8.39779e-005 7.20438e-005 9.79019e-005 8.43013e-005 7.65411e-005 0.00012424 9.652e-005 9.95522e-005 9.0939e-005 6.18008e-005 0.000122646 7.49274e-005 0.000113807 4.5525e-005 0.00012933 8.85079e-005 6.91131e-005 9.20674e-005 7.29604e-005 0.000135592 8.02451e-005 0.000127038 7.00466e-005 6.42102e-005 0.000109142 7.16756e-005 0.000105976 8.17973e-005 2.45124e-005 0.000101848 6.54895e-005 4.43344e-005 7.9903e-005 
741 0 0 0 4 8 -1 0 -1 11 
196 0 1 5 -1 9 -1 5 10 15 
-1150 1 0 18 21 24 -1 1 -1 18 
-493 1 1 8 -1 19 -1 1 4 7 
188 0 3 10 14 18 26 5 10 15 
-333 1 2 9 11 13 15 6 -1 18 
-187 1 4 18 20 22 24 7 -1 15 
-25 1 3 13 17 21 26 17 18 19 
-773 1 4 0 3 6 9 4 -1 19 
-9 0 4 12 13 14 15 21 -1 22 
-196 0 4 5 9 13 17 1 -1 22 
2 1 1 4 -1 8 -1 12 13 14 
130 0 1 18 -1 23 -1 3 8 13 
-1957 1 0 0 4 8 -1 11 -1 23 
87 1 4 12 13 14 15 3 -1 9 
143 0 0 0 1 2 -1 0 -1 11 
-12 0 2 13 14 15 16 0 -1 1 
-7 1 1 16 -1 20 -1 11 12 13 
-843 1 0 0 2 4 -1 0 -1 21 
-30 0 4 18 19 20 21 0 -1 5 
27 0 3 3 7 11 26 17 18 19 
-9 1 0 14 16 18 -1 0 -1 1 
-85 1 4 16 17 18 19 9 -1 14 
-53 0 4 10 11 12 13 18 -1 24 
-43 1 1 10 -1 14 -1 16 17 18 
-6 1 3 5 6 7 26 0 5 10 
448 0 0 20 22 24 -1 7 -1 21 
33 1 4 18 19 20 21 3 -1 9 
686 0 0 0 5 10 -1 16 -1 23 
-13 0 2 12 13 14 15 0 -1 1 
413 0 4 5 9 13 17 2 -1 20 
52 1 4 17 18 19 20 3 -1 9 
-55 1 3 17 19 21 26 5 10 15 
46 0 1 10 -1 15 -1 13 14 15 
2 1 1 18 -1 19 -1 13 14 15 
-91 1 0 0 3 6 -1 18 -1 20 
575 1 3 4 11 18 26 4 11 18 
1136 0 2 0 8 16 24 20 -1 21 
-75 0 4 8 9 10 11 18 -1 24 
-25 1 0 17 20 23 -1 0 -1 1 
-38 1 4 11 12 13 14 9 -1 14 
-67 0 3 0 11 22 26 0 1 2 
-244 1 0 0 2 4 -1 0 -1 1 
-45 0 4 11 12 13 14 17 -1 20 
4 0 1 0 -1 11 -1 0 1 2 
828 0 4 5 9 13 17 3 -1 19 
49 1 4 7 8 9 10 0 -1 5 
21 0 1 16 -1 18 -1 8 9 10 
-74 1 3 0 3 6 26 0 3 6 
-9 0 1 9 -1 13 -1 9 10 11 

100
0.00422511
0.000107847 0.000100577 0.000121522 0.000103362 7.28326e-005 5.00585e-005 5.29209e-005 8.98575e-005 0.000516466 0.000154991 9.02869e-005 6.83625e-005 9.50862e-005 0.000106662 8.83839e-005 0.000114995 0.000100523 8.5364e-005 9.74677e-005 9.08502e-005 5.78667e-005 7.21003e-006 0.000128118 7.08873e-005 0.000117512 4.06609e-005 9.46443e-005 0.000119413 0.000138515 0.000102945 7.53615e-005 9.84779e-005 7.75041e-005 9.99987e-005 5.75679e-005 0.000125992 6.9938e-005 8.01554e-005 5.89044e-005 0.000113416 3.23808e-005 0.000104497 7.48501e-005 6.35464e-005 8.68318e-005 9.8834e-005 5.58767e-005 0.000128958 0.00015808 0.000151339 8.09783e-005 0.000139269 5.45127e-005 9.68179e-005 8.25702e-005 0.000120616 9.38851e-005 0.00012879 6.71812e-005 9.59561e-005 9.23121e-005 7.65681e-005 0.00010461 7.55052e-005 0.000117243 0.000129609 8.14765e-005 8.214e-005 9.03513e-005 0.000101446 7.25534e-005 9.7982e-005 0.000114137 0.000146314 8.53838e-005 9.31103e-005 7.96399e-005 0.00012011 7.46765e-005 7.43315e-005 7.69451e-005 7.38035e-005 7.098e-005 9.75947e-005 0.000110639 7.92235e-005 8.65692e-005 5.93929e-005 4.99465e-005 0.000114453 7.18642e-005 9.42272e-005 0.000128488 0.000131561 6.68351e-005 7.58082e-005 7.91085e-005 4.40043e-005 3.57248e-005 5.6516e-005 
101 0 0 1 6 11 -1 0 -1 1 
-1768 1 0 16 20 24 -1 0 -1 21 
-124 1 4 7 9 11 13 5 -1 10 
11 0 1 14 -1 15 -1 16 19 22 
-20 1 0 12 13 14 -1 6 -1 8 
-19 1 1 5 -1 6 -1 16 19 22 
-132 1 4 1 3 5 7 5 -1 10 
-2 1 1 17 -1 19 -1 12 13 14 
-196 0 4 5 9 13 17 1 -1 22 
-14 1 1 4 -1 10 -1 12 15 18 
-627 0 1 7 -1 11 -1 6 14 22 
846 0 0 0 2 4 -1 1 -1 18 
15 0 0 7 9 11 -1 3 -1 5 
13 0 1 19 -1 24 -1 6 8 10 
-1041 1 0 0 4 8 -1 16 -1 23 
-13 0 2 8 9 10 11 0 -1 1 
-92 1 4 14 15 16 17 9 -1 14 
-8 0 4 15 16 17 18 1 -1 2 
-101 1 4 15 16 17 18 9 -1 14 
26 0 2 13 15 17 19 6 -1 8 
7 1 2 12 13 14 15 0 -1 1 
-91 0 4 5 9 13 17 2 -1 20 
201 1 3 11 13 15 26 13 18 23 
1081 0 0 20 22 24 -1 0 -1 11 
-362 0 4 8 10 12 14 18 -1 24 
-123 1 0 21 22 23 -1 0 -1 11 
36 1 4 16 17 18 19 18 -1 24 
-141 1 4 16 17 18 19 9 -1 14 
-13 0 1 11 -1 13 -1 8 9 10 
32 0 1 11 -1 15 -1 17 18 19 
-11 1 0 16 18 20 -1 0 -1 1 
-54 1 3 17 20 23 26 6 8 10 
-525 1 4 1 4 7 10 5 -1 20 
-18 0 2 16 17 18 19 9 -1 10 
524 0 0 18 21 24 -1 9 -1 20 
516 1 1 11 -1 16 -1 13 18 23 
22 0 1 10 -1 12 -1 18 20 22 
-23 1 4 10 11 12 13 11 -1 17 
406 0 0 1 4 7 -1 13 -1 20 
-163 0 4 6 11 16 21 13 -1 14 
-3140 1 0 0 6 12 -1 16 -1 23 
-15 0 2 10 11 12 13 20 -1 21 
74 0 0 10 11 12 -1 4 -1 15 
-4 1 4 9 10 11 12 16 -1 17 
-71 1 4 3 4 5 6 5 -1 10 
-35 0 2 14 15 16 17 2 -1 6 
18 0 1 16 -1 17 -1 5 6 7 
40 1 2 14 15 16 17 3 -1 5 
974 0 4 7 10 13 16 1 -1 22 
-98 0 0 4 8 12 -1 9 -1 10 
-51 1 0 10 11 12 -1 7 -1 11 
-45 0 4 16 17 18 19 17 -1 20 
226 0 3 18 21 24 26 14 18 22 
9 0 1 2 -1 5 -1 6 8 10 
114 0 4 4 8 12 16 5 -1 20 
246 1 4 4 6 8 10 0 -1 5 
-7745 1 0 0 9 18 -1 0 -1 21 
-35 0 4 14 15 16 17 17 -1 20 
104 0 4 5 6 7 8 10 -1 20 
-197 0 2 3 8 13 18 9 -1 10 
-63 1 4 13 14 15 16 9 -1 14 
-33 0 4 17 18 19 20 0 -1 5 
-65 1 1 9 -1 14 -1 13 14 15 
-187 0 1 14 -1 15 -1 6 14 22 
210 0 0 22 23 24 -1 6 -1 8 
-82 0 4 18 19 20 21 3 -1 9 
963 0 2 0 2 4 6 3 -1 15 
-20 0 4 19 20 21 22 0 -1 5 
-29 1 1 10 -1 13 -1 21 22 23 
240 1 3 5 12 19 26 12 15 18 
-16 1 4 21 22 23 24 9 -1 14 
-13 1 4 5 6 7 8 16 -1 17 
909 1 3 3 13 23 26 4 9 14 
2231 0 0 7 14 21 -1 16 -1 23 
41 1 2 10 11 12 13 16 -1 23 
-69 1 1 18 -1 22 -1 14 18 22 
1176 0 2 0 8 16 24 16 -1 23 
708 1 0 13 16 19 -1 7 -1 21 
11806 0 0 0 12 24 -1 11 -1 23 
13 1 4 6 7 8 9 21 -1 22 
-103 1 4 0 2 4 6 5 -1 10 
-507 0 3 0 12 24 26 6 10 14 
268 0 3 16 18 20 26 17 20 23 
281 1 3 0 12 24 26 10 12 14 
-74 1 0 11 12 13 -1 7 -1 11 
54 1 4 19 20 21 22 3 -1 9 
21 0 0 11 12 13 -1 6 -1 8 
7 1 4 8 9 10 11 21 -1 22 
-331 1 3 20 22 24 26 8 15 22 
263 1 0 6 12 18 -1 6 -1 8 
-76 1 4 4 5 6 7 4 -1 9 
80 1 2 12 13 14 15 15 -1 21 
838 0 2 9 11 13 15 4 -1 15 
-22 0 2 7 8 9 10 0 -1 1 
-10 1 4 6 7 8 9 16 -1 17 
2 0 0 7 8 9 -1 0 -1 1 
33 0 2 12 14 16 18 7 -1 11 
-3 0 4 16 17 18 19 1 -1 2 
-8 1 0 4 5 6 -1 6 -1 8 
0 1 4 18 19 20 21 8 -1 9 

120
0.00485188
9.58511e-005 0.000101503 8.33159e-005 8.27685e-005 7.26067e-005 7.68351e-005 6.80536e-005 4.9937e-005 7.41275e-005 0.000637225 0.000116352 8.42669e-005 9.53787e-005 8.4546e-005 7.80911e-005 8.08119e-005 0.000128208 7.99205e-005 -4.04122e-006 0.000118995 6.00882e-005 8.82717e-005 0.000122172 7.27197e-005 0.000103196 0.000138125 0.000104945 9.59165e-005 8.5699e-005 6.68874e-005 6.70753e-005 9.55729e-005 9.77576e-005 8.34279e-005 7.65022e-005 5.35629e-005 6.80972e-005 8.35488e-005 0.000130267 7.48549e-005 8.1106e-005 9.48008e-005 4.99127e-005 0.000163518 7.47079e-005 9.21628e-005 6.20791e-005 0.000113035 5.94693e-005 0.000103804 6.36171e-005 9.52795e-005 0.000102094 0.000101669 8.81109e-005 5.05887e-005 7.12245e-005 9.84043e-005 7.19484e-005 9.54823e-005 5.24664e-005 8.50737e-005 4.58724e-005 0.000136018 0.00010335 8.42298e-005 0.00012477 0.000125636 9.72051e-005 0.000163124 0.000114618 7.81225e-005 8.30033e-005 9.12883e-005 7.35434e-005 8.75635e-005 9.93024e-005 0.000141911 8.58316e-005 0.000120552 9.08547e-005 4.51492e-005 9.20297e-005 0.000120688 0.000150168 8.78196e-005 9.715e-005 8.50656e-005 7.49571e-005 7.38691e-005 7.12041e-005 0.000111984 9.77682e-005 -1.57876e-005 0.000124044 0.000134333 9.82211e-005 6.58756e-005 6.51098e-005 6.60215e-005 6.12174e-005 6.2044e-005 0.000107482 0.000123025 4.41555e-005 7.00631e-005 2.43986e-005 4.28478e-005 5.54675e-005 9.36123e-005 3.35417e-005 0.000109507 3.84698e-005 5.81044e-005 6.51213e-005 5.7741e-005 9.04085e-005 8.98587e-005 7.96587e-005 5.42867e-005 
-178 1 3 10 15 20 26 17 20 23 
26 0 0 3 6 9 -1 0 -1 1 
17 0 0 10 11 12 -1 6 -1 8 
-27 1 0 19 21 23 -1 9 -1 10 
596 0 4 4 6 8 10 4 -1 19 
260 0 0 0 2 4 -1 0 -1 11 
-126 1 3 7 9 11 26 5 10 15 
-25 1 1 6 -1 7 -1 17 20 23 
-358 0 3 4 12 20 26 6 10 14 
-196 0 4 5 9 13 17 1 -1 22 
-54 1 1 14 -1 18 -1 10 14 18 
-249 0 3 6 12 18 26 10 14 18 
66 0 4 12 13 14 15 9 -1 14 
-161 0 1 9 -1 10 -1 6 14 22 
102 0 4 4 5 6 7 5 -1 10 
7 0 0 4 5 6 -1 11 -1 13 
-34 1 0 12 13 14 -1 7 -1 11 
-4 0 1 23 -1 24 -1 5 6 7 
-144 0 4 5 9 13 17 2 -1 20 
-80 0 2 12 13 14 15 16 -1 23 
-609 1 0 0 2 4 -1 0 -1 21 
-49 0 4 17 18 19 20 18 -1 24 
86 0 4 16 17 18 19 9 -1 14 
-73 1 0 13 15 17 -1 1 -1 8 
63 0 1 8 -1 18 -1 16 17 18 
293 1 1 9 -1 12 -1 14 18 22 
142 0 4 17 18 19 20 9 -1 14 
12 1 4 8 9 10 11 1 -1 2 
-47 1 4 4 5 6 7 4 -1 9 
-21 0 4 13 14 15 16 0 -1 5 
402 0 0 18 21 24 -1 10 -1 16 
-43 0 4 15 16 17 18 18 -1 24 
43 0 3 4 8 12 26 17 18 19 
-3 1 4 10 11 12 13 2 -1 10 
-10 1 1 16 -1 17 -1 5 6 7 
15 0 1 20 -1 22 -1 3 6 9 
-98 1 0 22 23 24 -1 1 -1 8 
7 1 3 10 11 12 26 0 1 2 
67 0 4 14 15 16 17 9 -1 14 
-9 0 2 10 11 12 13 0 -1 1 
-97 1 4 14 15 16 17 8 -1 19 
-30 0 4 15 16 17 18 0 -1 5 
-2361 1 0 0 4 8 -1 7 -1 21 
-88 0 2 10 11 12 13 16 -1 23 
-142 1 4 15 16 17 18 7 -1 15 
-353 0 1 11 -1 13 -1 10 16 22 
432 0 3 17 19 21 26 13 18 23 
-21 0 1 10 -1 14 -1 9 10 11 
886 0 4 2 4 6 8 4 -1 19 
-27 0 4 18 19 20 21 17 -1 20 
14 0 0 6 9 12 -1 0 -1 1 
1084 0 4 5 9 13 17 3 -1 19 
-48 0 2 15 16 17 18 2 -1 6 
118 0 4 15 16 17 18 9 -1 14 
-13 0 4 14 15 16 17 1 -1 2 
-215 1 3 2 4 6 26 17 20 23 
-66 0 3 12 13 14 26 13 18 23 
536 0 3 0 4 8 26 13 18 23 
-40 0 4 19 20 21 22 3 -1 9 
-23 1 4 19 20 21 22 9 -1 14 
-5 1 3 13 14 15 26 15 16 17 
163 1 4 5 11 17 23 13 -1 14 
865 0 4 5 9 13 17 6 -1 22 
-57 0 4 12 13 14 15 18 -1 24 
59 0 0 11 12 13 -1 7 -1 11 
-288 0 3 7 12 17 26 13 16 19 
61 0 2 11 12 13 14 7 -1 11 
28 1 4 8 9 10 11 9 -1 14 
-76 1 1 15 -1 18 -1 7 8 9 
94 1 4 7 8 9 10 9 -1 14 
-68 0 4 4 8 12 16 1 -1 22 
-21 1 4 9 10 11 12 5 -1 10 
-50 0 3 4 11 18 26 0 1 2 
85 0 4 13 14 15 16 9 -1 14 
-12 1 1 15 -1 16 -1 12 15 18 
-325 0 1 14 -1 16 -1 8 15 22 
-2805 1 0 4 12 20 -1 16 -1 23 
627 1 1 9 -1 15 -1 6 14 22 
-297 1 3 4 6 8 26 16 19 22 
194 0 1 11 -1 21 -1 4 9 14 
3 1 0 6 7 8 -1 7 -1 11 
-27 1 0 17 19 21 -1 0 -1 1 
-63 0 2 5 6 7 8 0 -1 11 
862 0 4 7 10 13 16 2 -1 20 
784 1 3 2 11 20 26 7 12 17 
-74 1 4 6 7 8 9 4 -1 9 
61 1 2 5 6 7 8 2 -1 6 
-50 1 4 5 6 7 8 4 -1 9 
18 0 1 4 -1 7 -1 7 8 9 
-33 1 4 3 4 5 6 2 -1 20 
-31 0 4 14 15 16 17 18 -1 24 
6900 0 0 1 11 21 -1 11 -1 23 
-162 0 4 13 15 17 19 3 -1 9 
-242 0 4 6 9 12 15 1 -1 22 
64 1 2 10 11 12 13 15 -1 21 
-2218 1 3 18 21 24 26 5 14 23 
-26 0 4 13 14 15 16 17 -1 20 
-68 1 4 20 21 22 23 9 -1 14 
-29 1 4 18 19 20 21 8 -1 19 
8 1 4 9 10 11 12 1 -1 2 
16 0 0 14 16 18 -1 10 -1 16 
128 0 0 16 20 24 -1 4 -1 5 
1420 1 2 3 9 15 21 8 -1 15 
166 0 2 9 11 13 15 7 -1 11 
0 0 1 9 -1 10 -1 0 1 2 
-37 0 2 8 9 10 11 2 -1 6 
-36 1 0 20 22 24 -1 0 -1 1 
0 1 2 3 4 5 6 9 -1 10 
-12 1 4 21 22 23 24 12 -1 15 
338 1 2 13 15 17 19 1 -1 8 
242 0 0 22 23 24 -1 0 -1 11 
-55 0 4 16 17 18 19 0 -1 5 
313 0 3 0 2 4 26 8 15 22 
-7 1 0 12 14 16 -1 5 -1 6 
4 0 0 17 18 19 -1 6 -1 8 
-10 1 0 18 19 20 -1 11 -1 13 
-26 1 1 7 -1 9 -1 10 14 18 
159 0 4 11 12 13 14 9 -1 14 
1635 1 4 12 16 20 24 3 -1 19 
31 0 2 6 8 10 12 11 -1 13 

140
0.00527987
8.74944e-005 8.55714e-005 6.51147e-005 7.8953e-005 0.000137108 8.47794e-005 9.059e-005 0.000105035 9.315e-005 7.46851e-005 9.12916e-005 6.91965e-005 8.98369e-005 7.05846e-005 0.000582298 0.000131405 8.72611e-005 7.44924e-005 5.79244e-005 8.6386e-005 0.000113681 6.37391e-005 5.91215e-005 5.22551e-005 0.000120485 2.12784e-006 0.000118347 5.73737e-005 0.00010417 7.07619e-005 6.81462e-005 4.47773e-005 8.86969e-005 7.48595e-005 0.000112939 2.40493e-005 0.00011532 0.000112807 0.000134485 7.6924e-005 5.53174e-005 0.000114368 0.000112229 8.48603e-005 8.52444e-005 3.61585e-005 4.44284e-005 0.000117408 4.96489e-005 8.17887e-005 6.20491e-005 9.185e-005 4.51366e-005 6.5433e-005 6.17589e-005 9.00614e-005 5.49734e-005 4.96879e-005 4.73551e-005 9.03678e-005 6.96849e-005 7.90599e-005 5.84647e-005 8.99152e-005 7.37467e-005 5.46496e-005 0.000104035 0.000114489 0.00011062 7.20246e-005 0.000121521 7.90121e-005 0.000113937 0.000100182 0.000121093 0.000104173 9.85781e-005 9.30643e-005 4.14389e-005 0.000123054 6.24156e-005 9.7605e-005 6.88778e-005 7.91081e-005 6.2802e-005 0.000101885 7.11582e-005 9.23865e-005 4.21692e-005 6.62741e-005 3.73865e-005 6.2167e-005 7.56502e-005 5.73338e-005 5.73725e-005 0.000141853 6.87603e-005 7.58305e-005 7.32249e-005 7.42058e-005 2.40301e-005 9.33079e-005 7.07519e-005 4.03878e-005 5.10057e-005 6.3994e-005 9.22734e-005 5.06042e-005 -3.3875e-005 0.000145834 8.11594e-005 7.94694e-005 3.00917e-005 7.5389e-005 0.000198412 8.7984e-005 9.77293e-005 6.93233e-005 8.52041e-005 6.78936e-005 8.03162e-005 7.20663e-005 8.34684e-005 8.40443e-005 3.92648e-005 6.55519e-005 7.14348e-005 6.29128e-005 7.9824e-005 0.000110486 5.73264e-005 0.000155575 0.000109937 6.48085e-005 4.81897e-005 6.18165e-005 6.08891e-005 3.02127e-005 6.47693e-005 6.28436e-005 
26 0 0 1 3 5 -1 9 -1 10 
-499 1 1 7 -1 15 -1 0 5 10 
-59 1 3 14 16 18 26 16 19 22 
114 0 0 8 10 12 -1 1 -1 8 
-58 1 4 14 15 16 17 7 -1 15 
-39 1 0 19 21 23 -1 11 -1 13 
40 0 1 15 -1 18 -1 7 8 9 
147 0 1 1 -1 6 -1 3 8 13 
30 0 2 9 10 11 12 7 -1 11 
6 0 0 5 7 9 -1 20 -1 21 
-75 1 4 15 16 17 18 7 -1 15 
64 1 1 11 -1 13 -1 3 10 17 
-13 1 1 6 -1 7 -1 5 6 7 
10 1 2 5 6 7 8 11 -1 13 
-196 0 4 5 9 13 17 1 -1 22 
89 1 4 13 14 15 16 3 -1 9 
104 0 4 4 5 6 7 4 -1 9 
27 0 3 16 18 20 26 0 5 10 
-25 1 4 10 11 12 13 0 -1 15 
707 0 0 18 21 24 -1 9 -1 20 
-836 0 3 2 13 24 26 5 10 15 
-5381 1 0 6 15 24 -1 0 -1 21 
-13 1 1 16 -1 17 -1 11 14 17 
-99 1 0 22 23 24 -1 1 -1 8 
-25 0 4 12 13 14 15 17 -1 20 
-152 0 4 5 9 13 17 2 -1 20 
226 1 2 6 8 10 12 2 -1 6 
95 0 0 0 1 2 -1 1 -1 8 
4 0 1 7 -1 11 -1 8 9 10 
-564 1 0 0 3 6 -1 9 -1 20 
-10 0 4 9 10 11 12 21 -1 22 
369 0 0 1 4 7 -1 15 -1 21 
26 0 1 19 -1 21 -1 5 8 11 
-83 1 4 13 14 15 16 9 -1 14 
160 1 2 4 10 16 22 9 -1 10 
225 0 4 5 9 13 17 3 -1 19 
-18 0 2 12 13 14 15 20 -1 21 
-37 1 4 17 18 19 20 7 -1 15 
34 0 4 17 18 19 20 9 -1 14 
-8 0 1 16 -1 18 -1 0 1 2 
0 0 0 16 17 18 -1 9 -1 10 
64 0 2 10 11 12 13 7 -1 11 
653 1 4 2 5 8 11 18 -1 24 
53 0 2 12 13 14 15 4 -1 15 
34 0 2 6 8 10 12 7 -1 11 
4 0 0 5 6 7 -1 0 -1 1 
409 0 2 0 8 16 24 0 -1 1 
-89 0 2 8 9 10 11 16 -1 23 
-54 1 4 21 22 23 24 9 -1 14 
34 1 4 12 13 14 15 18 -1 24 
882 0 4 5 9 13 17 6 -1 22 
14 1 2 8 9 10 11 0 -1 1 
-26 1 1 17 -1 20 -1 5 6 7 
-5 1 0 14 15 16 -1 2 -1 6 
76 0 4 4 5 6 7 17 -1 20 
-495 0 3 6 13 20 26 8 13 18 
-36 1 4 20 21 22 23 9 -1 14 
-7 1 4 8 9 10 11 16 -1 17 
-2 1 3 17 19 21 26 9 10 11 
355 1 3 4 12 20 26 6 10 14 
330 0 0 10 17 24 -1 0 -1 1 
20 1 4 10 11 12 13 18 -1 24 
23 1 4 16 17 18 19 0 -1 5 
-229 1 3 4 6 8 26 16 19 22 
38 1 4 14 15 16 17 0 -1 5 
-15 1 4 6 7 8 9 16 -1 17 
-314 0 1 9 -1 12 -1 12 17 22 
-5042 1 0 0 10 20 -1 16 -1 23 
-461 0 0 5 8 11 -1 8 -1 15 
23 0 2 7 9 11 13 11 -1 13 
45 0 2 11 12 13 14 4 -1 15 
226 1 1 7 -1 13 -1 12 17 22 
26 0 1 10 -1 13 -1 17 18 19 
-41 1 4 16 17 18 19 9 -1 14 
32 1 4 9 10 11 12 13 -1 24 
141 0 2 12 14 16 18 1 -1 18 
30 0 2 10 11 12 13 4 -1 15 
-38 0 3 11 12 13 26 14 18 22 
223 0 0 20 22 24 -1 0 -1 1 
122 1 1 12 -1 13 -1 14 18 22 
-86 1 1 9 -1 14 -1 13 14 15 
-90 0 2 16 17 18 19 0 -1 11 
765 0 2 18 20 22 24 0 -1 11 
-1777 0 1 8 -1 17 -1 4 13 22 
-1364 1 4 4 7 10 13 5 -1 20 
-26 0 2 11 12 13 14 18 -1 20 
-680 1 4 1 4 7 10 3 -1 19 
-45 0 4 19 20 21 22 18 -1 24 
-97 1 0 16 20 24 -1 0 -1 1 
-6 1 4 19 20 21 22 13 -1 14 
-3 0 1 3 -1 4 -1 15 16 17 
261 0 2 0 8 16 24 2 -1 6 
-14 0 2 11 12 13 14 0 -1 1 
1 0 1 15 -1 18 -1 1 2 3 
2278 0 0 16 20 24 -1 13 -1 20 
-38 0 2 9 10 11 12 18 -1 20 
20 0 1 7 -1 8 -1 7 8 9 
-22 1 1 16 -1 18 -1 12 15 18 
-38 1 4 6 7 8 9 4 -1 9 
49 1 3 5 12 19 26 0 1 2 
-469 1 3 18 21 24 26 5 14 23 
-39 0 4 1 2 3 4 0 -1 5 
-70 1 4 11 12 13 14 9 -1 14 
0 0 0 3 4 5 -1 0 -1 1 
-14 1 0 6 7 8 -1 9 -1 20 
-12 1 4 8 9 10 11 13 -1 24 
-10 1 4 5 6 7 8 16 -1 17 
7 1 4 0 1 2 3 13 -1 14 
31 0 4 5 9 13 17 5 -1 20 
-79 0 4 17 18 19 20 4 -1 9 
-321 1 3 2 5 8 26 16 19 22 
-13 0 1 10 -1 14 -1 9 10 11 
33 0 1 9 -1 12 -1 17 18 19 
61 1 1 11 -1 12 -1 7 10 13 
-1336 1 1 3 -1 19 -1 7 10 13 
-29 0 2 10 11 12 13 18 -1 20 
-51 1 1 14 -1 19 -1 5 6 7 
2 1 1 2 -1 5 -1 13 14 15 
63 0 1 9 -1 14 -1 15 16 17 
-31 0 4 12 13 14 15 0 -1 5 
129 0 2 8 10 12 14 6 -1 8 
246 1 4 9 14 19 24 8 -1 9 
-50 1 0 11 12 13 -1 7 -1 11 
-119 0 4 12 15 18 21 6 -1 12 
22 0 1 10 -1 15 -1 13 14 15 
35 1 3 6 12 18 26 19 20 21 
-39 1 4 12 13 14 15 11 -1 17 
446 1 0 12 16 20 -1 8 -1 15 
4641 0 0 3 12 21 -1 7 -1 21 
86 1 4 6 7 8 9 12 -1 15 
424 0 3 0 2 4 26 8 15 22 
-74 0 4 6 7 8 9 9 -1 14 
1134 0 4 6 9 12 15 1 -1 22 
-38 0 4 18 19 20 21 18 -1 24 
-2 1 0 17 18 19 -1 0 -1 1 
-150 1 3 16 19 22 26 16 19 22 
206 1 3 7 12 17 26 13 16 19 
-14 1 4 6 7 8 9 17 -1 20 
-18 1 4 10 11 12 13 11 -1 17 
-15 1 1 3 -1 5 -1 16 19 22 

160
0.00549247
7.2042e-005 8.67167e-005 7.73299e-005 0.000103535 5.21733e-005 8.91067e-005 5.95419e-005 6.37693e-005 7.39818e-005 0.000598098 8.99161e-005 7.43139e-005 4.70872e-005 6.75375e-005 7.88493e-005 9.58823e-005 4.32186e-005 9.58114e-005 6.15176e-005 5.2329e-005 6.74615e-005 9.93921e-005 6.46884e-005 8.41149e-005 9.4873e-005 0.000103876 0.000101317 6.07052e-005 3.05737e-005 0.000102207 7.63908e-005 9.83417e-005 5.08577e-005 5.23816e-005 8.02816e-005 3.83066e-005 6.60697e-005 6.64147e-005 6.7642e-005 8.09694e-005 7.37094e-005 7.93533e-005 7.4993e-005 9.05128e-005 8.11604e-005 7.11476e-005 8.87085e-005 7.61542e-005 8.78118e-005 6.15723e-005 6.83094e-005 4.63556e-005 7.83473e-005 3.83373e-005 6.95495e-005 2.04292e-005 9.34125e-005 4.89205e-005 9.00038e-005 7.60096e-005 7.17654e-005 7.30793e-005 6.18687e-005 4.88082e-005 5.20272e-005 5.86919e-005 7.75902e-005 0.000116182 7.56519e-005 0.000107202 8.47367e-005 7.79935e-005 8.09765e-005 0.000104216 0.000127414 8.19378e-005 5.32135e-005 6.35237e-005 6.37925e-005 4.38918e-005 6.06757e-005 6.48247e-005 7.53174e-005 4.13789e-005 0.000112699 8.24988e-005 8.62835e-005 -1.22802e-005 7.66037e-005 6.40539e-005 8.41481e-005 5.66356e-005 9.5712e-005 9.69475e-005 0.000114595 0.000115327 0.000108636 6.7203e-005 9.64399e-005 0.000101179 9.15887e-005 6.29062e-005 7.11783e-005 6.74705e-005 7.59449e-005 5.14041e-005 6.53167e-005 5.54146e-005 7.09285e-005 3.17912e-005 0.000119027 7.11401e-005 0.0001145 0.000109387 8.9823e-005 7.62354e-005 5.94544e-005 5.40969e-005 8.53534e-005 3.58136e-005 7.77856e-005 8.68556e-005 8.96645e-005 7.21007e-005 6.70989e-005 8.93301e-005 0.000115035 5.88914e-005 3.16073e-005 4.10787e-005 4.67926e-005 4.29519e-005 5.19237e-005 3.90508e-005 6.14427e-005 5.42598e-005 8.14268e-005 4.10477e-005 7.86199e-005 6.08039e-005 7.6822e-005 6.97367e-005 4.36922e-005 3.50377e-005 4.99015e-005 9.78545e-005 1.32479e-005 0.000112151 5.86414e-005 9.59874e-005 5.6148e-005 6.59196e-005 6.51531e-005 7.98749e-005 5.93792e-005 6.42154e-005 9.8836e-005 5.80708e-005 4.57585e-005 5.47809e-005 
-447 1 3 4 9 14 26 4 9 14 
375 0 0 0 4 8 -1 2 -1 6 
-326 1 2 9 11 13 15 4 -1 15 
53 0 3 6 10 14 26 18 20 22 
-81 1 1 10 -1 15 -1 1 4 7 
-56 1 0 19 20 21 -1 9 -1 20 
-270 1 0 20 22 24 -1 0 -1 11 
8 0 3 4 5 6 26 7 10 13 
4 0 1 18 -1 20 -1 8 9 10 
-196 0 4 5 9 13 17 1 -1 22 
10 1 2 16 17 18 19 11 -1 13 
68 0 3 5 7 9 26 16 19 22 
-6 1 1 4 -1 7 -1 11 12 13 
-14 1 3 12 14 16 26 1 4 7 
56 0 4 16 17 18 19 12 -1 15 
1312 1 4 12 16 20 24 10 -1 20 
1047 0 0 16 20 24 -1 16 -1 23 
51 1 3 11 12 13 26 14 18 22 
64 0 4 15 16 17 18 12 -1 15 
0 0 1 19 -1 22 -1 7 8 9 
147 0 3 16 18 20 26 17 20 23 
290 1 0 14 16 18 -1 2 -1 16 
-2316 1 0 0 4 8 -1 7 -1 21 
614 1 4 1 4 7 10 0 -1 5 
-25 1 4 4 5 6 7 16 -1 17 
196 0 1 3 -1 13 -1 4 9 14 
82 0 4 4 5 6 7 8 -1 19 
0 0 0 5 6 7 -1 0 -1 1 
-146 0 4 5 9 13 17 2 -1 20 
28 1 4 16 17 18 19 17 -1 20 
-48 1 4 15 16 17 18 11 -1 17 
26 1 4 18 19 20 21 17 -1 20 
-207 1 0 0 1 2 -1 5 -1 16 
-2 1 1 17 -1 20 -1 13 14 15 
8 0 0 9 10 11 -1 6 -1 8 
25 0 0 0 2 4 -1 0 -1 1 
83 1 3 16 17 18 26 2 8 14 
11 0 1 11 -1 12 -1 13 14 15 
42 0 3 16 18 20 26 0 5 10 
-41 1 4 4 5 6 7 5 -1 10 
20 1 4 8 9 10 11 12 -1 15 
461 0 4 5 9 13 17 3 -1 19 
-88 0 3 1 8 15 26 9 10 11 
96 0 2 10 12 14 16 6 -1 8 
-52 0 2 9 10 11 12 2 -1 6 
211 0 0 22 23 24 -1 3 -1 15 
-46 0 2 5 6 7 8 11 -1 13 
145 0 4 13 14 15 16 9 -1 14 
733 1 4 11 14 17 20 14 -1 24 
-14 1 4 7 8 9 10 17 -1 20 
67 0 4 12 15 18 21 11 -1 17 
-207 1 0 0 4 8 -1 0 -1 1 
-254 0 3 4 11 18 26 12 15 18 
91 0 0 0 1 2 -1 2 -1 16 
-346 0 3 1 12 23 26 0 3 6 
135 0 4 5 9 13 17 5 -1 20 
-66 0 4 8 9 10 11 0 -1 5 
-49 1 4 11 12 13 14 9 -1 14 
0 0 1 2 -1 6 -1 8 9 10 
-26 1 4 5 6 7 8 16 -1 17 
244 1 3 6 12 18 26 10 14 18 
-29 1 4 6 7 8 9 17 -1 20 
-1 0 0 4 5 6 -1 0 -1 1 
1 0 1 6 -1 8 -1 0 1 2 
577 0 2 0 8 16 24 1 -1 8 
-70 0 2 13 14 15 16 16 -1 23 
-64 1 1 10 -1 13 -1 17 18 19 
-37 0 4 6 7 8 9 12 -1 15 
133 0 4 16 17 18 19 9 -1 14 
40 0 0 6 8 10 -1 2 -1 6 
-34 0 2 13 15 17 19 0 -1 11 
27 0 1 10 -1 14 -1 16 17 18 
115 1 4 6 7 8 9 9 -1 14 
2248 0 1 18 -1 24 -1 9 16 23 
823 1 2 11 14 17 20 1 -1 8 
-47 1 4 3 4 5 6 4 -1 9 
5 0 3 5 6 7 26 7 10 13 
90 0 4 3 4 5 6 5 -1 10 
-17 0 2 13 14 15 16 3 -1 5 
-49 1 0 18 19 20 -1 13 -1 20 
36 1 4 15 16 17 18 18 -1 24 
229 0 2 0 8 16 24 20 -1 21 
-56 0 4 11 12 13 14 4 -1 9 
68 0 3 21 22 23 26 14 18 22 
-38 1 1 4 -1 9 -1 11 14 17 
-90 1 3 17 20 23 26 17 20 23 
25 1 4 17 18 19 20 17 -1 20 
53 0 4 5 9 13 17 6 -1 22 
-161 0 4 11 13 15 17 3 -1 9 
326 0 0 0 5 10 -1 15 -1 21 
-43 1 0 12 13 14 -1 7 -1 11 
-8 1 1 16 -1 23 -1 14 16 18 
36 0 2 11 12 13 14 7 -1 11 
-63 0 4 18 19 20 21 4 -1 9 
195 0 2 8 10 12 14 7 -1 11 
167 1 2 2 8 14 20 9 -1 10 
-93 1 4 5 6 7 8 5 -1 10 
21 1 3 10 11 12 26 16 19 22 
77 0 2 5 7 9 11 0 -1 11 
99 0 3 10 16 22 26 20 21 22 
-26 0 2 8 9 10 11 3 -1 5 
27 0 1 9 -1 15 -1 20 21 22 
-786 0 3 3 13 23 26 1 8 15 
564 0 1 2 -1 3 -1 5 14 23 
14 1 2 12 13 14 15 20 -1 21 
-19 1 4 7 8 9 10 4 -1 9 
-43 1 4 6 7 8 9 4 -1 9 
8 1 4 9 10 11 12 21 -1 22 
-31 1 1 14 -1 19 -1 5 6 7 
4 1 4 1 2 3 4 1 -1 2 
-5339 1 0 3 12 21 -1 11 -1 23 
-69 0 4 7 8 9 10 9 -1 14 
2411 0 0 4 12 20 -1 16 -1 23 
-260 0 3 8 11 14 26 14 18 22 
41 0 1 10 -1 14 -1 12 13 14 
-122 0 4 20 21 22 23 13 -1 24 
122 0 1 15 -1 20 -1 5 6 7 
466 1 4 3 10 17 24 11 -1 17 
56 0 2 7 9 11 13 0 -1 11 
-12 1 4 16 18 20 22 16 -1 17 
75 0 4 15 17 19 21 9 -1 14 
107 0 4 14 15 16 17 7 -1 15 
338 1 0 6 12 18 -1 6 -1 8 
-77 1 4 14 15 16 17 8 -1 19 
-44 0 4 0 1 2 3 4 -1 9 
1137 0 3 9 16 23 26 17 20 23 
-148 0 1 12 -1 13 -1 12 17 22 
-29 1 0 3 9 15 -1 20 -1 21 
2 0 0 7 8 9 -1 20 -1 21 
4 0 0 6 7 8 -1 0 -1 1 
30 1 3 3 7 11 26 11 12 13 
-71 1 3 1 2 3 26 14 18 22 
10 1 4 0 1 2 3 21 -1 22 
-28 1 2 20 21 22 23 6 -1 8 
-29 0 4 20 21 22 23 0 -1 5 
-158 1 3 21 22 23 26 5 14 23 
10 1 4 11 12 13 14 21 -1 22 
-21 1 0 0 1 2 -1 0 -1 1 
-47 0 4 5 6 7 8 9 -1 14 
-19 1 4 16 17 18 19 13 -1 14 
343 1 3 4 12 20 26 15 18 21 
58 0 2 10 11 12 13 8 -1 15 
-11 0 1 14 -1 20 -1 0 1 2 
1 0 3 19 20 21 26 12 13 14 
-22 1 0 11 12 13 -1 11 -1 13 
-16 0 2 9 10 11 12 20 -1 21 
-21 0 4 5 9 13 17 4 -1 19 
83 1 2 9 10 11 12 16 -1 23 
971 0 0 12 18 24 -1 2 -1 6 
442 1 1 8 -1 12 -1 5 14 23 
-29 1 4 21 22 23 24 7 -1 15 
-21 1 1 9 -1 12 -1 21 22 23 
-396 0 2 0 6 12 18 6 -1 8 
34 0 4 18 20 22 24 9 -1 14 
-140 0 4 12 15 18 21 13 -1 24 
401 0 1 23 -1 24 -1 9 16 23 
-406 0 4 16 18 20 22 1 -1 12 
-195 1 3 0 5 10 26 17 20 23 
-3 0 4 19 20 21 22 1 -1 2 
430 0 3 0 4 8 26 13 18 23 

180
0.00596004
6.1483e-005 7.5489e-005 9.39515e-005 5.64044e-005 6.57408e-005 8.80859e-005 7.23921e-005 5.96036e-005 7.74415e-005 7.48484e-005 0.000550117 8.71081e-005 5.99148e-005 9.22475e-005 5.30343e-005 8.25631e-005 6.52926e-005 7.04254e-005 4.72473e-005 0.000100894 6.67671e-005 5.95152e-005 6.03595e-005 6.2084e-005 4.60081e-005 7.61805e-005 -8.20851e-006 0.000106935 5.29972e-005 6.5509e-005 5.2495e-005 7.5889e-005 4.44366e-005 6.28275e-005 6.93078e-005 7.73435e-005 5.65104e-005 5.13561e-005 8.9011e-005 6.08808e-005 0.000105347 6.34455e-005 9.64986e-005 8.07268e-005 8.97677e-005 7.05124e-005 9.8483e-005 8.1989e-005 4.64373e-005 0.000122092 3.05741e-005 7.0772e-005 3.02594e-005 9.00946e-005 8.59209e-005 3.48034e-005 4.58656e-005 4.73871e-005 2.50784e-005 7.37337e-005 4.37008e-005 9.53601e-005 7.22044e-005 7.56024e-005 6.45684e-005 7.70007e-005 7.43342e-005 9.67824e-005 0.000117185 9.65412e-005 6.15459e-005 5.8235e-005 8.64594e-005 0.000131697 7.56749e-005 9.96829e-005 7.30268e-005 7.27324e-005 7.23974e-005 7.63452e-005 3.88503e-005 5.081e-005 5.18473e-005 7.34396e-005 5.86434e-005 5.04072e-005 5.07542e-005 7.96011e-005 8.58451e-005 5.30339e-005 8.41943e-005 4.3268e-005 4.91074e-005 5.94521e-005 6.06777e-005 8.63822e-005 7.71845e-005 7.97697e-005 7.68356e-005 6.52683e-005 4.86879e-005 6.04465e-005 3.76123e-005 4.9215e-005 0.000105779 7.06516e-005 5.37116e-005 4.15388e-005 5.79439e-005 7.16187e-005 7.04915e-005 8.7869e-005 9.77278e-005 7.28859e-005 4.32982e-005 5.67304e-005 7.28106e-005 0.000124311 0.000107468 0.000120174 4.66597e-005 7.11414e-005 4.04463e-005 5.83885e-005 4.4208e-005 2.65545e-005 5.76948e-005 3.84562e-005 -2.57729e-005 0.000119529 5.87679e-005 0.000135131 8.408e-005 9.56484e-005 5.42013e-005 6.28291e-005 3.63665e-005 6.55179e-005 7.1998e-005 8.51645e-005 6.24017e-005 0.000134896 6.36656e-005 5.16546e-005 6.18743e-005 6.14386e-005 5.01494e-005 5.36271e-005 7.37292e-005 5.14493e-005 5.34391e-005 7.02805e-005 4.12622e-005 7.72518e-005 7.04603e-005 5.16734e-005 7.71061e-005 2.15838e-005 5.22563e-005 6.19572e-005 8.81744e-005 7.15697e-005 6.88878e-005 6.42142e-005 6.8744e-005 8.64845e-005 6.2193e-005 9.65331e-005 8.11717e-005 4.89839e-005 7.45583e-005 5.44528e-005 4.8005e-005 7.14342e-005 6.88948e-005 7.69894e-005 3.7635e-005 4.38093e-005 4.89018e-005 8.09472e-005 
-448 1 3 4 9 14 26 4 9 14 
153 0 0 0 5 10 -1 0 -1 1 
-289 1 2 9 11 13 15 4 -1 15 
-72 1 3 14 16 18 26 16 19 22 
-661 1 0 16 20 24 -1 0 -1 11 
-61 1 3 17 19 21 26 4 9 14 
-14 1 4 17 19 21 23 8 -1 9 
-70 1 4 14 15 16 17 8 -1 19 
367 0 3 10 17 24 26 0 7 14 
67 0 1 5 -1 13 -1 7 8 9 
-196 0 4 5 9 13 17 1 -1 22 
-27 0 2 7 8 9 10 3 -1 5 
-52 1 4 15 16 17 18 12 -1 15 
-1 1 1 17 -1 19 -1 12 13 14 
-137 1 3 1 4 7 26 17 20 23 
-21 0 2 14 15 16 17 3 -1 5 
-475 1 0 0 3 6 -1 14 -1 20 
-15 0 1 10 -1 14 -1 9 10 11 
119 0 0 1 2 3 -1 1 -1 8 
37 1 4 12 13 14 15 17 -1 20 
870 0 0 20 22 24 -1 0 -1 21 
-12 0 1 6 -1 8 -1 0 1 2 
59 0 4 12 13 14 15 9 -1 14 
4 0 0 3 4 5 -1 9 -1 10 
-58 1 2 17 19 21 23 10 -1 16 
-35 0 2 6 7 8 9 2 -1 6 
-152 0 4 5 9 13 17 2 -1 20 
16 1 2 9 10 11 12 20 -1 21 
-56 1 4 16 17 18 19 12 -1 15 
-1 1 1 7 -1 11 -1 12 15 18 
-36 1 4 3 4 5 6 5 -1 10 
191 0 3 3 7 11 26 5 14 23 
21 0 1 16 -1 18 -1 8 9 10 
-8 1 0 15 17 19 -1 0 -1 1 
-1170 1 0 0 4 8 -1 1 -1 18 
-41 0 4 19 20 21 22 3 -1 9 
16 0 1 13 -1 17 -1 17 18 19 
-146 1 0 22 23 24 -1 0 -1 11 
-35 0 4 14 15 16 17 0 -1 5 
1294 0 1 21 -1 23 -1 6 14 22 
121 1 2 16 17 18 19 0 -1 11 
-77 1 1 10 -1 13 -1 17 18 19 
420 1 4 3 6 9 12 0 -1 5 
278 0 3 0 3 6 26 12 17 22 
214 1 4 10 14 18 22 8 -1 9 
-45 1 1 5 -1 8 -1 7 8 9 
-270 0 1 10 -1 14 -1 13 18 23 
21 0 0 1 3 5 -1 11 -1 13 
-53 1 0 0 3 6 -1 0 -1 1 
180 1 1 13 -1 15 -1 16 19 22 
1099 0 0 16 20 24 -1 10 -1 16 
12 1 4 7 8 9 10 21 -1 22 
118 0 3 19 21 23 26 17 20 23 
1 0 1 0 -1 5 -1 6 8 10 
253 0 4 5 7 9 11 5 -1 10 
1 0 0 10 11 12 -1 20 -1 21 
29 1 0 7 13 19 -1 6 -1 8 
-42 1 1 7 -1 10 -1 3 4 5 
0 0 0 9 10 11 -1 0 -1 1 
-47 0 2 8 10 12 14 0 -1 1 
135 0 4 5 9 13 17 5 -1 20 
37 1 4 13 14 15 16 17 -1 20 
94 0 4 14 15 16 17 9 -1 14 
7 1 4 6 7 8 9 21 -1 22 
-44 1 2 0 1 2 3 2 -1 6 
-40 0 4 0 1 2 3 0 -1 5 
158 0 4 15 16 17 18 9 -1 14 
-48 0 2 5 6 7 8 2 -1 6 
-22 1 1 10 -1 14 -1 16 17 18 
63 0 1 6 -1 16 -1 16 17 18 
-29 0 4 17 18 19 20 18 -1 24 
758 0 3 13 18 23 26 13 18 23 
-237 0 4 15 17 19 21 3 -1 9 
117 0 4 13 14 15 16 9 -1 14 
-275 0 2 6 10 14 18 4 -1 5 
-127 1 2 10 12 14 16 6 -1 8 
89 0 2 10 12 14 16 7 -1 11 
447 1 3 3 11 19 26 13 16 19 
-433 1 3 19 21 23 26 9 16 23 
-425 0 3 4 12 20 26 13 16 19 
-78 1 4 5 6 7 8 17 -1 20 
6 1 2 5 6 7 8 11 -1 13 
-4 1 4 17 18 19 20 8 -1 9 
-26 1 0 14 16 18 -1 3 -1 5 
-159 1 3 13 17 21 26 5 14 23 
-11 0 2 16 17 18 19 9 -1 10 
2406 0 1 0 -1 7 -1 8 15 22 
150 1 1 13 -1 16 -1 8 15 22 
55 0 2 11 13 15 17 0 -1 11 
21 0 2 10 11 12 13 7 -1 11 
113 1 2 6 11 16 21 9 -1 10 
0 0 0 16 17 18 -1 9 -1 10 
775 0 4 5 9 13 17 3 -1 19 
42 1 0 15 17 19 -1 9 -1 10 
29 0 1 11 -1 14 -1 18 20 22 
70 0 2 11 12 13 14 3 -1 15 
31 1 4 14 15 16 17 17 -1 20 
116 0 4 4 8 12 16 5 -1 20 
13 0 1 19 -1 21 -1 5 8 11 
-17 1 1 6 -1 10 -1 11 12 13 
5 0 2 9 10 11 12 11 -1 13 
-4 1 3 14 15 16 26 4 5 6 
3 1 1 1 -1 2 -1 15 16 17 
552 0 1 23 -1 24 -1 9 16 23 
-216 0 0 4 8 12 -1 11 -1 13 
-55 1 0 5 7 9 -1 9 -1 20 
14 0 1 17 -1 18 -1 7 8 9 
600 1 4 9 14 19 24 6 -1 12 
-409 1 0 0 9 18 -1 20 -1 21 
-39 0 4 14 15 16 17 18 -1 24 
75 0 4 14 15 16 17 12 -1 15 
-591 0 3 6 12 18 26 7 14 21 
43 0 2 9 11 13 15 11 -1 13 
61 0 0 9 11 13 -1 0 -1 11 
-16 1 0 12 13 14 -1 11 -1 13 
-16 0 3 13 15 17 26 0 1 2 
-2411 1 0 0 8 16 -1 1 -1 8 
-14 0 1 11 -1 13 -1 8 9 10 
-59 1 1 15 -1 18 -1 7 8 9 
-78 0 0 4 7 10 -1 9 -1 10 
239 0 3 0 1 2 26 3 10 17 
18 1 4 4 5 6 7 21 -1 22 
-5 1 0 5 6 7 -1 6 -1 8 
-304 1 4 5 7 9 11 4 -1 19 
13 0 1 14 -1 18 -1 9 10 11 
0 0 4 19 20 21 22 1 -1 2 
10 0 2 8 9 10 11 11 -1 13 
77 1 3 2 13 24 26 9 10 11 
330 0 4 6 9 12 15 2 -1 20 
-94 0 2 11 12 13 14 16 -1 23 
-66 1 3 1 2 3 26 14 18 22 
75 1 2 11 12 13 14 14 -1 20 
403 0 3 19 20 21 26 7 14 21 
1594 1 1 3 -1 13 -1 5 10 15 
-40 1 1 11 -1 15 -1 21 22 23 
-11 1 4 21 22 23 24 10 -1 20 
-3 0 1 1 -1 2 -1 5 6 7 
-18 1 1 3 -1 9 -1 5 6 7 
67 0 4 4 5 6 7 6 -1 12 
284 1 3 0 12 24 26 10 12 14 
330 0 0 10 17 24 -1 0 -1 1 
76 1 4 7 8 9 10 12 -1 15 
686 0 2 0 2 4 6 5 -1 16 
-49 0 4 7 8 9 10 9 -1 14 
93 0 4 15 16 17 18 11 -1 17 
-16 0 4 21 22 23 24 17 -1 20 
11 0 1 11 -1 12 -1 15 16 17 
436 1 1 9 -1 17 -1 12 17 22 
-191 1 3 17 19 21 26 13 18 23 
-4 0 4 12 13 14 15 1 -1 2 
53 0 3 18 19 20 26 16 19 22 
-25 0 3 9 12 15 26 0 1 2 
0 0 1 9 -1 10 -1 0 1 2 
-1034 1 0 0 11 22 -1 20 -1 21 
-97 0 2 17 18 19 20 7 -1 11 
-18 1 1 4 -1 6 -1 10 12 14 
308 0 1 5 -1 18 -1 8 11 14 
-2 1 0 19 20 21 -1 0 -1 1 
13 0 1 9 -1 14 -1 13 14 15 
-55 0 3 9 15 21 26 6 12 18 
555 0 3 9 16 23 26 17 20 23 
-14 0 1 10 -1 13 -1 7 8 9 
41 0 2 9 11 13 15 9 -1 10 
-40 0 4 15 16 17 18 18 -1 24 
-10 1 4 5 6 7 8 16 -1 17 
840 1 3 0 11 22 26 3 10 17 
1081 0 4 5 9 13 17 6 -1 22 
135 1 4 6 7 8 9 9 -1 14 
-16 1 4 4 5 6 7 16 -1 17 
-12 1 0 8 13 18 -1 5 -1 6 
17 0 0 11 12 13 -1 11 -1 13 
34 1 2 17 18 19 20 2 -1 6 
29 0 2 12 13 14 15 7 -1 11 
-26 0 4 13 14 15 16 3 -1 9 
79 0 4 17 18 19 20 9 -1 14 
39 0 4 12 15 18 21 9 -1 14 
79 0 4 18 20 22 24 18 -1 24 
-4 0 4 21 22 23 24 1 -1 2 
19 0 2 11 12 13 14 11 -1 13 
59 1 4 13 14 15 16 4 -1 9 

200
0.00616426
5.3369e-005 7.69359e-005 0.000106466 7.69236e-005 3.5701e-005 6.55494e-005 6.88427e-005 5.91586e-005 5.554e-005 4.58686e-005 0.000101002 5.64844e-005 4.7355e-005 8.98941e-005 0.00054373 9.6221e-005 7.27149e-005 7.05739e-005 4.52626e-005 0.000105168 5.91841e-005 7.08046e-005 5.57635e-005 8.33102e-005 4.46528e-005 4.60223e-005 8.93027e-005 4.4391e-005 6.96598e-005 5.42347e-005 4.82224e-005 7.47404e-005 7.16362e-005 3.43019e-005 8.60672e-005 7.69603e-005 8.61022e-005 4.20582e-005 5.1756e-005 3.81162e-005 6.78375e-005 3.70024e-005 4.40366e-005 4.10281e-005 7.34268e-005 5.67919e-005 3.51323e-005 7.33956e-005 4.20587e-005 5.91255e-005 8.03449e-005 8.05548e-005 7.88492e-005 7.45702e-005 7.42439e-005 8.32312e-006 8.20579e-005 7.8188e-005 6.33792e-005 5.58473e-005 7.6258e-005 4.90802e-005 7.68576e-005 5.12579e-005 6.71285e-005 7.14938e-005 4.38576e-005 9.42036e-005 5.13461e-005 8.203e-005 4.04163e-005 6.43633e-005 5.45395e-005 6.85883e-005 9.21815e-005 4.18023e-005 3.87331e-005 0.000119593 0.00010047 7.32058e-005 8.28595e-005 7.32463e-005 5.8464e-005 6.27985e-005 7.95578e-005 3.58613e-005 6.69598e-005 7.36821e-005 4.3498e-005 6.61919e-005 4.40022e-005 7.38005e-005 9.75049e-005 7.21144e-005 8.04186e-005 9.4258e-005 6.95049e-005 6.03466e-005 7.46606e-005 1.54923e-005 2.51289e-005 8.80784e-005 6.45442e-005 7.21751e-005 6.78566e-005 4.86157e-005 5.12902e-005 8.73883e-005 7.79573e-005 6.19622e-005 7.63959e-005 8.52321e-005 4.52573e-005 8.438e-005 6.13641e-005 4.87913e-005 8.59346e-005 6.32761e-005 4.88142e-005 6.68066e-005 8.9828e-005 6.24467e-005 6.04024e-005 7.7905e-005 4.79393e-005 5.10652e-005 1.57194e-006 9.9819e-005 4.73397e-005 7.61566e-005 9.10051e-005 6.40053e-005 0.000120331 6.4588e-005 6.47188e-005 8.75106e-005 0.000139416 9.91507e-005 0.000115226 7.77447e-005 0.000120209 -3.17583e-005 9.06251e-005 5.26338e-005 3.56766e-005 3.05876e-005 6.41278e-005 8.31802e-005 7.14933e-005 6.17789e-005 6.10498e-005 5.27024e-005 4.29908e-005 2.7296e-005 4.8495e-005 6.49626e-005 7.27006e-005 8.21861e-005 7.18636e-005 4.60889e-005 4.63096e-005 3.27368e-005 3.43288e-005 0.000110038 8.95962e-005 5.22842e-005 3.19442e-005 4.99113e-005 1.92251e-005 7.38498e-005 8.20594e-005 4.13431e-005 8.2926e-005 6.03502e-005 5.60561e-005 4.85567e-005 3.42269e-005 3.63177e-005 3.34913e-005 9.80713e-006 6.98184e-005 5.18086e-005 8.00971e-005 4.4618e-005 5.3045e-005 0.000145128 8.08893e-005 4.19287e-005 5.70985e-005 8.29607e-005 7.9318e-005 4.99471e-005 3.77098e-005 8.95516e-006 1.21646e-005 4.92813e-005 4.49516e-005 6.13355e-005 0.000190375 7.34289e-005 
-3190 1 2 0 8 16 24 1 -1 8 
-66 1 3 15 17 19 26 16 19 22 
-164 1 4 7 9 11 13 4 -1 9 
-434 1 1 7 -1 15 -1 0 5 10 
-115 1 2 9 11 13 15 6 -1 8 
8 0 0 3 4 5 -1 11 -1 13 
-9 1 4 14 15 16 17 13 -1 14 
18 0 0 14 16 18 -1 11 -1 13 
-14 1 4 17 19 21 23 8 -1 9 
-358 1 0 20 22 24 -1 0 -1 11 
256 0 1 1 -1 6 -1 2 8 14 
34 0 2 7 9 11 13 11 -1 13 
-289 1 2 0 2 4 6 2 -1 16 
-18 0 4 13 14 15 16 17 -1 20 
-196 0 4 5 9 13 17 1 -1 22 
-65 0 4 9 10 11 12 0 -1 5 
124 0 3 16 18 20 26 17 20 23 
328 1 3 5 12 19 26 9 12 15 
194 0 0 22 23 24 -1 0 -1 21 
182 0 1 15 -1 19 -1 5 10 15 
77 0 4 12 13 14 15 9 -1 14 
-6 0 1 21 -1 22 -1 5 6 7 
12 0 3 9 11 13 26 15 16 17 
89 0 4 5 6 7 8 5 -1 10 
182 1 1 4 -1 5 -1 4 11 18 
-51 0 4 5 9 13 17 2 -1 20 
312 1 3 7 12 17 26 13 16 19 
-336 1 0 0 1 2 -1 0 -1 21 
40 1 4 0 1 2 3 0 -1 5 
-77 1 1 4 -1 7 -1 14 18 22 
524 0 0 18 21 24 -1 13 -1 20 
101 1 2 17 18 19 20 0 -1 11 
149 0 4 16 17 18 19 9 -1 14 
-5 0 4 8 9 10 11 1 -1 2 
166 0 4 15 16 17 18 7 -1 15 
-22 0 4 14 15 16 17 17 -1 20 
-49 1 4 5 6 7 8 4 -1 9 
-157 0 2 5 7 9 11 0 -1 11 
4 0 0 5 6 7 -1 0 -1 1 
175 0 4 5 9 13 17 5 -1 20 
8 1 2 7 8 9 10 0 -1 1 
-87 1 4 6 8 10 12 17 -1 20 
0 0 0 8 9 10 -1 0 -1 1 
-1130 0 2 0 8 16 24 2 -1 6 
-524 1 4 0 3 6 9 6 -1 22 
21 1 3 9 12 15 26 0 1 2 
4 0 0 2 3 4 -1 0 -1 1 
34 0 2 11 12 13 14 8 -1 15 
2 0 0 9 10 11 -1 4 -1 5 
30 0 1 11 -1 14 -1 18 20 22 
350 1 1 11 -1 22 -1 17 20 23 
-269 1 0 0 3 6 -1 0 -1 1 
607 1 0 13 16 19 -1 6 -1 18 
-125 1 3 5 7 9 26 16 19 22 
-49 0 4 16 17 18 19 18 -1 24 
-3357 1 0 0 5 10 -1 16 -1 23 
-235 0 1 14 -1 15 -1 10 16 22 
-78 1 3 11 12 13 26 5 14 23 
-108 1 1 5 -1 10 -1 11 14 17 
11 0 2 12 13 14 15 11 -1 13 
-53 0 4 11 12 13 14 3 -1 9 
612 0 4 5 9 13 17 6 -1 22 
27 1 2 13 15 17 19 0 -1 1 
2 0 1 14 -1 15 -1 0 1 2 
-12 1 4 15 16 17 18 13 -1 14 
-7 1 4 10 11 12 13 9 -1 24 
-163 0 4 6 9 12 15 5 -1 20 
1091 1 4 0 7 14 21 11 -1 17 
-15 1 3 4 5 6 26 5 6 7 
316 1 0 6 11 16 -1 6 -1 8 
-940 1 0 0 3 6 -1 2 -1 16 
-38 0 4 12 13 14 15 3 -1 9 
-231 1 3 0 3 6 26 14 18 22 
-12 0 2 9 10 11 12 20 -1 21 
-51 1 4 12 13 14 15 7 -1 15 
-6 1 3 4 5 6 26 1 4 7 
-36 1 0 18 21 24 -1 0 -1 1 
-38 0 4 15 16 17 18 17 -1 20 
7182 0 0 6 15 24 -1 0 -1 21 
-52 0 4 18 19 20 21 3 -1 9 
34 0 4 6 7 8 9 16 -1 17 
30 1 4 18 19 20 21 2 -1 10 
-15 1 4 13 14 15 16 13 -1 14 
0 1 0 15 16 17 -1 0 -1 1 
-13 0 2 14 15 16 17 0 -1 1 
79 0 0 20 22 24 -1 0 -1 1 
951 1 3 2 13 24 26 4 9 14 
188 0 3 2 5 8 26 16 19 22 
1037 1 4 0 5 10 15 9 -1 14 
239 0 3 18 21 24 26 14 18 22 
1 0 1 11 -1 16 -1 9 10 11 
49 0 2 8 10 12 14 6 -1 8 
-37 0 4 17 18 19 20 17 -1 20 
162 0 0 16 20 24 -1 11 -1 13 
-650 0 0 5 9 13 -1 6 -1 18 
48 0 2 10 12 14 16 6 -1 8 
18 1 1 11 -1 13 -1 8 9 10 
-35 1 4 11 12 13 14 7 -1 15 
-18 1 0 18 21 24 -1 9 -1 10 
0 0 3 4 5 6 26 15 16 17 
181 0 0 0 1 2 -1 0 -1 11 
62 1 2 5 6 7 8 8 -1 15 
301 0 4 5 8 11 14 4 -1 9 
25 0 1 5 -1 13 -1 7 8 9 
-15 1 4 6 7 8 9 4 -1 9 
-4 0 4 11 12 13 14 21 -1 22 
-40 1 3 21 22 23 26 2 12 22 
-35 0 2 5 6 7 8 7 -1 11 
-101 1 3 4 6 8 26 16 19 22 
-347 0 1 8 -1 10 -1 6 14 22 
79 0 3 9 14 19 26 17 18 19 
486 1 1 8 -1 15 -1 4 11 18 
-11 1 1 7 -1 10 -1 15 16 17 
907 0 1 22 -1 23 -1 3 12 21 
-39 0 4 13 14 15 16 0 -1 5 
-96 1 1 16 -1 23 -1 16 19 22 
8 0 2 13 14 15 16 6 -1 8 
-8 1 0 14 15 16 -1 6 -1 8 
-596 0 4 3 8 13 18 1 -1 22 
-2648 0 2 5 10 15 20 3 -1 15 
104 0 3 10 16 22 26 20 21 22 
6 1 1 18 -1 23 -1 12 13 14 
-17 1 0 13 14 15 -1 11 -1 13 
24 1 4 19 20 21 22 17 -1 20 
-138 1 3 22 23 24 26 5 10 15 
204 0 1 10 -1 19 -1 4 9 14 
-500 0 4 5 9 13 17 4 -1 19 
40 1 2 13 14 15 16 3 -1 5 
-333 1 3 3 4 5 26 9 16 23 
-145 0 4 12 14 16 18 3 -1 9 
59 0 4 16 17 18 19 10 -1 20 
-73 1 4 16 17 18 19 7 -1 15 
-776 0 4 17 19 21 23 2 -1 20 
11 0 1 12 -1 13 -1 17 18 19 
22 1 4 8 9 10 11 9 -1 14 
-7817 1 0 0 9 18 -1 0 -1 21 
647 1 2 5 11 17 23 7 -1 11 
-354 1 2 8 10 12 14 7 -1 11 
-73 0 2 10 11 12 13 16 -1 23 
678 0 2 9 11 13 15 5 -1 16 
80 1 2 10 11 12 13 14 -1 20 
-70 0 4 5 9 13 17 3 -1 19 
65 1 4 13 14 15 16 3 -1 9 
74 0 2 9 10 11 12 4 -1 15 
0 0 0 6 7 8 -1 0 -1 1 
1181 0 2 0 8 16 24 16 -1 23 
42 1 0 10 14 18 -1 3 -1 15 
2427 0 0 0 10 20 -1 16 -1 23 
11 1 2 9 10 11 12 0 -1 1 
-29 1 4 6 7 8 9 17 -1 20 
-85 0 1 12 -1 13 -1 12 17 22 
217 0 4 6 7 8 9 5 -1 20 
2 1 1 14 -1 16 -1 13 16 19 
-8 1 2 3 5 7 9 0 -1 1 
-25 1 3 8 11 14 26 17 18 19 
624 1 4 12 15 18 21 2 -1 10 
-41 1 0 10 11 12 -1 6 -1 8 
-39 0 4 7 8 9 10 12 -1 15 
27 0 4 3 4 5 6 16 -1 17 
358 1 3 4 12 20 26 6 10 14 
32 0 4 5 6 7 8 16 -1 17 
-35 0 4 13 14 15 16 18 -1 24 
264 0 3 1 3 5 26 13 18 23 
-65 0 4 4 5 6 7 0 -1 5 
-76 1 1 15 -1 18 -1 7 8 9 
-45 0 2 16 17 18 19 7 -1 11 
-38 1 0 18 19 20 -1 14 -1 20 
-4 1 4 9 10 11 12 16 -1 17 
0 0 1 1 -1 2 -1 4 5 6 
699 0 0 17 20 23 -1 1 -1 18 
-1667 0 3 0 12 24 26 0 7 14 
24 0 1 6 -1 7 -1 5 6 7 
53 1 2 16 17 18 19 8 -1 15 
-29 1 4 12 13 14 15 12 -1 15 
-22 0 4 5 6 7 8 0 -1 5 
21 0 3 7 10 13 26 13 14 15 
0 1 1 6 -1 8 -1 20 21 22 
-635 1 0 0 5 10 -1 12 -1 21 
268 1 3 8 13 18 26 0 5 10 
0 0 1 0 -1 1 -1 20 21 22 
-85 1 4 3 4 5 6 5 -1 20 
90 0 4 3 4 5 6 4 -1 9 
-21 0 4 8 9 10 11 13 -1 14 
-13 1 2 1 2 3 4 1 -1 8 
-29 0 4 8 10 12 14 21 -1 22 
836 0 4 7 10 13 16 2 -1 20 
-45 0 2 16 17 18 19 11 -1 13 
740 0 2 0 2 4 6 3 -1 15 
-25 1 1 17 -1 20 -1 11 14 17 
-86 1 2 12 13 14 15 8 -1 15 
-45 0 4 6 7 8 9 9 -1 14 
72 0 2 12 13 14 15 4 -1 15 
-1 1 1 20 -1 21 -1 16 19 22 
0 0 3 7 8 9 26 21 22 23 
2 0 1 17 -1 18 -1 1 2 3 
-1 1 0 6 7 8 -1 7 -1 11 
-49 1 4 19 20 21 22 9 -1 14 
-310 0 4 6 10 14 18 16 -1 17 
692 0 1 1 -1 3 -1 16 19 22 
487 1 2 3 9 15 21 11 -1 13 

200
0.00607287
5.07512e-005 7.24638e-005 5.61804e-005 6.10318e-005 5.84993e-005 5.56556e-005 7.9559e-005 0.000603811 9.36306e-005 7.24035e-005 5.00346e-005 4.74099e-005 6.25211e-005 5.71936e-005 5.17467e-005 4.36464e-005 9.83999e-005 5.47706e-005 7.90964e-005 -1.03315e-006 8.02525e-005 5.96748e-005 3.765e-005 7.25015e-005 3.67748e-005 5.65652e-005 5.72586e-005 8.38245e-005 6.24138e-005 4.00027e-005 5.45794e-005 5.56725e-005 3.43741e-005 8.97445e-005 6.95606e-005 8.46585e-005 6.20773e-005 7.38202e-005 8.4879e-005 8.6545e-005 4.22433e-005 7.64101e-005 5.42059e-005 6.19394e-005 4.16364e-005 6.8344e-005 6.60703e-005 4.813e-005 7.057e-005 6.94355e-005 6.85051e-005 4.18264e-005 4.9518e-005 5.51307e-005 2.73939e-005 5.83124e-005 6.03337e-005 4.58566e-005 6.69033e-005 5.59582e-005 5.86505e-005 6.13789e-005 6.62252e-005 9.4489e-006 4.50998e-005 7.23765e-005 0.000106553 3.69386e-005 5.3446e-005 3.73458e-005 8.4032e-005 9.09625e-005 9.15999e-005 5.92164e-005 0.00010443 -1.91685e-005 9.31859e-005 4.34711e-005 9.04933e-005 4.41642e-005 3.89758e-005 6.46027e-005 4.91335e-005 7.43774e-005 8.1209e-005 2.89527e-005 5.40731e-005 8.21317e-005 7.37259e-005 6.57425e-005 0.000111018 7.09144e-005 7.89861e-005 8.52212e-005 5.89002e-005 8.15801e-005 6.72935e-005 6.00754e-005 3.81552e-005 7.30466e-005 5.65797e-005 5.67205e-005 5.9506e-005 3.58344e-005 6.36029e-005 9.22931e-005 4.53463e-005 9.58735e-005 6.90847e-005 9.97624e-005 6.04866e-005 8.47922e-005 6.57996e-005 9.90983e-005 3.44609e-005 3.28735e-005 5.87901e-005 7.42216e-005 5.80466e-005 5.24265e-005 3.24709e-005 4.68736e-005 6.07882e-005 7.22938e-005 3.50276e-005 8.46492e-005 8.76659e-005 7.74074e-005 6.42484e-005 4.9328e-005 8.77235e-005 5.4122e-005 6.53276e-005 7.63397e-005 6.22055e-005 5.94198e-005 3.64256e-005 3.43966e-005 5.65971e-005 7.18336e-005 6.72891e-005 7.33424e-005 5.26716e-005 4.37825e-005 6.74948e-005 9.62729e-005 6.33924e-005 8.54075e-005 3.53714e-005 6.93684e-005 3.98541e-005 2.99141e-005 2.75783e-005 6.80443e-005 0.000123841 8.44104e-005 5.17566e-005 5.30266e-005 6.77163e-005 8.46209e-005 5.5085e-005 4.80688e-005 6.10261e-005 5.5046e-005 6.83701e-005 7.89697e-005 6.66983e-005 6.10434e-005 9.68814e-005 0.000106942 7.71756e-005 4.41958e-005 5.25893e-005 5.62414e-005 7.31926e-005 4.87103e-005 5.15804e-005 3.43377e-005 6.31056e-005 9.62385e-005 6.90852e-005 6.20154e-005 9.86355e-005 7.65872e-005 4.70582e-005 6.7247e-005 6.75194e-005 6.73468e-005 5.91594e-005 7.85318e-005 7.82384e-005 6.01444e-005 5.3252e-005 6.12881e-005 0.000127091 8.44211e-005 5.69462e-005 6.20587e-005 6.88393e-005 3.58771e-005 
-730 1 3 4 9 14 26 0 9 18 
-8 1 0 19 20 21 -1 11 -1 13 
55 0 0 1 4 7 -1 0 -1 1 
-14 1 4 20 21 22 23 12 -1 15 
17 0 0 10 11 12 -1 6 -1 8 
13 0 0 6 8 10 -1 0 -1 1 
19 0 1 9 -1 10 -1 16 19 22 
-196 0 4 5 9 13 17 1 -1 22 
0 0 1 17 -1 21 -1 8 9 10 
61 0 1 21 -1 24 -1 2 6 10 
-9 1 0 15 17 19 -1 20 -1 21 
33 0 2 11 13 15 17 11 -1 13 
-9 1 1 3 -1 8 -1 12 13 14 
553 0 0 0 2 4 -1 0 -1 11 
-38 0 4 10 11 12 13 0 -1 5 
-224 1 0 0 1 2 -1 0 -1 11 
45 1 4 17 18 19 20 4 -1 9 
-15 1 4 3 4 5 6 16 -1 17 
-17 0 4 12 13 14 15 17 -1 20 
97 0 4 5 9 13 17 2 -1 20 
-43 0 2 13 14 15 16 2 -1 6 
-17 1 0 13 15 17 -1 3 -1 5 
-202 1 4 15 16 17 18 9 -1 14 
1131 1 4 6 12 18 24 9 -1 14 
-200 1 0 21 22 23 -1 0 -1 11 
-105 0 2 6 9 12 15 0 -1 1 
310 0 2 20 21 22 23 0 -1 11 
-60 0 4 20 21 22 23 3 -1 9 
-145 1 4 14 15 16 17 7 -1 15 
6 0 1 15 -1 16 -1 8 9 10 
39 0 0 7 9 11 -1 6 -1 8 
-32 0 4 11 12 13 14 0 -1 5 
2362 0 0 14 19 24 -1 16 -1 23 
-37 0 4 18 19 20 21 18 -1 24 
26 1 4 18 19 20 21 14 -1 24 
89 0 0 11 12 13 -1 7 -1 11 
26 1 4 15 16 17 18 17 -1 20 
-189 1 4 16 17 18 19 9 -1 14 
54 1 4 12 13 14 15 18 -1 24 
46 0 3 5 9 13 26 17 18 19 
-2 1 0 17 18 19 -1 0 -1 1 
-24 1 4 10 11 12 13 7 -1 15 
-82 1 3 18 20 22 26 11 16 21 
12 1 4 3 4 5 6 21 -1 22 
55 0 2 0 8 16 24 0 -1 1 
39 1 4 18 19 20 21 5 -1 10 
14 0 0 4 5 6 -1 11 -1 13 
-1009 1 1 6 -1 20 -1 0 3 6 
57 1 4 20 21 22 23 2 -1 10 
-73 1 4 4 5 6 7 4 -1 9 
-4 1 3 5 6 7 26 0 5 10 
3 0 1 7 -1 8 -1 1 2 3 
5 0 3 7 9 11 26 19 20 21 
9 0 1 17 -1 18 -1 7 8 9 
-460 0 4 5 9 13 17 5 -1 20 
-35 0 2 7 8 9 10 2 -1 6 
-7 1 0 18 19 20 -1 11 -1 13 
777 0 0 15 19 23 -1 11 -1 23 
-212 0 0 6 8 10 -1 0 -1 21 
27 0 3 5 9 13 26 21 22 23 
-66 0 3 0 11 22 26 0 1 2 
-7125 1 0 0 10 20 -1 0 -1 21 
-557 0 3 4 12 20 26 7 12 17 
1 0 0 0 1 2 -1 0 -1 1 
26 1 4 0 1 2 3 0 -1 5 
-21 1 1 7 -1 8 -1 7 8 9 
414 0 1 1 -1 16 -1 4 9 14 
56 0 2 6 8 10 12 11 -1 13 
-10 0 2 15 16 17 18 0 -1 11 
331 0 2 1 2 3 4 3 -1 15 
58 1 4 14 15 16 17 18 -1 24 
313 0 3 15 17 19 26 16 19 22 
-68 0 4 8 9 10 11 9 -1 14 
122 0 4 17 18 19 20 9 -1 14 
-125 0 4 8 13 18 23 13 -1 14 
4 0 4 5 9 13 17 3 -1 19 
-43 0 4 16 17 18 19 0 -1 5 
-99 1 3 2 7 12 26 21 22 23 
-52 1 1 15 -1 21 -1 12 15 18 
8 0 3 3 5 7 26 8 9 10 
-4 1 4 15 17 19 21 17 -1 20 
-22 1 4 7 8 9 10 4 -1 9 
4 0 1 7 -1 9 -1 9 10 11 
1256 0 3 0 3 6 26 5 14 23 
339 1 2 5 7 9 11 1 -1 8 
5 0 1 13 -1 14 -1 13 14 15 
-3 0 2 6 8 10 12 1 -1 8 
-88 1 0 10 11 12 -1 7 -1 11 
-71 0 4 7 8 9 10 0 -1 5 
-198 1 3 6 8 10 26 17 20 23 
28 1 4 8 9 10 11 12 -1 15 
16 0 2 11 13 15 17 9 -1 10 
51 0 2 10 11 12 13 5 -1 16 
304 1 0 13 16 19 -1 10 -1 16 
968 0 4 6 9 12 15 2 -1 20 
-45 0 2 12 13 14 15 2 -1 6 
-68 1 4 15 16 17 18 7 -1 15 
-30 0 2 4 5 6 7 11 -1 13 
892 0 1 22 -1 23 -1 1 12 23 
-60 0 4 15 16 17 18 3 -1 9 
9 0 0 7 8 9 -1 3 -1 5 
-229 1 3 0 2 4 26 8 15 22 
-4 1 4 8 9 10 11 5 -1 10 
-12 0 3 10 13 16 26 1 2 3 
351 0 2 2 3 4 5 3 -1 15 
-55 0 3 11 12 13 26 14 18 22 
425 0 3 14 17 20 26 18 20 22 
-81 0 1 1 -1 7 -1 15 16 17 
169 0 2 21 22 23 24 6 -1 8 
-244 0 4 0 2 4 6 18 -1 24 
48 0 4 5 6 7 8 17 -1 20 
-141 0 4 2 4 6 8 18 -1 24 
14 0 1 16 -1 17 -1 5 6 7 
541 1 1 9 -1 16 -1 0 7 14 
1 0 1 10 -1 11 -1 0 1 2 
261 0 2 0 8 16 24 2 -1 6 
-14 0 4 6 7 8 9 13 -1 14 
60 0 2 19 20 21 22 5 -1 6 
-50 0 2 9 11 13 15 0 -1 1 
9 0 0 18 19 20 -1 6 -1 8 
1 0 0 6 7 8 -1 20 -1 21 
-11619 1 0 4 14 24 -1 0 -1 21 
-7 0 1 20 -1 23 -1 7 8 9 
8 0 2 14 15 16 17 7 -1 11 
-2 1 0 18 19 20 -1 0 -1 1 
1182 0 1 3 -1 22 -1 0 3 6 
1392 1 1 17 -1 24 -1 3 8 13 
-398 1 4 4 7 10 13 5 -1 10 
-49 0 4 7 8 9 10 9 -1 14 
117 0 3 20 21 22 26 16 19 22 
-12 0 4 14 15 16 17 21 -1 22 
-119 1 3 4 7 10 26 18 20 22 
-3 0 4 12 15 18 21 6 -1 12 
25 0 1 14 -1 23 -1 9 10 11 
-57 1 4 15 16 17 18 6 -1 12 
-141 0 0 6 12 18 -1 6 -1 8 
5 0 2 12 13 14 15 6 -1 8 
-5 1 0 14 16 18 -1 0 -1 1 
142 0 4 15 16 17 18 11 -1 17 
530 1 4 3 6 9 12 12 -1 15 
-127 1 3 22 23 24 26 10 14 18 
-42 0 4 18 19 20 21 17 -1 20 
-81 1 4 3 4 5 6 3 -1 9 
-8 0 4 16 17 18 19 21 -1 22 
1829 0 1 0 -1 3 -1 4 13 22 
-290 0 4 17 19 21 23 4 -1 9 
194 0 2 9 11 13 15 6 -1 8 
55 1 2 15 16 17 18 2 -1 6 
-10 1 2 20 21 22 23 5 -1 6 
-107 1 1 1 -1 6 -1 13 18 23 
-21 1 4 11 12 13 14 9 -1 14 
15 1 3 18 19 20 26 3 10 17 
-15 1 4 7 8 9 10 16 -1 17 
51 1 4 19 20 21 22 3 -1 9 
120 0 1 10 -1 14 -1 12 13 14 
-53 0 4 15 16 17 18 0 -1 5 
145 0 3 0 1 2 26 6 14 22 
-1985 0 1 8 -1 17 -1 5 14 23 
56 0 4 17 18 19 20 12 -1 15 
-70 0 2 10 11 12 13 14 -1 20 
76 0 4 16 17 18 19 12 -1 15 
-2 1 1 6 -1 7 -1 13 14 15 
-177 1 2 9 11 13 15 7 -1 21 
-1 1 0 15 16 17 -1 4 -1 5 
100 0 2 0 7 14 21 20 -1 21 
331 1 3 6 13 20 26 11 14 17 
57 0 1 8 -1 18 -1 16 17 18 
32 1 4 14 15 16 17 17 -1 20 
778 0 4 5 9 13 17 4 -1 19 
-75 0 2 11 12 13 14 16 -1 23 
85 0 3 11 12 13 26 5 14 23 
10 1 4 5 6 7 8 1 -1 2 
25 0 4 15 18 21 24 1 -1 2 
-19 1 0 17 19 21 -1 3 -1 5 
-467 0 2 0 8 16 24 4 -1 5 
72 0 1 5 -1 8 -1 7 8 9 
336 1 2 0 5 10 15 6 -1 8 
-17 1 3 5 7 9 26 12 15 18 
-40 1 2 0 1 2 3 0 -1 11 
-53 0 0 7 10 13 -1 2 -1 16 
34 0 0 12 13 14 -1 7 -1 11 
-50 0 3 9 10 11 26 13 18 23 
-1304 1 0 6 12 18 -1 16 -1 23 
21 1 4 4 5 6 7 1 -1 2 
69 0 3 21 22 23 26 14 18 22 
-52 0 2 12 13 14 15 15 -1 21 
-72 1 4 6 7 8 9 4 -1 9 
24 1 2 12 13 14 15 3 -1 5 
49 0 2 0 1 2 3 5 -1 6 
36 1 4 9 10 11 12 1 -1 12 
-44 1 4 5 6 7 8 4 -1 9 
27 1 1 1 -1 12 -1 5 6 7 
-4 1 4 15 16 17 18 13 -1 14 
-123 0 4 2 4 6 8 0 -1 5 
-705 1 3 17 20 23 26 17 20 23 
852 1 4 14 17 20 23 10 -1 20 
-59 1 4 13 14 15 16 7 -1 15 
28 1 4 8 9 10 11 18 -1 24 
139 0 4 13 14 15 16 9 -1 14 
-12 0 4 8 9 10 11 21 -1 22 

200
0.00602238
7.94282e-005 6.74482e-005 5.36627e-005 7.23644e-005 7.95482e-005 7.11505e-005 6.91473e-005 8.54241e-005 4.99455e-005 6.82783e-005 5.32618e-005 4.79876e-005 4.82665e-005 8.68321e-005 6.08484e-005 6.03135e-005 0.000568234 7.06496e-005 3.62692e-005 8.94645e-005 4.46827e-005 5.78581e-005 4.57198e-005 7.01542e-005 8.12202e-005 3.04133e-005 9.94001e-005 5.59968e-005 8.58484e-005 5.33049e-005 6.39951e-005 7.48507e-005 5.8352e-005 7.13741e-005 5.27301e-005 5.46401e-005 -1.44037e-005 8.94393e-005 5.40413e-005 8.73718e-005 7.20435e-005 7.78284e-005 6.45671e-005 4.03332e-005 5.48816e-005 7.2692e-005 4.15204e-005 0.000113778 8.59307e-005 8.65448e-005 4.41383e-005 8.00311e-005 8.43343e-005 5.12459e-005 8.31793e-005 6.64728e-005 7.05007e-005 6.78309e-005 6.4044e-005 4.64369e-005 5.05811e-005 5.61234e-005 9.23269e-005 6.14781e-005 5.93352e-005 4.11125e-005 2.5549e-005 2.66961e-005 6.54697e-005 6.37377e-005 6.05201e-005 5.70033e-005 3.67282e-005 0.000158678 8.9007e-006 0.000110494 3.31535e-005 4.12244e-005 6.10501e-005 4.30036e-005 5.15621e-005 7.82821e-005 6.03e-005 2.29512e-005 8.60786e-005 4.06211e-005 5.92073e-005 6.67911e-005 9.43092e-005 1.28099e-005 5.45604e-005 6.79954e-005 5.63015e-005 4.58675e-005 9.05168e-005 7.99614e-005 4.22481e-005 5.89453e-005 6.07377e-005 8.25991e-005 3.06683e-005 5.3917e-005 0.000103806 9.46993e-005 7.59672e-005 8.18324e-005 8.24941e-005 5.02884e-005 6.98861e-005 9.14235e-005 2.63516e-005 3.32201e-005 3.60183e-005 7.24651e-005 1.68129e-005 7.80238e-005 8.3945e-005 4.60178e-005 9.31008e-005 5.15241e-005 6.01095e-005 2.18605e-005 1.64965e-005 1.91854e-005 0.000108167 6.84369e-005 1.09706e-005 8.25384e-005 7.60411e-005 3.99128e-005 6.28803e-005 4.8551e-005 4.19877e-005 6.83375e-005 9.65492e-005 0.000213375 5.33685e-005 4.92406e-005 2.25972e-005 3.18187e-005 6.72167e-005 5.97137e-005 5.26809e-005 7.90246e-005 5.9055e-005 6.18219e-005 6.52968e-005 5.84513e-005 7.18609e-005 4.8683e-005 5.6224e-005 4.46572e-005 6.15947e-005 7.10542e-005 2.94822e-005 3.57722e-005 7.96132e-005 3.69064e-005 0.000123902 9.55691e-005 0.000110027 7.51549e-005 9.92578e-005 6.96918e-005 5.50245e-005 7.92803e-005 5.49175e-005 5.9009e-005 7.12847e-005 6.30176e-005 6.75005e-005 6.16694e-005 3.83922e-005 7.1691e-005 4.9695e-005 4.88673e-005 6.17373e-005 7.69733e-005 4.70495e-005 6.08098e-005 6.49163e-005 3.41148e-005 5.96478e-005 0.000145453 8.06907e-005 3.71993e-005 6.25132e-005 6.05991e-005 5.51397e-005 4.00358e-005 4.3212e-005 7.0218e-005 6.00083e-005 4.18008e-005 3.02594e-005 5.54086e-005 -5.32921e-005 0.000106762 7.45914e-005 5.37659e-005 
56 0 3 5 8 11 26 18 20 22 
-183 1 1 10 -1 14 -1 0 9 18 
687 0 1 3 -1 24 -1 6 8 10 
-239 1 2 9 11 13 15 6 -1 18 
-1110 1 0 18 21 24 -1 1 -1 18 
50 0 0 1 4 7 -1 3 -1 5 
85 0 1 5 -1 7 -1 6 10 14 
-91 1 4 14 15 16 17 7 -1 15 
-31 1 4 18 20 22 24 13 -1 14 
-16 1 4 16 18 20 22 8 -1 9 
22 0 2 9 10 11 12 7 -1 11 
-1 1 0 17 18 19 -1 0 -1 1 
70 0 0 21 22 23 -1 6 -1 18 
65 0 1 17 -1 19 -1 5 10 15 
-96 1 4 15 16 17 18 8 -1 19 
-216 0 2 6 11 16 21 9 -1 10 
-196 0 4 5 9 13 17 1 -1 22 
-582 0 0 5 8 11 -1 7 -1 21 
5 0 1 13 -1 14 -1 13 14 15 
-21 1 3 4 7 10 26 1 6 11 
-52 1 4 21 22 23 24 9 -1 14 
-12 0 3 3 5 7 26 3 10 17 
-18 1 1 18 -1 19 -1 17 20 23 
205 0 2 0 8 16 24 20 -1 21 
-879 0 1 8 -1 17 -1 12 17 22 
187 0 0 1 2 3 -1 0 -1 11 
-69 0 4 17 18 19 20 3 -1 9 
287 0 2 1 2 3 4 3 -1 15 
40 1 4 11 12 13 14 0 -1 5 
29 0 4 4 5 6 7 16 -1 17 
-19 0 4 12 13 14 15 18 -1 24 
-22 1 4 4 5 6 7 17 -1 20 
-40 1 4 0 2 4 6 14 -1 24 
-128 1 1 5 -1 8 -1 9 14 19 
-35 1 4 17 18 19 20 9 -1 14 
204 1 3 5 11 17 26 11 14 17 
-295 0 4 5 9 13 17 2 -1 20 
288 1 1 12 -1 14 -1 13 18 23 
-105 1 4 16 17 18 19 9 -1 14 
-29 0 4 14 15 16 17 17 -1 20 
-54 1 4 5 6 7 8 5 -1 10 
-134 1 3 6 10 14 26 6 10 14 
98 0 4 5 6 7 8 0 -1 15 
10 1 3 12 18 24 26 9 10 11 
-116 1 2 21 22 23 24 3 -1 15 
15 1 4 9 10 11 12 18 -1 24 
151 0 2 21 22 23 24 0 -1 11 
418 1 4 4 6 8 10 18 -1 24 
-241 1 0 0 4 8 -1 11 -1 13 
293 1 0 14 16 18 -1 0 -1 21 
7 0 2 12 13 14 15 11 -1 13 
80 0 2 10 11 12 13 8 -1 15 
-28 0 2 6 7 8 9 3 -1 5 
98 0 1 14 -1 19 -1 5 6 7 
-59 0 4 13 14 15 16 3 -1 9 
-719 1 4 1 4 7 10 5 -1 20 
-41 0 4 17 18 19 20 18 -1 24 
129 0 0 0 1 2 -1 0 -1 11 
-36 0 4 19 20 21 22 3 -1 9 
19 0 1 9 -1 10 -1 16 19 22 
2 0 0 3 4 5 -1 0 -1 1 
6216 0 2 0 8 16 24 16 -1 23 
-85 0 2 11 12 13 14 14 -1 20 
-109 1 2 10 11 12 13 7 -1 11 
-36 0 4 10 11 12 13 0 -1 5 
4 0 3 13 14 15 26 13 14 15 
0 0 4 17 18 19 20 1 -1 2 
0 0 3 20 21 22 26 20 21 22 
-67 1 4 13 14 15 16 7 -1 15 
5 1 4 10 11 12 13 2 -1 10 
-25 1 1 12 -1 14 -1 16 17 18 
-46 0 4 18 19 20 21 4 -1 9 
-105 1 3 21 22 23 26 14 18 22 
-42 0 4 13 14 15 16 17 -1 20 
131 0 4 5 9 13 17 3 -1 19 
-121 0 4 9 13 17 21 13 -1 14 
-20 1 2 20 21 22 23 8 -1 15 
-2 1 0 19 20 21 -1 0 -1 1 
2 0 1 5 -1 8 -1 1 2 3 
13 0 2 9 10 11 12 11 -1 13 
6 1 3 10 11 12 26 0 1 2 
-105 1 2 9 10 11 12 8 -1 15 
-647 0 1 5 -1 14 -1 1 8 15 
450 0 0 16 20 24 -1 18 -1 20 
-52 0 2 10 12 14 16 0 -1 1 
33 0 2 13 14 15 16 11 -1 13 
-25 0 4 11 12 13 14 17 -1 20 
-23 1 4 3 4 5 6 17 -1 20 
-116 1 1 18 -1 23 -1 13 18 23 
-1 0 1 20 -1 21 -1 20 21 22 
115 0 4 3 4 5 6 10 -1 20 
0 0 1 13 -1 15 -1 8 9 10 
26 0 3 12 15 18 26 8 9 10 
6 1 4 17 18 19 20 16 -1 17 
986 0 4 6 9 12 15 1 -1 22 
13 1 2 12 13 14 15 0 -1 1 
312 0 3 10 15 20 26 17 20 23 
11 1 4 18 19 20 21 16 -1 17 
849 0 2 18 20 22 24 1 -1 18 
-423 0 1 5 -1 22 -1 18 20 22 
-108 1 3 5 6 7 26 17 20 23 
-60 0 4 21 22 23 24 2 -1 10 
28 0 2 11 12 13 14 4 -1 15 
160 1 0 12 14 16 -1 0 -1 21 
3005 0 0 4 14 24 -1 0 -1 21 
56 1 2 14 15 16 17 2 -1 6 
-44 1 4 6 7 8 9 5 -1 10 
53 1 3 10 12 14 26 15 18 21 
-97 1 3 5 9 13 26 17 18 19 
-44 0 1 19 -1 23 -1 16 17 18 
-105 1 3 0 2 4 26 13 16 19 
-4 0 4 16 17 18 19 1 -1 2 
1 0 4 11 12 13 14 1 -1 2 
-12 1 1 11 -1 13 -1 20 21 22 
0 0 3 1 2 3 26 17 18 19 
29 0 1 9 -1 15 -1 20 21 22 
264 1 0 12 16 20 -1 7 -1 11 
127 0 3 0 1 2 26 5 12 19 
-39 0 4 5 6 7 8 12 -1 15 
-103 1 3 13 16 19 26 15 18 21 
56 0 4 6 7 8 9 4 -1 9 
0 0 1 23 -1 24 -1 3 4 5 
0 0 1 0 -1 1 -1 0 1 2 
-186 0 4 6 9 12 15 3 -1 19 
-11 0 1 11 -1 13 -1 8 9 10 
30 0 2 12 13 14 15 7 -1 11 
-1 0 3 0 1 2 26 0 1 2 
85 0 2 8 10 12 14 7 -1 11 
-92 0 2 12 14 16 18 1 -1 8 
20 0 4 18 20 22 24 0 -1 5 
79 0 3 11 16 21 26 4 7 10 
-4 1 2 19 20 21 22 5 -1 6 
-22 0 3 6 7 8 26 5 10 15 
16 0 0 9 10 11 -1 11 -1 13 
27 0 1 3 -1 6 -1 5 8 11 
987 0 4 7 10 13 16 5 -1 20 
1105 1 2 11 14 17 20 0 -1 11 
13 0 2 15 16 17 18 6 -1 8 
1 0 3 0 1 2 26 20 21 22 
7 1 1 1 -1 3 -1 0 1 2 
145 0 3 17 18 19 26 14 18 22 
-42 0 4 12 13 14 15 0 -1 5 
47 0 3 2 3 4 26 10 14 18 
-18 0 1 2 -1 4 -1 12 13 14 
-8 1 4 6 7 8 9 16 -1 17 
20 0 4 6 7 8 9 17 -1 20 
7 1 1 1 -1 6 -1 12 13 14 
-134 0 4 5 8 11 14 1 -1 22 
-54 0 0 4 7 10 -1 9 -1 10 
1414 0 4 0 3 6 9 4 -1 19 
-38 0 1 19 -1 22 -1 11 12 13 
-335 1 0 0 9 18 -1 0 -1 1 
32 1 4 18 19 20 21 17 -1 20 
-50 1 3 13 14 15 26 0 5 10 
-13 1 0 12 15 18 -1 0 -1 1 
-99 0 0 11 15 19 -1 8 -1 15 
57 0 3 8 10 12 26 2 6 10 
1446 1 3 2 13 24 26 1 8 15 
778 0 4 5 9 13 17 4 -1 19 
18 1 2 11 12 13 14 20 -1 21 
-547 1 2 11 13 15 17 7 -1 11 
-29 0 4 6 7 8 9 12 -1 15 
-45 1 4 18 19 20 21 9 -1 14 
17 0 1 10 -1 14 -1 19 20 21 
98 1 1 10 -1 11 -1 16 19 22 
-70 1 4 17 18 19 20 7 -1 15 
-8 1 4 16 17 18 19 8 -1 9 
1462 1 1 10 -1 19 -1 4 9 14 
-72 1 1 6 -1 16 -1 16 17 18 
28 0 4 0 4 8 12 18 -1 24 
-23 1 4 16 17 18 19 12 -1 15 
9 1 4 9 10 11 12 2 -1 10 
61 0 3 20 21 22 26 16 19 22 
650 1 4 1 5 9 13 17 -1 20 
-46 1 2 20 21 22 23 0 -1 11 
-358 0 3 4 12 20 26 6 10 14 
-158 1 3 4 5 6 26 17 20 23 
-68 0 2 8 9 10 11 16 -1 23 
-2 1 0 19 20 21 -1 9 -1 10 
102 0 3 1 4 7 26 17 20 23 
-22 0 4 18 19 20 21 0 -1 5 
132 0 3 5 7 9 26 16 19 22 
0 0 4 2 5 8 11 9 -1 14 
300 0 1 4 -1 5 -1 16 19 22 
113 1 2 8 9 10 11 11 -1 23 
-84 1 0 0 1 2 -1 7 -1 21 
32 1 4 0 1 2 3 4 -1 9 
384 0 4 0 2 4 6 5 -1 20 
-36 0 4 0 1 2 3 18 -1 24 
139 0 4 4 5 6 7 4 -1 9 
39 1 4 15 16 17 18 18 -1 24 
-91 1 3 17 20 23 26 17 20 23 
9 1 4 17 18 19 20 17 -1 20 
49 0 0 3 5 7 -1 11 -1 13 
-24 1 2 2 3 4 5 5 -1 16 
280 1 1 7 -1 12 -1 15 18 21 
466 0 4 5 9 13 17 5 -1 20 
437 1 4 15 18 21 24 6 -1 12 
217 0 3 16 19 22 26 16 19 22 
-115 0 4 13 16 19 22 14 -1 24 

200
0.00581163
7.74015e-005 7.48021e-005 4.12107e-005 6.30572e-005 7.22261e-005 3.6508e-005 8.55958e-005 4.13403e-005 7.17725e-005 4.53027e-005 7.43047e-005 7.90497e-005 0.000577576 0.000109268 5.47665e-005 4.57185e-005 3.43532e-005 4.39388e-005 6.89231e-005 5.559e-005 4.55147e-005 2.86609e-005 6.51109e-005 5.95131e-005 5.96613e-005 6.44341e-005 6.04972e-005 5.93514e-005 5.14067e-005 4.91875e-005 5.83968e-005 4.29579e-005 5.3433e-005 3.11337e-005 9.91309e-005 7.47328e-005 3.75534e-005 6.10485e-005 3.26153e-005 9.5245e-005 3.65029e-005 6.94689e-005 3.72686e-005 4.24437e-005 6.75597e-005 8.77774e-005 6.44207e-005 7.46567e-005 6.78027e-005 6.14122e-005 8.40653e-005 5.63767e-005 9.51454e-005 4.96106e-005 5.49503e-005 6.16131e-005 0.000112237 7.25359e-005 9.38595e-005 5.98798e-005 3.56648e-005 2.49546e-005 9.34521e-005 8.71479e-005 4.26738e-005 6.37117e-005 4.58897e-005 8.26075e-005 5.49112e-005 7.85368e-005 4.28636e-005 6.1064e-005 4.62162e-005 8.14528e-005 4.23847e-005 5.9803e-005 7.99995e-005 4.8307e-005 5.2444e-005 -3.30288e-005 0.000109641 4.90588e-005 6.74846e-005 6.74147e-005 5.19738e-005 6.17618e-005 8.14713e-005 5.25233e-005 7.05339e-005 7.72991e-005 5.67256e-005 8.48663e-005 8.96809e-005 6.22741e-005 4.97832e-005 4.90697e-005 8.11152e-005 4.65039e-005 6.32511e-005 6.67844e-005 5.22217e-005 4.12895e-005 4.61565e-005 5.29554e-005 6.17449e-005 1.71564e-005 5.06106e-005 7.39927e-005 4.15106e-005 8.80566e-005 8.88483e-006 9.3217e-005 7.32997e-005 5.68848e-005 1.75295e-005 3.30614e-005 6.97062e-005 6.16185e-005 8.21807e-005 4.31138e-005 5.82988e-005 1.7145e-005 9.80984e-006 3.02608e-005 3.71205e-005 4.78255e-005 7.44523e-005 4.65297e-005 6.3438e-005 5.56325e-005 0.000112124 6.5592e-005 8.07599e-005 4.89843e-005 7.21156e-005 6.36506e-005 8.00899e-005 9.08568e-005 6.60788e-005 6.04582e-005 5.75412e-005 6.44606e-005 9.20855e-005 0.000105868 5.95134e-005 6.51647e-005 5.25523e-005 6.34017e-005 4.03307e-005 4.85334e-005 4.96895e-005 9.99603e-005 6.39573e-005 6.00163e-005 2.40096e-005 4.32378e-005 4.99431e-005 5.7458e-005 0.000114947 4.59768e-005 7.56719e-005 5.57287e-005 3.66133e-005 4.10394e-005 5.43361e-005 5.76662e-005 6.19918e-005 4.54474e-005 3.78347e-005 3.27011e-005 5.34275e-005 3.92349e-005 3.92516e-005 5.91832e-005 3.32933e-005 9.13353e-005 7.27256e-005 9.04018e-005 5.96816e-005 8.67263e-005 4.23418e-005 4.06066e-005 3.96913e-005 4.92296e-005 3.87148e-005 6.75017e-005 9.5821e-005 7.96766e-005 4.44303e-005 7.51451e-005 6.04021e-005 5.86046e-005 6.12191e-005 5.31012e-005 3.82149e-005 4.59199e-005 -1.84823e-005 0.000107874 3.81722e-005 3.20761e-005 
-3174 1 2 0 8 16 24 1 -1 8 
42 0 0 9 11 13 -1 6 -1 8 
85 0 3 6 8 10 26 17 20 23 
-73 1 4 7 9 11 13 17 -1 20 
-10 1 4 16 18 20 22 16 -1 17 
85 0 0 0 3 6 -1 0 -1 1 
-44 1 0 12 13 14 -1 0 -1 11 
-314 0 2 5 10 15 20 10 -1 16 
-56 1 4 20 21 22 23 9 -1 14 
-60 1 0 18 21 24 -1 3 -1 5 
13 0 1 9 -1 14 -1 13 14 15 
478 1 3 2 12 22 26 0 3 6 
-196 0 4 5 9 13 17 1 -1 22 
-16 0 1 12 -1 14 -1 9 10 11 
-61 1 4 11 12 13 14 9 -1 14 
9 0 3 16 18 20 26 1 4 7 
5 0 3 7 8 9 26 17 18 19 
0 0 2 7 8 9 10 5 -1 6 
-10 1 4 3 4 5 6 16 -1 17 
37 0 1 5 -1 8 -1 7 8 9 
-14 0 1 17 -1 21 -1 0 1 2 
166 0 0 21 22 23 -1 7 -1 21 
-70 0 4 20 21 22 23 2 -1 10 
-17 1 4 14 15 16 17 13 -1 14 
40 0 1 19 -1 21 -1 4 7 10 
-49 1 4 15 16 17 18 9 -1 14 
-121 0 4 13 15 17 19 3 -1 9 
-110 0 4 5 9 13 17 2 -1 20 
-43 0 3 12 13 14 26 13 18 23 
-1 1 3 18 19 20 26 3 10 17 
-225 1 3 0 3 6 26 14 18 22 
4 0 0 6 7 8 -1 0 -1 1 
-94 0 3 6 7 8 26 1 8 15 
-1627 1 0 0 4 8 -1 9 -1 20 
11 1 1 3 -1 8 -1 12 13 14 
-17 1 4 4 5 6 7 16 -1 17 
-14 1 0 6 8 10 -1 11 -1 13 
-25 0 4 18 19 20 21 18 -1 24 
1135 0 0 20 22 24 -1 0 -1 11 
-1129 0 1 8 -1 15 -1 4 11 18 
-23 1 2 20 21 22 23 6 -1 8 
85 0 4 11 15 19 23 12 -1 15 
-5 1 0 17 18 19 -1 11 -1 13 
-84 1 2 17 19 21 23 13 -1 20 
-220 0 3 6 12 18 26 10 14 18 
-190 1 2 12 13 14 15 4 -1 15 
-41 0 4 11 12 13 14 3 -1 9 
-10 1 4 5 6 7 8 16 -1 17 
-49 0 2 11 12 13 14 2 -1 6 
-187 1 2 11 12 13 14 4 -1 15 
-120 0 4 0 2 4 6 0 -1 5 
-14 1 0 11 12 13 -1 6 -1 8 
-4 1 4 0 2 4 6 1 -1 12 
-25 1 4 6 7 8 9 10 -1 20 
431 1 3 5 13 21 26 8 15 22 
1769 0 2 6 12 18 24 16 -1 23 
-71 0 2 9 10 11 12 16 -1 23 
-61 1 3 6 9 12 26 20 21 22 
-44 0 4 19 20 21 22 18 -1 24 
-107 1 4 16 17 18 19 9 -1 14 
-17 0 2 14 15 16 17 2 -1 6 
0 0 1 0 -1 1 -1 20 21 22 
-16 1 1 7 -1 8 -1 7 8 9 
-29 0 4 12 13 14 15 17 -1 20 
-42 1 0 20 22 24 -1 0 -1 1 
82 1 4 19 20 21 22 14 -1 24 
195 0 3 19 20 21 26 13 18 23 
62 1 0 14 17 20 -1 9 -1 10 
-86 1 3 22 23 24 26 6 12 18 
63 1 2 17 18 19 20 0 -1 11 
4013 0 0 4 14 24 -1 0 -1 21 
-20 0 3 0 6 12 26 8 9 10 
634 0 4 5 8 11 14 5 -1 20 
26 1 4 8 9 10 11 0 -1 5 
18 1 4 7 8 9 10 10 -1 20 
-497 1 2 7 9 11 13 7 -1 11 
-1 0 1 10 -1 16 -1 8 9 10 
-40 1 0 15 17 19 -1 3 -1 5 
-30 1 0 13 14 15 -1 0 -1 11 
-175 0 4 5 9 13 17 3 -1 19 
442 1 2 6 8 10 12 1 -1 8 
128 0 3 2 3 4 26 13 18 23 
-37 0 2 8 9 10 11 2 -1 6 
38 0 1 10 -1 13 -1 17 18 19 
-63 0 4 9 10 11 12 9 -1 14 
-18 1 1 12 -1 13 -1 17 18 19 
-42 0 4 4 5 6 7 0 -1 5 
203 0 3 3 5 7 26 10 16 22 
7 1 1 3 -1 9 -1 13 14 15 
39 0 2 10 12 14 16 11 -1 13 
38 1 3 11 12 13 26 12 17 22 
-162 1 3 0 1 2 26 16 19 22 
595 1 4 11 14 17 20 3 -1 9 
-41 1 4 17 18 19 20 11 -1 17 
18 0 2 5 7 9 11 1 -1 8 
14 0 0 3 5 7 -1 0 -1 1 
47 0 4 17 18 19 20 9 -1 14 
13 1 4 17 18 19 20 4 -1 9 
861 0 1 0 -1 5 -1 9 16 23 
-29 0 4 17 18 19 20 17 -1 20 
56 0 2 12 14 16 18 11 -1 13 
0 0 1 14 -1 15 -1 0 1 2 
-38 1 4 10 11 12 13 9 -1 24 
-20 1 0 10 11 12 -1 6 -1 8 
-77 0 2 4 5 6 7 7 -1 11 
261 0 2 0 8 16 24 2 -1 6 
-10 1 1 5 -1 6 -1 12 15 18 
-699 0 0 10 13 16 -1 0 -1 21 
-122 1 4 4 5 6 7 3 -1 9 
783 1 0 11 15 19 -1 6 -1 18 
453 0 4 5 9 13 17 5 -1 20 
-551 0 1 8 -1 11 -1 11 16 21 
90 0 4 4 5 6 7 5 -1 10 
-123 1 1 9 -1 17 -1 4 13 22 
0 0 4 17 18 19 20 1 -1 2 
102 0 1 16 -1 18 -1 4 11 18 
-96 1 3 15 18 21 26 18 20 22 
-49 0 4 1 2 3 4 18 -1 24 
-87 1 4 12 13 14 15 9 -1 14 
-26 0 4 12 13 14 15 4 -1 9 
-11 1 4 4 5 6 7 8 -1 9 
0 0 1 9 -1 10 -1 0 1 2 
0 0 3 19 20 21 26 19 20 21 
30 0 4 12 13 14 15 12 -1 15 
-4 0 4 2 3 4 5 21 -1 22 
136 0 3 21 22 23 26 12 17 22 
-30 0 4 14 15 16 17 0 -1 5 
-9 1 2 21 22 23 24 5 -1 6 
-26 0 4 21 22 23 24 18 -1 24 
201 0 1 21 -1 22 -1 8 13 18 
-301 0 2 7 12 17 22 9 -1 10 
101 0 3 16 18 20 26 17 20 23 
460 1 3 2 11 20 26 7 12 17 
-91 1 3 0 1 2 26 5 12 19 
-514 0 0 6 9 12 -1 7 -1 21 
304 0 0 3 4 5 -1 2 -1 16 
-43 0 4 5 6 7 8 9 -1 14 
85 0 4 16 17 18 19 2 -1 20 
-33 1 4 16 17 18 19 8 -1 19 
-46 0 1 12 -1 13 -1 14 18 22 
501 0 4 6 10 14 18 1 -1 22 
314 1 1 9 -1 12 -1 14 18 22 
95 0 2 8 10 12 14 6 -1 8 
-89 0 2 12 13 14 15 16 -1 23 
-221 1 0 0 1 2 -1 0 -1 11 
-34 0 4 15 16 17 18 0 -1 5 
-121 1 1 1 -1 5 -1 14 18 22 
73 0 4 14 15 16 17 11 -1 17 
-4 0 4 11 12 13 14 21 -1 22 
-71 1 4 14 15 16 17 5 -1 20 
-8 0 4 9 10 11 12 21 -1 22 
-252 1 3 1 2 3 26 14 18 22 
-22 0 4 18 19 20 21 16 -1 17 
33 0 3 1 7 13 26 21 22 23 
-50 1 4 17 19 21 23 5 -1 20 
-7 1 0 18 20 22 -1 0 -1 1 
-23 1 3 22 23 24 26 13 18 23 
-76 0 4 0 1 2 3 10 -1 20 
1717 0 0 7 12 17 -1 11 -1 23 
-8 0 3 10 11 12 26 20 21 22 
743 0 2 3 10 17 24 16 -1 23 
123 1 3 9 16 23 26 9 16 23 
-15 1 0 14 16 18 -1 0 -1 1 
-11 1 1 4 -1 5 -1 9 12 15 
-1108 0 1 5 -1 16 -1 2 10 18 
-2025 1 4 1 4 7 10 4 -1 19 
-38 0 4 14 15 16 17 18 -1 24 
-147 0 4 4 8 12 16 1 -1 22 
-71 0 4 2 4 6 8 0 -1 5 
1 0 3 8 9 10 26 20 21 22 
-14 1 0 3 4 5 -1 5 -1 6 
71 1 3 16 17 18 26 2 8 14 
117 0 4 6 7 8 9 4 -1 9 
-8 0 4 8 9 10 11 1 -1 2 
-70 1 3 22 23 24 26 3 8 13 
273 1 1 8 -1 10 -1 6 14 22 
265 0 3 8 10 12 26 1 6 11 
140 1 4 14 17 20 23 13 -1 14 
44 0 1 10 -1 14 -1 12 13 14 
14 1 2 11 12 13 14 3 -1 5 
-9 1 4 2 3 4 5 16 -1 17 
2 0 0 9 10 11 -1 4 -1 5 
-390 0 2 6 10 14 18 1 -1 8 
38 1 4 0 1 2 3 1 -1 12 
-5 1 4 3 4 5 6 8 -1 9 
260 0 4 0 2 4 6 4 -1 19 
195 1 2 2 8 14 20 6 -1 8 
-4921 1 0 4 12 20 -1 0 -1 21 
-49 0 3 0 11 22 26 0 1 2 
37 0 0 10 11 12 -1 7 -1 11 
7 0 2 10 11 12 13 9 -1 10 
-11 0 4 0 1 2 3 21 -1 22 
23 0 2 11 12 13 14 0 -1 11 
29 0 1 1 -1 4 -1 2 6 10 
-11 1 3 7 9 11 26 16 17 18 
-7 0 4 16 17 18 19 21 -1 22 
611 0 4 4 9 14 19 2 -1 20 
90 1 2 9 10 11 12 15 -1 21 
-42 1 2 0 1 2 3 2 -1 6 
32 1 4 1 2 3 4 0 -1 5 

200
0.00543572
7.99216e-005 5.40207e-005 5.47909e-005 6.58203e-005 8.69844e-005 6.83873e-005 7.15546e-005 3.45854e-005 3.85499e-005 7.06171e-005 4.8802e-005 7.77514e-005 0.00050163 5.84031e-005 5.71277e-005 4.72408e-005 3.33024e-005 7.16169e-005 3.32471e-005 6.91695e-005 5.86363e-005 6.92747e-005 5.53269e-005 5.88935e-005 0.000108115 6.86108e-005 5.33527e-005 5.35108e-005 6.40564e-005 5.08447e-005 5.87242e-005 5.68406e-005 4.99825e-005 3.49173e-005 5.74161e-005 4.0348e-005 5.66601e-005 8.3928e-005 4.68939e-005 3.10724e-005 8.08785e-005 7.94582e-005 5.67301e-005 5.51546e-005 4.93112e-005 5.02983e-005 3.97034e-005 8.41368e-005 7.64273e-005 5.80707e-005 5.71817e-005 5.58104e-005 3.05537e-005 6.91442e-005 7.92424e-005 6.73579e-005 7.60717e-005 8.6406e-005 4.54153e-005 5.95713e-005 4.76834e-005 5.7617e-005 3.51417e-005 4.51974e-005 5.16195e-005 3.67743e-005 6.04935e-005 4.44989e-005 6.71668e-005 4.86467e-005 5.13158e-005 5.36173e-005 4.76489e-005 7.12345e-005 7.30905e-005 2.35822e-005 2.56205e-005 6.48704e-005 3.76583e-005 7.37175e-005 4.02003e-005 5.83457e-005 5.13328e-005 5.83456e-005 1.26065e-005 7.33802e-005 8.81788e-005 0.000264635 6.56435e-005 3.50353e-005 6.54493e-005 4.94996e-005 7.41441e-005 3.85252e-005 3.7056e-005 5.72857e-005 4.88143e-005 6.8692e-005 1.25255e-005 4.6726e-005 6.00426e-005 5.49942e-005 9.1095e-005 7.31946e-005 6.13588e-005 7.73159e-005 3.40024e-005 4.95998e-005 4.24439e-005 9.54227e-005 6.27719e-005 6.76961e-005 3.76132e-005 3.62716e-005 5.71211e-005 6.28313e-005 8.88178e-005 -9.9245e-005 8.42696e-005 8.63943e-005 4.98597e-005 9.67833e-006 5.16977e-005 4.51436e-005 5.00131e-005 8.5634e-005 5.99854e-005 4.99624e-005 5.31176e-005 6.58757e-005 4.39096e-005 7.16828e-005 2.78096e-005 3.98336e-005 6.95357e-005 4.86889e-005 4.50311e-005 6.32161e-005 1.98851e-005 7.88829e-005 5.91247e-005 6.53609e-005 4.55278e-005 6.36219e-005 7.1601e-005 9.6172e-005 8.1446e-005 5.47426e-005 4.30123e-005 5.13467e-005 8.32838e-005 9.72656e-005 6.58684e-005 6.18005e-005 3.68781e-005 6.36771e-005 6.79067e-005 6.54269e-005 2.37389e-005 3.64019e-005 1.24181e-005 2.39491e-005 6.61143e-005 5.45386e-005 4.32326e-005 3.62608e-005 0.000103902 5.20556e-005 5.7758e-005 4.80878e-005 5.19753e-005 8.93707e-005 0.000115563 7.1313e-005 7.15162e-005 4.62789e-005 5.91525e-005 4.42895e-005 5.63478e-005 7.24022e-005 1.59083e-005 1.19963e-005 5.04661e-005 8.01708e-005 8.29018e-006 4.98226e-005 4.22693e-005 4.52118e-005 4.42589e-005 4.99236e-005 3.35404e-005 5.51632e-005 4.57747e-005 5.90815e-005 7.86489e-005 3.9185e-005 4.89936e-005 7.10677e-005 6.68649e-005 3.72316e-005 
695 0 3 9 15 21 26 1 8 15 
93 0 3 6 8 10 26 17 20 23 
-302 1 2 9 11 13 15 0 -1 11 
224 0 0 1 3 5 -1 0 -1 11 
-143 1 1 11 -1 17 -1 1 4 7 
-80 1 3 13 16 19 26 18 20 22 
-8 1 0 18 19 20 -1 11 -1 13 
-44 1 0 19 21 23 -1 3 -1 5 
2 0 3 9 10 11 26 19 20 21 
8 0 1 7 -1 8 -1 7 8 9 
92 0 4 12 13 14 15 9 -1 14 
434 1 3 3 11 19 26 6 10 14 
-196 0 4 5 9 13 17 1 -1 22 
452 1 3 8 13 18 26 0 5 10 
84 0 3 8 16 24 26 21 22 23 
7 0 3 9 11 13 26 2 4 6 
3 0 0 4 5 6 -1 0 -1 1 
-21 0 0 14 17 20 -1 6 -1 18 
40 0 0 22 23 24 -1 12 -1 21 
-4 1 4 9 10 11 12 14 -1 24 
140 0 4 15 16 17 18 9 -1 14 
-30 0 4 17 18 19 20 0 -1 5 
32 0 4 16 17 18 19 13 -1 14 
-331 0 4 17 19 21 23 13 -1 24 
-197 1 4 1 4 7 10 5 -1 20 
47 1 4 0 1 2 3 14 -1 24 
-410 1 0 0 3 6 -1 10 -1 16 
-1726 0 1 9 -1 17 -1 3 12 21 
-26 1 0 7 9 11 -1 11 -1 13 
-46 1 2 1 2 3 4 0 -1 11 
-6 1 1 20 -1 21 -1 9 12 15 
9 0 0 6 8 10 -1 0 -1 1 
3 0 1 14 -1 22 -1 1 2 3 
-16 1 3 12 14 16 26 15 16 17 
35 1 4 11 12 13 14 18 -1 24 
1175 0 0 15 19 23 -1 16 -1 23 
83 1 1 12 -1 13 -1 14 18 22 
18 0 1 9 -1 12 -1 17 18 19 
-57 0 3 10 12 14 26 15 18 21 
-144 0 4 5 9 13 17 2 -1 20 
-17 0 1 9 -1 13 -1 9 10 11 
-48 1 4 16 17 18 19 9 -1 14 
50 1 4 7 8 9 10 9 -1 14 
53 0 2 21 22 23 24 6 -1 8 
26 0 4 12 15 18 21 5 -1 20 
-21 1 4 8 9 10 11 8 -1 19 
-151 1 4 15 16 17 18 7 -1 15 
44 1 3 6 7 8 26 2 8 14 
-28 1 4 6 7 8 9 16 -1 17 
76 1 3 0 11 22 26 0 1 2 
-41 1 2 21 22 23 24 0 -1 11 
20 0 1 5 -1 9 -1 9 10 11 
-647 1 0 14 19 24 -1 14 -1 20 
-1523 0 3 0 11 22 26 3 10 17 
387 0 0 18 21 24 -1 9 -1 20 
27 1 4 15 16 17 18 17 -1 20 
71 0 2 10 11 12 13 3 -1 15 
89 0 0 8 10 12 -1 0 -1 11 
-211 1 4 6 8 10 12 4 -1 9 
-10 0 4 7 8 9 10 13 -1 14 
84 0 3 1 2 3 26 9 14 19 
-6 0 4 11 12 13 14 1 -1 2 
-11 1 1 15 -1 18 -1 11 12 13 
4 0 0 7 8 9 -1 4 -1 5 
439 1 0 5 8 11 -1 1 -1 18 
-103 0 4 6 9 12 15 5 -1 20 
-71 0 0 5 8 11 -1 9 -1 10 
-1243 1 3 0 4 8 26 13 18 23 
-78 0 4 9 10 11 12 18 -1 24 
-27 1 1 17 -1 20 -1 5 6 7 
-3 1 1 8 -1 9 -1 15 16 17 
1 1 1 16 -1 17 -1 13 14 15 
1025 0 2 0 8 16 24 1 -1 8 
-293 0 4 16 18 20 22 3 -1 9 
-32 1 4 5 6 7 8 16 -1 17 
94 1 4 16 18 20 22 2 -1 10 
4 0 0 2 3 4 -1 0 -1 1 
-25 1 0 19 21 23 -1 11 -1 13 
-279 1 3 18 21 24 26 12 17 22 
-15 0 4 7 8 9 10 21 -1 22 
134 0 4 4 5 6 7 17 -1 20 
-17 0 2 16 17 18 19 9 -1 10 
-76 1 0 1 2 3 -1 7 -1 21 
18 0 1 2 -1 5 -1 6 8 10 
0 0 1 0 -1 1 -1 20 21 22 
83 0 4 13 14 15 16 9 -1 14 
228 1 4 3 5 7 9 0 -1 5 
-1354 1 1 5 -1 20 -1 7 10 13 
-42 0 4 21 22 23 24 18 -1 24 
59 0 4 15 16 17 18 12 -1 15 
-557 0 4 16 18 20 22 1 -1 22 
254 0 4 14 15 16 17 9 -1 14 
-59 0 4 8 9 10 11 9 -1 14 
37 0 1 7 -1 11 -1 8 9 10 
102 0 2 0 1 2 3 7 -1 11 
46 1 4 18 19 20 21 14 -1 24 
99 0 1 23 -1 24 -1 17 20 23 
-24 0 4 18 19 20 21 17 -1 20 
0 0 3 19 20 21 26 19 20 21 
-61 1 3 18 20 22 26 15 18 21 
30 1 3 11 12 13 26 14 18 22 
200 0 2 9 11 13 15 6 -1 8 
-25 0 2 10 11 12 13 18 -1 20 
-27 1 0 11 12 13 -1 7 -1 11 
8 0 0 11 12 13 -1 9 -1 10 
315 1 2 3 5 7 9 0 -1 11 
-14 1 2 0 1 2 3 5 -1 6 
-45 0 4 9 10 11 12 12 -1 15 
82 0 1 10 -1 15 -1 13 14 15 
86 1 4 6 7 8 9 0 -1 5 
-264 1 0 3 5 7 -1 10 -1 16 
107 1 1 9 -1 10 -1 16 19 22 
-53 1 4 21 22 23 24 7 -1 15 
-33 1 3 1 7 13 26 21 22 23 
-14 0 4 13 14 15 16 0 -1 5 
44 0 3 5 6 7 26 17 20 23 
-461 0 3 9 15 21 26 6 12 18 
34 0 4 5 9 13 17 3 -1 19 
59 1 2 10 11 12 13 15 -1 21 
145 0 3 6 10 14 26 4 7 10 
61 0 3 3 5 7 26 3 10 17 
0 0 3 4 5 6 26 15 16 17 
-16 1 4 18 19 20 21 12 -1 15 
-16 0 4 14 15 16 17 0 -1 5 
160 0 4 4 5 6 7 5 -1 10 
-32 0 4 6 7 8 9 9 -1 14 
-15 1 4 6 7 8 9 5 -1 10 
4 1 4 8 9 10 11 3 -1 9 
-52 1 4 4 5 6 7 3 -1 9 
402 1 2 4 6 8 10 0 -1 11 
-81 1 3 20 21 22 26 16 19 22 
-43 0 4 20 21 22 23 18 -1 24 
4 0 0 8 9 10 -1 4 -1 5 
1140 0 0 10 17 24 -1 0 -1 21 
-9 1 1 15 -1 21 -1 12 15 18 
167 0 1 23 -1 24 -1 9 16 23 
-260 0 3 5 12 19 26 12 15 18 
-49 1 4 19 20 21 22 9 -1 14 
-2 0 3 11 12 13 26 1 2 3 
-133 1 0 6 11 16 -1 20 -1 21 
-48 0 3 10 12 14 26 18 20 22 
8 0 1 12 -1 13 -1 17 18 19 
-27 1 1 10 -1 13 -1 17 18 19 
194 1 1 13 -1 15 -1 16 19 22 
489 0 4 5 9 13 17 5 -1 20 
63 1 4 17 18 19 20 3 -1 9 
92 0 3 1 4 7 26 17 20 23 
-22 0 4 18 19 20 21 0 -1 5 
36 0 3 0 1 2 26 16 19 22 
-45 0 3 4 8 12 26 1 2 3 
-148 1 1 5 -1 8 -1 8 11 14 
-250 0 1 15 -1 16 -1 6 14 22 
-118 1 0 15 18 21 -1 11 -1 13 
76 0 1 20 -1 22 -1 0 7 14 
226 0 4 15 16 17 18 10 -1 20 
1564 1 3 6 14 22 26 3 10 17 
71 0 0 12 13 14 -1 7 -1 11 
-42 0 2 16 17 18 19 2 -1 6 
6 0 0 5 6 7 -1 0 -1 1 
-9 1 4 9 10 11 12 16 -1 17 
-1 0 0 11 12 13 -1 0 -1 1 
-12 1 3 9 11 13 26 13 14 15 
-18 1 1 0 -1 15 -1 4 5 6 
63 0 1 14 -1 19 -1 4 5 6 
24 1 2 16 17 18 19 3 -1 5 
-302 0 4 4 8 12 16 1 -1 22 
-278 0 0 4 8 12 -1 7 -1 11 
-521 1 0 2 9 16 -1 7 -1 21 
-9 1 1 4 -1 6 -1 10 12 14 
143 0 0 0 2 4 -1 12 -1 21 
12 1 1 1 -1 3 -1 0 1 2 
235 0 0 20 22 24 -1 0 -1 1 
418 1 4 11 13 15 17 2 -1 10 
2160 0 1 0 -1 3 -1 5 14 23 
-40 0 4 15 16 17 18 18 -1 24 
65 0 1 15 -1 18 -1 7 8 9 
3 1 1 3 -1 8 -1 19 20 21 
-17 1 4 6 7 8 9 17 -1 20 
-105 0 4 4 6 8 10 18 -1 24 
-57 1 1 9 -1 13 -1 16 17 18 
0 0 0 16 17 18 -1 9 -1 10 
2 0 3 0 1 2 26 20 21 22 
-48 0 4 17 18 19 20 4 -1 9 
81 0 4 14 15 16 17 7 -1 15 
0 0 1 22 -1 23 -1 1 2 3 
-26 1 4 14 15 16 17 11 -1 17 
-132 0 1 9 -1 12 -1 12 17 22 
-101 1 3 3 5 7 26 16 19 22 
-62 0 2 5 6 7 8 8 -1 15 
-36 1 3 11 17 23 26 21 22 23 
-20 0 4 17 18 19 20 17 -1 20 
-41 1 1 17 -1 21 -1 16 19 22 
185 0 1 18 -1 24 -1 17 20 23 
-144 0 3 9 13 17 26 15 18 21 
127 0 3 15 17 19 26 16 19 22 
16 1 1 14 -1 23 -1 19 20 21 
-361 0 4 12 16 20 24 6 -1 22 
58 0 0 8 9 10 -1 11 -1 13 
544 1 4 14 17 20 23 6 -1 12 
183 0 4 2 4 6 8 7 -1 15 

200
0.00528724
4.72897e-005 6.82389e-005 6.68718e-005 6.53521e-005 5.17802e-005 3.72616e-005 5.02705e-005 6.64527e-005 4.22432e-005 4.99891e-005 4.27277e-005 3.51794e-005 4.44415e-005 4.76169e-005 0.00054743 0.000112674 8.18079e-005 7.60228e-005 5.52165e-005 6.31256e-005 4.70694e-005 8.14943e-005 4.40591e-005 5.25675e-005 5.8274e-005 7.51996e-005 4.75552e-005 0.000106885 5.29554e-005 5.58833e-005 8.46688e-005 3.77957e-005 3.33583e-005 5.54122e-005 4.01802e-005 7.45351e-005 7.55567e-005 5.2944e-005 7.86215e-005 6.69088e-005 6.13748e-005 7.73921e-005 6.55237e-005 3.44489e-005 6.58591e-005 5.15589e-005 8.93358e-005 6.88294e-005 7.3768e-005 3.41736e-005 7.86122e-005 6.24458e-005 3.31835e-005 8.37322e-005 6.08676e-005 5.60047e-005 7.00546e-005 4.30803e-005 9.08869e-005 2.79938e-005 6.51865e-005 6.90138e-005 6.58333e-005 7.25342e-005 4.94716e-005 5.4873e-005 6.92504e-006 5.2849e-005 7.50153e-005 3.92125e-005 3.52051e-005 3.46896e-005 4.74491e-005 6.10469e-005 5.63412e-005 5.80239e-005 5.12448e-005 5.46793e-005 7.15259e-005 5.41533e-005 5.71776e-005 -4.01966e-005 9.24595e-005 4.03425e-005 5.39143e-005 6.11901e-005 4.10959e-005 5.65512e-005 3.35213e-005 4.76878e-005 3.22317e-005 5.72217e-005 6.31721e-005 5.02445e-005 6.78464e-005 8.42072e-005 7.51245e-005 7.54701e-005 5.29651e-005 1.98994e-005 4.04963e-005 4.6604e-005 4.67543e-005 6.80461e-005 6.69916e-005 0.000101274 5.45017e-005 6.7638e-005 6.10102e-005 -5.56827e-006 4.6516e-005 9.23995e-005 6.61028e-005 4.31313e-005 3.56184e-005 6.08844e-005 5.41602e-005 7.80882e-005 6.55392e-005 7.62089e-005 3.88646e-005 7.6002e-005 1.16098e-005 3.49142e-005 7.67254e-005 4.66623e-005 8.97711e-005 9.82817e-005 4.82126e-005 7.8532e-005 0.00010132 7.71263e-005 4.62109e-005 3.78754e-005 2.1705e-005 5.26515e-005 3.39262e-005 3.90333e-005 5.8542e-005 9.71631e-005 3.30674e-005 3.09742e-005 3.48058e-005 5.60242e-005 3.52218e-006 4.74864e-005 4.387e-005 6.21208e-005 8.05731e-005 6.05046e-005 5.28391e-005 4.39979e-005 7.87968e-005 2.41681e-005 7.56454e-005 7.10485e-005 4.70299e-005 5.47459e-005 -2.98309e-005 7.02811e-005 5.29871e-005 6.66947e-005 5.07219e-005 7.50077e-005 7.21566e-005 5.65404e-005 7.29445e-005 4.29849e-005 5.26519e-005 8.00762e-005 4.65296e-005 3.612e-005 4.6598e-005 4.04699e-005 3.87966e-005 9.42186e-006 3.3668e-005 4.71713e-005 6.01304e-005 9.80769e-005 8.34954e-005 6.38236e-005 4.26655e-005 3.8091e-005 6.7946e-005 3.4098e-005 5.49406e-005 5.73252e-006 3.77432e-005 3.98652e-005 2.72426e-005 -1.2448e-005 1.91854e-005 3.76619e-005 4.60216e-005 1.27284e-005 3.16082e-005 2.62254e-005 4.02106e-005 7.10674e-006 
415 0 3 10 14 18 26 4 9 14 
-229 1 0 12 18 24 -1 0 -1 1 
-200 1 2 9 11 13 15 5 -1 16 
87 0 3 5 7 9 26 16 19 22 
-65 1 3 14 16 18 26 16 19 22 
12 0 3 7 9 11 26 19 20 21 
-10 1 1 19 -1 21 -1 10 12 14 
-187 1 4 0 2 4 6 5 -1 20 
309 0 0 0 2 4 -1 0 -1 11 
135 1 3 4 11 18 26 3 10 17 
30 0 3 15 19 23 26 21 22 23 
12 0 3 4 5 6 26 7 10 13 
55 0 4 12 13 14 15 9 -1 14 
51 0 1 18 -1 20 -1 3 10 17 
-196 0 4 5 9 13 17 1 -1 22 
-321 0 0 6 12 18 -1 6 -1 8 
32 0 2 12 13 14 15 7 -1 11 
27 0 0 3 6 9 -1 0 -1 1 
-10 1 1 16 -1 17 -1 5 6 7 
89 1 0 4 8 12 -1 9 -1 10 
-116 1 0 1 2 3 -1 7 -1 21 
546 1 0 12 16 20 -1 10 -1 16 
-25 1 2 19 20 21 22 6 -1 8 
-18 1 4 21 22 23 24 9 -1 14 
-18 1 1 9 -1 12 -1 21 22 23 
308 1 1 9 -1 13 -1 5 10 15 
69 0 2 0 8 16 24 0 -1 1 
-15 0 1 11 -1 13 -1 8 9 10 
-152 0 4 5 9 13 17 2 -1 20 
76 1 2 4 5 6 7 0 -1 11 
97 0 4 16 17 18 19 9 -1 14 
18 1 3 6 9 12 26 0 1 2 
666 0 0 20 22 24 -1 0 -1 21 
-32 0 4 16 17 18 19 0 -1 5 
48 0 2 12 14 16 18 11 -1 13 
33 0 2 7 10 13 16 11 -1 13 
-6 1 0 19 20 21 -1 11 -1 13 
23 0 2 13 15 17 19 1 -1 8 
-27 1 0 11 12 13 -1 6 -1 8 
-225 0 3 0 12 24 26 10 12 14 
36 0 0 11 12 13 -1 7 -1 11 
-230 0 0 7 9 11 -1 0 -1 21 
-190 1 3 4 7 10 26 18 20 22 
-35 0 3 14 18 22 26 11 12 13 
-17 1 1 11 -1 12 -1 13 14 15 
18 1 4 10 11 12 13 18 -1 24 
81 0 2 11 12 13 14 8 -1 15 
378 1 4 5 11 17 23 12 -1 15 
65 0 1 8 -1 18 -1 16 17 18 
485 1 3 5 11 17 26 0 5 10 
-168 1 3 16 19 22 26 16 19 22 
-257 0 1 7 -1 10 -1 11 14 17 
4 0 4 5 9 13 17 3 -1 19 
-94 0 4 18 19 20 21 14 -1 24 
38 0 4 6 7 8 9 16 -1 17 
11 1 4 18 19 20 21 16 -1 17 
332 0 3 17 19 21 26 13 18 23 
-83 0 2 9 12 15 18 0 -1 1 
16 0 4 4 5 6 7 16 -1 17 
-2 1 1 6 -1 7 -1 13 14 15 
5 0 1 14 -1 19 -1 3 4 5 
-30 1 0 12 15 18 -1 3 -1 5 
92 0 0 17 19 21 -1 10 -1 16 
37 1 4 18 19 20 21 4 -1 9 
-87 1 0 22 23 24 -1 2 -1 6 
-11 0 4 3 4 5 6 21 -1 22 
0 0 1 0 -1 1 -1 0 1 2 
27 0 4 3 4 5 6 16 -1 17 
-234 0 2 6 10 14 18 4 -1 5 
-32 1 1 8 -1 10 -1 12 15 18 
-281 1 4 15 16 17 18 7 -1 15 
-26 0 4 12 13 14 15 4 -1 9 
-1 1 0 15 16 17 -1 0 -1 1 
93 0 4 3 4 5 6 5 -1 10 
46 1 3 6 14 22 26 0 1 2 
-45 1 4 3 4 5 6 4 -1 9 
28 0 0 6 9 12 -1 3 -1 5 
177 0 2 0 8 16 24 3 -1 5 
36 1 4 12 13 14 15 0 -1 5 
-779 1 3 2 5 8 26 10 16 22 
46 1 4 19 20 21 22 4 -1 9 
-52 0 4 5 9 13 17 5 -1 20 
-139 0 4 3 5 7 9 18 -1 24 
-18 1 1 17 -1 18 -1 7 8 9 
-57 0 3 8 14 20 26 0 1 2 
34 0 0 1 3 5 -1 11 -1 13 
-22 1 4 4 5 6 7 17 -1 20 
-5 1 4 9 10 11 12 17 -1 20 
2 0 1 23 -1 24 -1 5 6 7 
-34 0 2 17 18 19 20 7 -1 11 
58 0 0 22 23 24 -1 0 -1 1 
88 1 3 3 13 23 26 9 10 11 
29 0 2 9 10 11 12 7 -1 11 
-22 0 4 0 1 2 3 0 -1 5 
-164 1 0 0 4 8 -1 11 -1 13 
-551 0 0 4 8 12 -1 10 -1 16 
703 0 3 9 16 23 26 17 20 23 
-26 0 4 19 20 21 22 17 -1 20 
-201 1 3 7 9 11 26 6 12 18 
1 0 0 0 1 2 -1 5 -1 6 
14 0 4 0 3 6 9 0 -1 5 
-7 1 1 6 -1 7 -1 5 6 7 
-74 1 4 5 6 7 8 5 -1 10 
-52 0 4 9 10 11 12 0 -1 5 
-61 1 3 14 15 16 26 7 10 13 
-70 0 4 7 8 9 10 0 -1 5 
-19 1 4 7 8 9 10 4 -1 9 
104 0 4 7 8 9 10 5 -1 10 
-36 0 4 8 9 10 11 12 -1 15 
-1 0 3 0 1 2 26 0 1 2 
-248 1 0 0 1 2 -1 0 -1 11 
-439 0 3 2 11 20 26 15 18 21 
-14 1 1 12 -1 13 -1 17 18 19 
-9 0 4 21 22 23 24 0 -1 5 
20 0 3 14 16 18 26 14 16 18 
-2 1 0 4 7 10 -1 6 -1 18 
7 0 0 5 6 7 -1 11 -1 13 
7 1 1 2 -1 4 -1 12 13 14 
456 0 1 0 -1 5 -1 17 20 23 
-117 0 1 15 -1 16 -1 12 15 18 
75 0 3 1 2 3 26 1 12 23 
-115 1 1 14 -1 18 -1 10 14 18 
0 0 1 4 -1 5 -1 0 1 2 
-163 0 4 6 9 12 15 5 -1 20 
43 1 4 8 9 10 11 9 -1 14 
1968 0 1 20 -1 23 -1 5 14 23 
-514 0 0 13 15 17 -1 1 -1 18 
63 0 2 13 15 17 19 7 -1 11 
10 0 2 10 11 12 13 7 -1 11 
259 1 0 7 12 17 -1 7 -1 11 
4431 0 0 4 12 20 -1 0 -1 21 
313 1 0 13 17 21 -1 7 -1 11 
8 0 2 8 9 10 11 6 -1 8 
-136 1 3 12 17 22 26 5 14 23 
4 0 0 2 3 4 -1 0 -1 1 
-4 1 2 4 5 6 7 11 -1 13 
-3 1 3 22 23 24 26 19 20 21 
11 1 1 21 -1 23 -1 0 1 2 
-270 1 3 21 22 23 26 1 12 23 
33 1 4 13 14 15 16 17 -1 20 
-8 1 2 20 21 22 23 5 -1 6 
-3 0 4 19 20 21 22 1 -1 2 
-573 1 0 0 4 8 -1 13 -1 20 
7 1 2 3 4 5 6 11 -1 13 
0 0 4 17 18 19 20 1 -1 2 
-4 1 1 17 -1 18 -1 11 12 13 
20 1 4 15 16 17 18 18 -1 24 
1046 0 4 5 8 11 14 5 -1 20 
8 1 1 17 -1 20 -1 13 14 15 
29 0 4 5 6 7 8 16 -1 17 
-689 0 1 5 -1 8 -1 5 14 23 
-27 1 4 5 6 7 8 17 -1 20 
13 0 1 10 -1 18 -1 7 8 9 
291 1 2 9 14 19 24 6 -1 8 
-510 1 4 12 16 20 24 1 -1 2 
35 1 2 12 13 14 15 18 -1 20 
42 0 2 13 14 15 16 7 -1 11 
-59 0 2 16 17 18 19 0 -1 11 
615 0 4 4 9 14 19 1 -1 22 
45 1 4 14 15 16 17 18 -1 24 
57 0 3 12 18 24 26 16 17 18 
-617 0 3 3 13 23 26 5 10 15 
-31 1 2 8 9 10 11 11 -1 13 
-2 1 1 6 -1 8 -1 12 15 18 
29 0 4 7 8 9 10 16 -1 17 
-95 0 4 12 14 16 18 4 -1 9 
-2402 1 0 2 12 22 -1 11 -1 23 
11 1 2 13 14 15 16 20 -1 21 
-190 1 3 4 6 8 26 16 19 22 
75 1 3 1 7 13 26 11 12 13 
-17 1 3 19 20 21 26 10 14 18 
1 0 1 14 -1 15 -1 0 1 2 
-33 1 1 5 -1 7 -1 10 12 14 
82 0 1 6 -1 8 -1 4 11 18 
-13 1 2 1 2 3 4 0 -1 11 
-1 0 0 11 12 13 -1 0 -1 1 
49 0 3 4 8 12 26 17 18 19 
-8 0 4 4 5 6 7 1 -1 2 
864 0 3 0 4 8 26 13 18 23 
-755 0 3 6 13 20 26 0 5 10 
58 0 0 9 14 19 -1 0 -1 1 
-25 1 0 10 15 20 -1 6 -1 8 
5 0 4 1 6 11 16 9 -1 14 
-32 1 4 16 17 18 19 11 -1 17 
1272 1 4 1 5 9 13 4 -1 9 
-614 1 1 6 -1 15 -1 0 3 6 
-84 0 4 1 2 3 4 1 -1 12 
1 0 3 1 2 3 26 1 2 3 
102 0 0 14 18 22 -1 3 -1 5 
-55 0 3 10 17 24 26 10 12 14 
-3 1 0 19 20 21 -1 9 -1 10 
1 0 4 0 1 2 3 1 -1 2 
0 0 4 12 13 14 15 1 -1 2 
238 0 4 13 14 15 16 9 -1 14 
22 1 2 9 11 13 15 0 -1 1 
1 0 4 11 12 13 14 1 -1 2 
-20 1 1 5 -1 10 -1 15 16 17 
-4 1 4 15 16 17 18 8 -1 9 
3 0 1 1 -1 5 -1 7 8 9 
0 0 3 20 21 22 26 20 21 22 

200
0.00524932
4.43796e-005 4.14159e-005 6.81117e-005 5.94078e-005 6.13026e-005 7.05748e-005 5.12773e-005 5.79968e-005 5.93989e-005 7.29629e-005 6.64946e-005 3.00726e-005 5.62931e-005 6.11809e-005 0.000441632 9.82554e-005 5.88976e-005 3.66707e-005 5.91939e-005 3.26937e-005 5.30604e-005 4.84929e-005 5.64464e-005 5.07571e-005 4.85805e-005 4.88559e-005 4.57856e-005 3.36051e-005 6.46075e-005 4.39543e-005 5.13804e-005 3.11462e-005 4.58036e-005 7.42156e-005 3.83011e-005 5.48996e-005 7.5932e-005 5.0946e-005 2.86142e-005 3.3068e-005 1.9999e-005 9.79531e-005 1.6271e-005 7.17515e-005 5.7678e-005 2.96643e-005 4.67952e-005 6.35506e-005 5.29258e-005 6.73649e-005 7.26333e-005 4.82825e-005 2.95363e-005 7.68764e-005 8.15977e-005 4.23917e-005 7.296e-005 4.99309e-005 4.59385e-005 4.52056e-005 6.61796e-005 5.23848e-005 6.25389e-005 5.05958e-005 5.93702e-005 5.40645e-005 6.72692e-005 4.81406e-005 7.18646e-005 3.85705e-005 3.83839e-005 7.29389e-005 5.27035e-005 5.75466e-005 7.11359e-005 2.27455e-005 7.03767e-005 5.0184e-005 4.55511e-005 5.79911e-005 5.1875e-005 6.12135e-005 8.97966e-005 6.74056e-005 4.84887e-005 6.32581e-005 9.35566e-006 2.89791e-005 5.44766e-005 6.13291e-005 -2.62481e-005 9.4716e-005 4.23691e-005 7.77784e-005 1.24588e-005 4.90912e-005 8.80828e-005 2.92642e-005 5.99957e-005 5.63913e-005 4.38722e-005 5.31359e-005 1.66319e-005 4.57358e-005 3.08508e-005 6.94319e-005 5.17514e-005 5.59623e-005 5.569e-005 7.49388e-005 6.18828e-005 6.05198e-005 4.6597e-005 5.65119e-005 6.98527e-005 8.89803e-005 8.82538e-005 7.61644e-005 4.11982e-005 2.33526e-005 7.10953e-005 2.35455e-005 5.77509e-005 3.17672e-005 3.04897e-005 3.63092e-005 6.72268e-005 4.06166e-005 0.000105866 5.99319e-005 0.000139705 5.8816e-005 4.79846e-005 7.27093e-005 6.68228e-005 4.7684e-005 5.78991e-005 5.1452e-005 5.40128e-005 6.78423e-005 8.26556e-005 3.18269e-005 2.91003e-005 6.92733e-006 4.896e-005 7.62505e-005 4.153e-005 2.67473e-005 4.45407e-005 3.52319e-005 4.02839e-005 5.10574e-005 5.83404e-005 5.70794e-005 5.27721e-005 3.4787e-005 4.82498e-005 4.00161e-005 3.93983e-005 5.75595e-005 3.35452e-005 5.7417e-005 5.96772e-005 6.14184e-005 4.02451e-005 6.11269e-005 9.49039e-005 3.75198e-005 5.42138e-005 2.66317e-005 4.4748e-005 6.7274e-005 5.31372e-005 6.50298e-005 3.08518e-005 6.40097e-005 3.44742e-005 5.36761e-005 5.80096e-005 4.35365e-005 7.54574e-005 -7.48915e-006 8.84329e-005 5.10783e-005 4.48792e-005 6.25871e-005 5.01665e-005 5.53731e-005 5.45618e-005 4.53802e-005 5.16533e-005 5.09757e-005 4.53218e-005 9.02251e-005 7.9684e-005 3.81165e-005 4.32963e-005 1.6786e-005 4.71712e-005 3.48857e-005 
-978 1 2 6 10 14 18 1 -1 8 
-194 1 0 14 19 24 -1 0 -1 1 
-32 1 4 20 21 22 23 9 -1 14 
13 0 0 14 16 18 -1 11 -1 13 
-601 1 2 0 4 8 12 1 -1 18 
-109 1 4 0 2 4 6 5 -1 10 
-17 1 0 12 13 14 -1 6 -1 8 
34 0 2 7 9 11 13 11 -1 13 
-53 1 1 17 -1 20 -1 17 20 23 
8 0 1 10 -1 11 -1 16 19 22 
-61 1 4 11 12 13 14 9 -1 14 
-5 0 1 16 -1 18 -1 0 1 2 
11 0 1 11 -1 12 -1 13 14 15 
145 1 3 9 13 17 26 13 16 19 
-196 0 4 5 9 13 17 1 -1 22 
-53 0 2 9 11 13 15 0 -1 1 
83 0 1 16 -1 20 -1 7 8 9 
3 0 0 5 6 7 -1 0 -1 1 
-4 1 0 4 5 6 -1 6 -1 8 
0 0 0 8 9 10 -1 0 -1 1 
-440 1 0 0 3 6 -1 11 -1 23 
12 1 4 16 17 18 19 17 -1 20 
-19 1 1 5 -1 6 -1 16 19 22 
-12 1 1 19 -1 20 -1 9 12 15 
28 0 3 4 8 12 26 21 22 23 
-10 1 4 19 20 21 22 12 -1 15 
-4 0 4 2 3 4 5 1 -1 2 
4 0 0 2 3 4 -1 0 -1 1 
12 0 4 16 17 18 19 13 -1 14 
-35 0 4 20 21 22 23 2 -1 10 
743 0 1 19 -1 24 -1 9 16 23 
-35 0 2 7 9 11 13 0 -1 1 
5 0 1 6 -1 7 -1 3 4 5 
-129 0 0 6 9 12 -1 1 -1 18 
125 0 4 15 16 17 18 6 -1 12 
-242 0 3 4 11 18 26 12 15 18 
-37 1 2 0 1 2 3 3 -1 5 
223 1 3 5 11 17 26 11 14 17 
-38 1 3 11 14 17 26 15 16 17 
5 1 2 5 6 7 8 11 -1 13 
2361 0 2 0 8 16 24 16 -1 23 
393 1 4 3 5 7 9 18 -1 24 
-144 0 4 5 9 13 17 2 -1 20 
-43 0 4 16 17 18 19 18 -1 24 
32 0 3 13 14 15 26 7 10 13 
-12 0 3 10 13 16 26 1 2 3 
142 0 2 0 1 2 3 0 -1 11 
953 1 3 3 13 23 26 4 9 14 
-44 1 4 6 7 8 9 17 -1 20 
-10 0 1 20 -1 23 -1 7 8 9 
60 0 2 11 12 13 14 7 -1 11 
41 1 2 11 12 13 14 15 -1 21 
-96 1 3 3 4 5 26 17 20 23 
18 1 4 8 9 10 11 12 -1 15 
145 0 1 5 -1 19 -1 9 10 11 
-11 0 4 8 9 10 11 13 -1 14 
-155 1 3 5 7 9 26 16 19 22 
-135 0 2 7 10 13 16 18 -1 20 
-3 1 0 16 17 18 -1 0 -1 1 
-180 1 2 18 20 22 24 0 -1 11 
225 1 2 15 17 19 21 0 -1 11 
248 0 0 16 20 24 -1 11 -1 13 
268 1 2 12 14 16 18 1 -1 8 
271 0 2 20 21 22 23 0 -1 21 
-45 0 2 12 14 16 18 0 -1 1 
41 0 2 9 10 11 12 0 -1 11 
-212 1 2 8 10 12 14 6 -1 18 
-20 0 4 19 20 21 22 0 -1 5 
23 0 2 10 11 12 13 7 -1 11 
11 1 1 1 -1 5 -1 11 12 13 
26 0 1 6 -1 7 -1 5 6 7 
71 1 3 12 13 14 26 13 18 23 
-88 1 4 4 5 6 7 4 -1 9 
-22 0 4 5 6 7 8 0 -1 5 
72 0 4 4 5 6 7 5 -1 10 
176 1 1 9 -1 12 -1 12 17 22 
19 0 1 12 -1 14 -1 16 17 18 
19 0 4 15 17 19 21 13 -1 14 
-28 0 2 13 14 15 16 2 -1 6 
129 0 4 6 7 8 9 4 -1 9 
35 1 4 15 16 17 18 0 -1 5 
140 0 3 22 23 24 26 10 14 18 
-51 0 4 7 8 9 10 12 -1 15 
51 0 1 10 -1 15 -1 15 16 17 
22 1 1 11 -1 13 -1 8 9 10 
-53 1 4 14 15 16 17 9 -1 14 
0 0 3 4 5 6 26 15 16 17 
6 0 1 15 -1 16 -1 8 9 10 
-72 1 4 13 14 15 16 9 -1 14 
55 1 4 12 13 14 15 3 -1 9 
6 0 4 5 9 13 17 3 -1 19 
-22 0 2 5 6 7 8 9 -1 10 
126 0 0 19 21 23 -1 0 -1 1 
55 1 2 5 6 7 8 7 -1 11 
0 0 1 0 -1 1 -1 0 1 2 
242 0 2 1 2 3 4 4 -1 15 
-16 0 4 3 4 5 6 1 -1 2 
-210 1 3 0 1 2 26 0 11 22 
67 1 4 21 22 23 24 3 -1 9 
233 0 2 2 3 4 5 4 -1 15 
-28 0 4 17 18 19 20 18 -1 24 
-67 1 3 10 11 12 26 6 14 22 
0 0 4 18 19 20 21 21 -1 22 
-98 1 1 1 -1 22 -1 5 6 7 
-1 1 4 17 19 21 23 16 -1 17 
-20 1 0 10 13 16 -1 20 -1 21 
12 1 2 18 19 20 21 8 -1 15 
89 0 1 14 -1 19 -1 5 6 7 
259 1 2 6 8 10 12 1 -1 8 
6 0 2 8 9 10 11 0 -1 11 
-220 1 2 7 9 11 13 8 -1 15 
-15 0 2 7 8 9 10 2 -1 6 
-8 1 0 18 19 20 -1 11 -1 13 
273 0 0 6 15 24 -1 20 -1 21 
47 1 3 11 12 13 26 14 18 22 
79 0 2 8 10 12 14 6 -1 8 
294 1 0 10 14 18 -1 4 -1 15 
29 0 0 9 12 15 -1 20 -1 21 
58 1 3 9 11 13 26 17 20 23 
64 0 0 22 23 24 -1 0 -1 1 
15 1 2 16 17 18 19 9 -1 10 
4 0 3 6 7 8 26 16 17 18 
46 0 1 0 -1 2 -1 1 6 11 
-3 1 4 21 22 23 24 13 -1 14 
7 0 1 7 -1 9 -1 9 10 11 
-20 1 0 0 2 4 -1 0 -1 1 
-35 0 2 5 6 7 8 3 -1 5 
-13 0 4 6 10 14 18 2 -1 20 
61 1 4 14 15 16 17 17 -1 20 
986 0 4 6 9 12 15 1 -1 22 
611 1 1 9 -1 15 -1 5 12 19 
-33 1 4 12 13 14 15 9 -1 14 
9 1 4 10 11 12 13 14 -1 24 
147 0 3 0 1 2 26 12 15 18 
-27 0 4 18 19 20 21 17 -1 20 
-27 1 4 7 8 9 10 17 -1 20 
-712 0 4 5 9 13 17 0 -1 5 
-47 1 3 18 19 20 26 16 19 22 
14 1 2 10 11 12 13 20 -1 21 
-583 1 0 2 7 12 -1 2 -1 6 
19 1 0 16 17 18 -1 9 -1 10 
58 0 3 12 17 22 26 21 22 23 
-4 0 4 10 11 12 13 21 -1 22 
1 0 3 21 22 23 26 11 12 13 
77 0 2 12 13 14 15 7 -1 11 
229 1 1 9 -1 12 -1 14 18 22 
42 0 1 9 -1 12 -1 17 18 19 
-3 0 3 3 4 5 26 15 16 17 
-127 0 2 6 10 14 18 5 -1 6 
61 0 3 8 11 14 26 0 3 6 
0 0 0 7 8 9 -1 4 -1 5 
-87 1 3 0 8 16 26 17 18 19 
-43 0 4 17 18 19 20 0 -1 5 
-46 1 0 10 11 12 -1 7 -1 11 
-147 0 3 15 18 21 26 0 7 14 
-4 1 3 14 15 16 26 4 5 6 
39 0 1 4 -1 5 -1 3 10 17 
9 0 0 5 6 7 -1 18 -1 20 
-7 1 1 23 -1 24 -1 7 10 13 
-7 0 4 12 13 14 15 21 -1 22 
-84 1 3 21 22 23 26 9 14 19 
37 1 4 12 13 14 15 18 -1 24 
-21 1 4 17 18 19 20 12 -1 15 
10 0 4 17 18 19 20 13 -1 14 
10 1 4 17 18 19 20 16 -1 17 
-269 1 3 3 6 9 26 15 18 21 
-171 0 4 13 15 17 19 3 -1 9 
-67 1 2 20 21 22 23 0 -1 11 
-74 1 4 1 3 5 7 4 -1 9 
-4 0 4 2 3 4 5 21 -1 22 
-65 1 3 1 2 3 26 14 18 22 
-116 0 4 8 12 16 20 13 -1 14 
-72 1 1 5 -1 8 -1 7 8 9 
393 1 0 12 16 20 -1 10 -1 16 
-589 0 2 0 7 14 21 1 -1 8 
18 0 1 16 -1 23 -1 8 9 10 
-13 1 4 6 7 8 9 16 -1 17 
-11 0 2 12 13 14 15 20 -1 21 
-68 1 4 15 16 17 18 7 -1 15 
34 0 4 15 16 17 18 12 -1 15 
52 1 4 14 15 16 17 3 -1 9 
-52 0 4 5 9 13 17 5 -1 20 
79 1 4 7 8 9 10 9 -1 14 
47 0 4 14 15 16 17 6 -1 12 
3 1 1 2 -1 4 -1 12 13 14 
251 0 4 5 8 11 14 2 -1 20 
-37 0 2 10 11 12 13 16 -1 23 
-25 1 0 16 19 22 -1 9 -1 10 
20 0 1 20 -1 22 -1 3 6 9 
23 0 0 18 20 22 -1 4 -1 5 
194 1 3 3 11 19 26 3 6 9 
-17 1 1 8 -1 9 -1 5 6 7 
-47 0 4 19 20 21 22 14 -1 24 
8022 0 0 4 13 22 -1 0 -1 21 
523 1 2 0 6 12 18 6 -1 8 
-479 1 1 8 -1 17 -1 0 3 6 
-8 0 4 1 2 3 4 21 -1 22 
23 0 2 3 10 17 24 0 -1 1 
-13 0 2 9 10 11 12 20 -1 21 
-271 1 2 11 12 13 14 4 -1 15 

