-2.6596324234409 0.296596638178124
-2.12205462252978 0.286191594943324
-2.15440340822787 0.318090245599358
-1.74219238509299 0.531246214220677
-1.4919519355267 0.378000260735883
-1.97742017584902 0.584420489971391
-1.67436729900297 0.526538176701482
-1.80903425680815 0.497799153703892
-2.44989356228044 0.516415513880497
-1.75976639736485 0.474192326954502
-2.03044159064517 0.255457342496608
-1.30894601321126 0.770443159500702
-1.15417656759969 0.699048082821104
-0.906760924657879 0.904705040435399
-0.809378897867435 0.766264737845815
-0.474550844977282 0.952125493145181
-0.144268307481003 0.837301530033637
-0.0719511512454317 0.605945801186234
0.124897482396259 0.719581204222714
0.295191543731218 0.607416854211038
0.152278851097261 0.440365558501263
0.675873284065607 0.885202083073625
0.987341128810081 0.829588700558775
1.00802974466032 0.152199357232216
0.522850866863959 0.0844080777986746
1.48260138632837 0.315385980459456
1.42736833319162 0.450839495543409
1.41080825369282 0.193324279131266
2.04198593093254 0.681382012583965
2.73656353377809 1.11947526368876
2.69478079674303 0.977147009166512
2.41333395339904 0.830388220898408
2.35777610316009 0.954391940162625
2.13988364734716 0.473775141418136
1.83606581694941 1.45067559948856
2.11032116606941 1.13527718528276
1.58362059341066 1.06688922038829
2.05247664268847 0.875937544777271
2.69905658816696 1.10881022903249
2.01693992336944 0.683403695154373
2.31407090688614 1.72718346073138
1.69110833379072 1.08737048016164
1.16438081808955 1.32280439451098
1.59474172695677 0.671496445836659
1.46647744540136 0.627262357176989
1.20925535828511 0.579735744573783
1.32011411755313 0.595063278099021
1.22128599546063 0.618782662648008
1.13264739094821 0.939956917546041
0.964556311593964 0.301371730737211
1.403936008703 0.38888109830014
1.7662663173447 0.344139295683673
0.68961353520558 0.759380072219599
0.908619458584307 0.861080133675373
0.23199368909651 0.804005651390741
0.1901375326123 0.604067104267695
0.033692428840699 0.346788456371919
0.455097079630266 0.593713284952822
-0.409449448185959 0.661748980939857
-0.486969979607307 0.426140382702684
-0.836921454285304 0.274797500395686
-1.68304549579096 0.546429039210599
-0.849967738787421 0.660846570177777
-0.792936231472353 0.580421484971091
-1.3401728256506 0.38203049487183
-1.48213823517347 0.278574906263504
-1.8942168844445 0.290004026569671
-1.92122856060317 0.482061831888803
-2.3642370714956 0.318453537609469
-1.80713545574997 0.456456546259209
-2.50675184760881 0.423969098574832
-1.90389984532329 0.294913674874657
-0.908046726684869 0.254909828954006
-1.06272323068567 0.282882807474809
-0.858027192090659 0.318554636918904
-0.29715137412526 0.286322866255912
-0.501312704690494 0.67071513665396
-0.41630061118175 0.470944610055744
0.0562727857285508 0.385541104466066
-0.0161016421869409 0.191059909815287
-0.225765291246127 0.121204911507932
-1.12511933076451 -0.128707026003279
-0.655221668070724 0.370088781166598
-1.19934602011342 0.165109977305706
-0.887884149699289 0.364140201338418
-1.44657037465854 0.312964739410669
-0.98515827533356 0.583241038264298
-1.41873464394296 0.318890908312021
-0.578007668652601 0.441914785253264
-0.246260809929471 0.801599722570002
0.386580856409745 0.885409596677885
0.900885513718474 1.14329818894457
-0.224930606703576 0.837627212283617
-0.0145050368765893 0.99437770183725
0.24486914549124 1.10232685058598
