-0.4970908984592 0.0976377062843682
0.18840452591878 0.0339780565435275
-0.36520188287577 0.0529180288895564
-1.02856474578253 0.0617031379295555
-1.92135192819343 0.0144865283509925
-1.05900067245563 -0.0500700620699852
-0.350992602988045 -0.0472017693628867
-0.300119872525806 0.084026410259239
0.228839575475836 0.117786857572845
1.13466654971785 0.113879428187446
1.14469490980323 0.14845278025598
0.853872467327429 0.069174917405417
0.592696547086515 0.051644174503837
-0.125866152091925 0.0290482283107809
0.0929450632985435 -0.077572677699637
-0.0642633687103509 -0.0625398717394982
-0.0294126246235747 -0.0443617367680209
0.496301494020991 -0.0464607236843207
0.858638131158085 -0.0272770606303409
0.376078121802178 0.0307406111180372
0.0871268602169432 0.0539819588482829
-0.407391164517732 0.0585312724338223
-0.295500394702218 0.000740951367718998
0.0454930854018638 -0.0532712448208533
0.118615326140986 -0.00499946175737355
0.547349647691719 0.00960586038504449
0.438879630441775 0.11204113656202
0.910504926468437 0.121199156145629
1.08812092506505 0.0885467989854954
0.7553430985586 0.06408091974111
0.901032073209951 -0.0124664757420716
0.990176300324531 0.00167248118162795
0.0724790223079818 -0.036009871950505
0.0269566997047076 -0.0553051425254478
0.352249802648894 -0.0358716983980229
0.16796772212964 -0.0816200390499413
0.696079291290236 -0.049187813734399
0.707598748647779 0.0849695688461623
0.353507002309738 0.101314295715637
0.251381457766861 0.0659705687646671
0.610034207525653 0.0633992353446742
0.0056427798731114 -0.0134283352426258
0.305441043183344 -0.0226098564566645
0.477940531532319 0.00707760210359148
0.299155044879103 0.0364976481552104
0.15659445077917 0.0379606072557622
0.087302283425432 0.0813516690332488
-0.452913487121011 0.0364098298698968
-0.290033038037601 0.0153089838119003
-0.206531590796127 0.0490004879568657
-1.1145805923457 0.0712679070327761
-0.834751337601964 0.0657269023694839
-0.246791217144694 0.110565723464939
-0.456100342075256 0.129011031777882
-0.424114843727161 0.139644780573677
0.786071397245851 0.0841866441203131
0.951495482852376 0.0995037819572473
0.362482823144167 0.112410553813758
0.883869835979302 0.122836531928001
-0.0218401894570631 0.113123842213041
-0.400169575768204 -0.0083343392801869
-0.869514370084493 -0.0366618422876023
-0.182907932052742 -0.00907856316677184
-1.40765429933047 -0.0548610426780827
-0.422799169663481 -0.0486940757923857
-0.932432827529747 0.0387331635879674
-1.13688857702541 0.0739169076161448
-0.705873753764289 0.0768603754694455
-0.061398122971669 0.00976562181721671
-0.657690845832233 0.0553079748186473
-0.0934420957226001 0.0555454288678365
-0.212379031079143 0.103084279638902
-0.835277607227431 0.0464725666914661
-1.18097827675935 0.0328622892258965
-0.203315498640472 0.0863550324040611
-0.911849837733528 0.0285046466080532
0.0714264830570425 0.0257736971464194
0.630821857731772 0.135576128018945
1.07695231412449 0.0747118944251157
0.800719235154812 0.0720930449438568
1.23486243896734 0.0259370834547124
0.662573458468551 0.0400773643871509
0.282285179662605 -0.00226423474900812
0.750168113908135 -0.0505912567600697
0.487471859193636 -0.0566989771294393
0.855363564599594 -0.125509545831881
0.262783966318746 -0.0286034167375019
0.0995234336169312 0.0621593644730895
-0.484957459871937 0.00432666031421444
-0.95082302721983 0.00364433522347685
-1.68333187147326 -0.0679012293966251
-0.689150074554865 -0.087295771288898
-0.981112767885855 0.00973399214385659
-0.707569511446364 0.0933716722778498
0.261848375873459 0.128882098109185
1.00812794199339 0.0894140636835864
0.852556793263748 0.130261779706415
0.564950442943599 0.149934058205663
0.531006052100689 0.158456043513363
-0.1391983159372 0.0494682258394971
