-8.67361737988404E-18 -0.00857252782809265
0.0426829268292683 -0.0100988815197313
0.0731707317073171 0.00123893516664933
0.0792682926829268 -0.0113553457899608
0.0853658536585366 -0.00700944252049203
0.0609756097560976 -0.0034616960562672
0.0609756097560976 0.0254500219206912
0.0609756097560976 0.0162088947531437
0.0609756097560976 0.0231476549431307
0.0609756097560976 0.0452979696046841
0.0975609756097561 -0.00354083716742106
0.0609756097560976 0.0192215534135719
0.0304878048780488 -0.00288024276267588
-0.024390243902439 0.00677935006704042
-0.0975609756097561 0.0492928531738672
-0.0792682926829268 0.0209511550740421
-0.048780487804878 0.0105426191153982
-0.0426829268292683 0.0164720248335397
-0.0670731707317073 -0.0029229946637662
0.00609756097560976 -0.0102283754113247
0.024390243902439 -0.000456912726469288
6.93889390390723E-18 -0.0143614287294161
0.024390243902439 -0.0100934336966928
0.0853658536585366 -0.00560892821767843
0.0853658536585366 -0.00553978251829051
0 -0.00521615357360602
0.024390243902439 -0.0179976815824346
0.0182926829268293 0.0103971531101433
0.0365853658536585 0.00652654105521094
0.00609756097560976 0.00595598607155898
0.0975609756097561 -0.0132489988545962
0.134146341463415 0.0035734473434997
0.0914634146341464 -0.0145746215147566
0.0487804878048781 -0.00152786291723694
-0.0121951219512195 0.0139867427432784
-0.0121951219512195 0.0530460287304419
0 0.0592850783980204
0.0670731707317073 -0.00612903150674586
0.0548780487804878 0.00319217321204661
0.0670731707317073 -9.96992864051548E-05
0.0304878048780488 -0.00894288857833013
-0.0121951219512195 0.00949193135533231
-0.0670731707317073 -0.00760497256782374
-0.0548780487804878 0.00867385170333406
-0.024390243902439 0.0184760085296148
-0.0121951219512195 -0.00134155181905206
-0.00609756097560975 -0.0215538640047
0.0365853658536585 -0.015388528739146
0.0487804878048781 -0.0063624851572918
0.0853658536585366 -0.0154765771662115
0.0365853658536585 0.00359393625883082
0.0182926829268293 0.0130905162618712
0.0121951219512195 0.0187580695995614
-1.73472347597681E-18 0.0310359512387448
-0.0487804878048781 0.0331280789791718
-0.024390243902439 0.00265435334836163
-0.0121951219512195 0.0110165744828149
-0.024390243902439 0.000706329375714018
-0.0304878048780488 -0.00540322104141186
-0.024390243902439 -0.00339547030903409
-0.0182926829268293 0.00465580633764253
-0.024390243902439 0.00056244303222119
-0.0182926829268293 -0.00315928324822115
-0.00609756097560976 0.00382618375977245
-0.0121951219512195 0.000386810162626951
-0.0121951219512195 0.0027083640037468
-0.00609756097560975 6.94162364321023E-05
0.0121951219512195 0.00327180623817039
0.0182926829268293 0.0113847269290752
0.0304878048780488 0.00018010929749945
0.0182926829268293 0.00745078890070743
0.0121951219512195 0.00244298273502048
0 0.00968768240539902
0.00609756097560975 0.0219435072172684
0.0121951219512195 0.0142854949668803
0.0182926829268293 0.0146637074689734
0.0304878048780488 0.00969978495957581
0.024390243902439 0.00387601510059067
0.00609756097560976 0.0161503577173579
0.00609756097560976 0.00945083005878666
0 0.0151059271676049
-0.0121951219512195 0.0214166798803733
0.0121951219512195 0.00657191766583707
0.0548780487804878 0.0123086386129972
0.0670731707317073 0.00962824394680331
0.0731707317073171 0.00472611048366676
0.0609756097560976 0.00743739088225289
0.0365853658536585 0.0148948396066175
-0.00609756097560976 0.0371389490345123
-0.0304878048780488 0.0245783264664822
-0.0426829268292683 0.0273711868078669
-0.0121951219512195 0.0212354254859815
-0.0182926829268293 0.0101932550237646
-0.0121951219512195 0.00249779686334771
0.00609756097560975 -0.00236852728901271
0.00609756097560975 -7.11819999206671E-05
-0.0121951219512195 0.0076568292870789
-0.0182926829268293 -0.00805566066550388
-0.0182926829268293 0.00845432291128764
-0.0548780487804878 0.00958822285598616
-0.0304878048780488 0.00200681708132255
-0.024390243902439 0.00915704815609917
0 -0.000156023940611271
-0.0121951219512195 0.00383752655261307
0.0304878048780488 -0.00993561015862171
3.46944695195361E-18 0.00108431280588439
1.73472347597681E-18 -0.00821827483533686
-0.0121951219512195 0.00124445684202619
0.00609756097560976 0.00756537088609214
1.73472347597681E-18 0.0186528429865942
-0.00609756097560975 0.00127324113650713
-0.0121951219512195 0.00930006868994987
0.0121951219512195 -0.00122491922814484
0.00609756097560975 0.00771558322673196
-1.73472347597681E-18 0.0108182601086237
0.024390243902439 0.00201335641013611
0.0182926829268293 0.00733771469166571
0.00609756097560976 0.00136929499445433
-0.00609756097560976 0.000238386126352286
-0.00609756097560976 0.012997757832747
-0.00609756097560976 0.0177471629170306
0 0.00958943305563047
0.00609756097560976 0.0108530843294308
0.0182926829268293 0.00358373269145629
0.0182926829268293 0.00806953195580158
0.0121951219512195 0.00724720378475681
0.0121951219512195 0.00676402602254801
-0.00609756097560976 0.0148703737580538
0 0.0130580841854142
0.00609756097560976 0.014366758128131
0.00609756097560976 0.0128848640968482
0.00609756097560976 0.0108642645482409
0.0121951219512195 0.00401246879876052
0 0.011259293180016
-0.00609756097560976 0.00947439124357585
0.00609756097560976 0.00845106774151401
0.0121951219512195 0.0136798434295926
0.0121951219512195 0.00838828283311746
0.0121951219512195 0.00676402602254801
0.0182926829268293 0.00839313915392774
0.0121951219512195 0.0117800215223273
0.0121951219512195 0.0125913049083237
0.0182926829268293 0.0121415390526799
0.00609756097560976 0.0137563821493844
-0.00609756097560976 0.0142235257245278
-0.00609756097560976 0.00958005415827075
-0.0121951219512195 0.014537624197275
-0.024390243902439 0.0149769344255878
-0.0121951219512195 0.0069619946827456
-0.00609756097560976 0.00882658734287495
-0.0121951219512195 0.00403024332074399
-0.00609756097560976 0.00153267929496217
0 0.00292857306826692
0.00609756097560976 0.00743739088225289
0 0.00585415453580513
0 0.00412811938494794
-0.00609756097560976 0.0101938776544919
0 0.00619107822864916
-0.024390243902439 0.0119355086875029
-0.024390243902439 0.00810202926919576
-0.00609756097560975 0.008585383669516
-0.0182926829268293 0.00702166023796734
-0.0365853658536585 0.00628840349034565
-0.0182926829268293 -0.000873147839291915
-0.00609756097560976 0.00465796744154559
-0.024390243902439 0.00381565060269057
-0.0304878048780488 -0.00632981275132889
-0.024390243902439 0.00119829955597992
-0.024390243902439 0.00308667682923857
-0.024390243902439 0.000161626000982771
-3.46944695195361E-18 0.000998561196083114
0.024390243902439 0.00189036492505841
0.024390243902439 0.00317771227791578
0.024390243902439 -0.00306194806359831
0.0121951219512195 0.00171058799863371
-0.00609756097560976 0.0173221327219673
-0.00609756097560976 0.0164322207081023
0 0.0152778586206314
0 0.0170140042480986
0.00609756097560976 0.00661645407025464
0.00609756097560976 0.00621605155751551
0 0.00825498364903957
0.00609756097560976 0.00694360169928756
0.00609756097560976 0.0109129955613062
0.00609756097560976 0.0110355026381551
0.00609756097560976 0.00918650256359886
0 0.00888652063434104
-0.0121951219512195 0.0117800215223273
-0.00609756097560976 0.00941470551609446
-0.00609756097560976 0.0114414829521053
-0.00609756097560976 0.0110355026381551
0 0.00683817688398562
0.00609756097560976 0.00582613560273698
-0.0121951219512195 0.00757739949490337
-0.0182926829268293 0.00391034376604989
-0.00609756097560976 0.0085249835986752
-0.0121951219512195 0.0104188419524283
-0.00609756097560976 0.00918650256359886
0.0121951219512195 0.00417688597108351
0.0182926829268293 0.00501973686423772
0.00609756097560976 0.0065433359607259
0.0182926829268293 -0.00146960756623791
0.00609756097560976 0.0116896743558346
0 0.0129966457318606
-0.00609756097560976 0.00946668360136533
-0.0182926829268293 0.0131148015302187
-0.0182926829268293 0.0142235257245278
-0.0121951219512195 0.00693773564034765
-0.0121951219512195 0.0104061578947344
-0.00609756097560976 0.00543180759936563
-0.00609756097560976 0.00271845478446489
-0.00609756097560976 0.00582734540715836
-0.00609756097560976 0.000404010452149512
-0.0121951219512195 0.00597208045377252
-0.0121951219512195 0.00960522194357984
0 0.00485083148817457
-0.00609756097560976 0.00914427626386717
-0.00609756097560976 0.00248024886009179
-0.00609756097560976 0.00372830089038414
-0.0121951219512195 0.0083840592833049
-0.0121951219512195 0.0061229836313182
-0.0182926829268293 0.00656989037153854
-0.0304878048780488 0.00839313915392774
-0.0304878048780488 0.00634699242628598
-0.0365853658536585 0.00582613560273698
-0.024390243902439 0.0052233924435681
-0.00609756097560976 0.00152338486908268
-1.73472347597681E-18 0.00125622940661338
0.00609756097560976 0.00186723789084385
0.0182926829268293 -0.00259865349911622
0.0121951219512195 0.00482562384699373
0 0.00693401190689867
0.00609756097560976 0.00534209594787201
0.00609756097560976 0.0148041580508869
0.00609756097560976 0.0104047453149267
-0.00609756097560976 0.00916465829742179
0 0.00904933141292232
0.00609756097560976 0.0114414829521053
0 0.0110355026381551
0 0.00918650256359886
0 0.00634699242628598
0.0121951219512195 0.0106285454528953
0.0121951219512195 0.00915278537889434
