-2.6596324234409 -0.109228022144477
-2.12205462252978 -0.336878970643794
-2.15440340822787 0.377384572997983
-1.74219238509299 0.486141366772608
-1.4919519355267 -0.382996096156315
-1.97742017584902 0.468999740112775
-1.67436729900297 0.326122814950516
-1.80903425680815 0.198121291173043
-2.44989356228044 0.149877426355774
-1.75976639736485 0.177477341085149
-2.03044159064517 -0.416552474482598
-1.30894601321126 0.538184492698021
-1.15417656759969 0.306108370620475
-0.906760924657879 0.838485509645051
-0.809378897867435 0.821158035957017
-0.474550844977282 0.645506633678917
-0.144268307481003 0.702679448879442
-0.0719511512454317 0.476977690453969
0.124897482396259 0.581458379083755
0.295191543731218 0.372128636785321
0.152278851097261 0.190259376752035
0.675873284065607 0.642259791587204
0.987341128810081 0.541227103307188
1.00802974466032 0.558812619544016
0.522850866863959 0.807922843046841
1.48260138632837 0.479450197100601
1.42736833319162 0.733025392323894
1.41080825369282 0.435241047040051
2.04198593093254 0.368738446776659
2.73656353377809 0.575314241704401
2.69478079674303 0.647454447603084
2.41333395339904 0.448987462342683
2.35777610316009 0.708724125492372
2.13988364734716 0.513728676574015
1.83606581694941 0.631181530026402
2.11032116606941 0.61195990564725
1.58362059341066 0.60300744771284
2.05247664268847 0.818366447237523
2.69905658816696 0.885939268790504
2.01693992336944 0.603813796431173
2.31407090688614 0.630348724466991
1.69110833379072 0.622987754888158
1.16438081808955 0.602999192234345
1.59474172695677 0.853362729811933
1.46647744540136 0.713831357175557
1.20925535828511 0.28771620825212
1.32011411755313 0.845735306375454
1.22128599546063 0.649179728274588
1.13264739094821 0.604023066653895
0.964556311593964 0.155515977350317
1.403936008703 -0.00813157670688014
1.7662663173447 -0.2742977645571
0.68961353520558 0.641654720382259
0.908619458584307 0.648606906931091
0.23199368909651 0.603630147786894
0.1901375326123 0.645236854369459
0.033692428840699 0.532692188758241
0.455097079630266 0.277022929879199
-0.409449448185959 0.953482557439982
-0.486969979607307 0.504038069440945
-0.836921454285304 0.506956353015598
-1.68304549579096 0.687864533211648
-0.849967738787421 0.899864398328274
-0.792936231472353 0.824954880156674
-1.3401728256506 0.837596104040546
-1.48213823517347 0.210379560772527
-1.8942168844445 -0.0771812653387038
-1.92122856060317 0.666235166783224
-2.3642370714956 0.216675387770939
-1.80713545574997 0.648886685863138
-2.50675184760881 0.965924809177678
-1.90389984532329 0.687293567495692
-0.908046726684869 0.42021584513855
-1.06272323068567 0.429717888055123
-0.858027192090659 0.340143856536408
-0.29715137412526 0.462186465437885
-0.501312704690494 0.712766690497724
-0.41630061118175 0.69934330909978
0.0562727857285508 0.583372138852927
-0.0161016421869409 0.357030504006795
-0.225765291246127 0.338879905772892
-1.12511933076451 0.455174128402911
-0.655221668070724 0.600758116136725
-1.19934602011342 0.121818544615796
-0.887884149699289 -0.0838477438282196
-1.44657037465854 -0.0247105050809409
-0.98515827533356 0.697491936591825
-1.41873464394296 0.489620652432207
-0.578007668652601 0.266518991381126
-0.246260809929471 0.644003688421797
0.386580856409745 1.11775316309748
0.900885513718474 0.781663638455815
-0.224930606703576 0.903377369396343
-0.0145050368765893 0.873039648327267
0.24486914549124 0.868214192073331
