0.023325621215797 -0.226564572277838
0.0234232190939934 -0.24139509564734
0.0586826178359207 -0.130871168151121
0.0818154631190348 -0.0749346770980329
0.0468472583526458 -0.178758805386757
0.0470441048204271 -0.196110501995512
0.0818154631190348 -0.14163554292385
0.0933105854248598 -0.175209230956084
0.0586826178359207 -0.0416540255711677
0.0118353594832749 -0.0286626265663575
0.0236208857264337 -0.0218333832454908
0.035506501663956 -0.0199583794418142
0.0237209754207972 -0.0168737794211382
0.0118353594832749 -0.0566158025370154
0.0118856159375223 -0.0086908728651752
-0.035061732109487 -0.105724652253894
-0.035061732109487 -0.0855631288469759
-0.0466520523864961 -0.116557608184678
-0.0116871082003034 -0.0980855612641367
6.93889390390723E-18 -0.101041411955724
0.0116385130154936 -0.0786296142499908
6.93889390390723E-18 -0.0652407406366727
0.0231328452831141 -0.0173128657917136
-0.0116871082003034 -0.0314319986749666
-0.0234232190939934 -0.0490223935658874
-0.0236208857264337 -0.0493392445848557
3.46944695195361E-18 -0.0657560683316712
-0.0116871082003034 -0.0583621191261939
1.38777878078145E-17 -0.0411053561141028
-0.0234232190939934 -0.049481995643705
-0.035061732109487 -0.0580445666785494
-0.0116871082003034 -0.030865482632656
-0.035061732109487 -0.0242605232552588
-0.0699801036357599 -0.0266553649575135
-0.035061732109487 -0.0335097095520231
-0.0116871082003034 -0.0529837650872011
-0.046458466498911 -0.0299179192990218
-0.057953588804736 -0.0290653141339989
-0.070568233773443 -0.0462389662538443
0.0235216371368488 0.00362385205257302
0.0234232190939934 -0.0215972875232438
-0.0474428026841429 -0.0186171310484187
-0.0596836758729387 0.00243639105728343
-0.0839180986669955 0.0397536335150865
-0.0842790911491837 0.00842627203259863
-0.0835601857009083 -0.016199106015775
-0.035506501663956 -0.0165909819609516
-0.0117855262431589 -0.0136526894651503
-0.0235216371368489 -0.0236158403935516
-0.0234232190939934 -0.00623588728267499
-0.023325621215797 0.0105733097010275
-0.023325621215797 -0.0321648767710241
-0.058194577392601 -0.0356415810650251
0.0116871082003034 -0.0313542408778511
0.035061732109487 -0.045854035917572
0.0470441048204271 -0.0798589041336248
0.035061732109487 -0.0213122481655441
0.0116871082003034 0.0154452795096357
-0.0116871082003034 -0.00537398216174591
0.0234232190939934 -0.0209196644563738
0.035061732109487 -0.00194688118933299
-1.04083408558608E-17 0.00592125962596348
0.035061732109487 -0.0106649974111365
0.058437578629655 -0.0181186072655243
0.069689699698426 -0.0368792292422414
0.023325621215797 -0.0266665432900187
-3.46944695195361E-18 -0.00892507361802327
-0.0235216371368489 -0.0167589230050108
0.047242612557646 -0.0128932379709895
0.046458466498911 -0.0417019187467881
0.0116385130154936 -0.0392220339304254
0.0238219169577092 -0.0178606281843244
4.16333634234434E-17 0.00372782137106239
0.012143439209246 0.0202299937680878
0.0121963519654631 -0.00906786208053355
-0.0612509855882686 0.0222906068997194
-0.096946776052749 0.0191860361785749
-0.120667751473546 -0.0206155683782617
-0.0839180986669955 0.00699910866520351
-0.0957036249101543 0.0832087219714505
-0.119636087769307 0.0376583069625782
-0.144189388610395 0.0383345470414873
-0.144811171289177 -0.00228829746112301
-0.119126844004148 -0.0505806737622186
-0.142961708985104 -0.0634222362105167
-0.143572923824845 -0.0645110633348769
-0.167515009826192 -0.0941608646366753
-0.155876496810698 -0.0590952747173668
-0.144189388610395 -0.0377637067422023
-0.155876496810698 -0.0279479133702024
-0.167515009826192 -0.0252776419915692
-0.156547282182867 -0.0197462166852113
-0.142961708985104 -0.108503391434713
-0.154552029262114 0.00500321260297747
-0.189839404429278 -0.0440264770744937
-0.155211436840339 -0.0343969946534126
-0.119636087769307 -0.0401337939174517
-0.108364178487693 0.00224475100525147
-0.168959978123355 -0.0654350619619268
-0.227886431150267 -0.00929645138096913
-0.179872903398664 -0.076568290049982
-0.0965288190044179 -0.0490815512797199
-0.0364307747595198 -0.128560889147652
