0.023325621215797 -0.135993946581885
0.0234232190939934 -0.332382360633296
0.0586826178359207 -0.183457970311092
0.0818154631190348 -0.0858707859702144
0.0468472583526458 -0.209251995905585
0.0470441048204271 -0.191169184886409
0.0818154631190348 -0.134661896126881
0.0933105854248598 -0.386858008655842
0.0586826178359207 -0.103259953928896
0.0118353594832749 -0.0509505201480737
0.0236208857264337 0.031397531487658
0.035506501663956 0.0256141663895558
0.0237209754207972 -0.0123695282843496
0.0118353594832749 -0.105936942610608
0.0118856159375223 0.0867430525730402
-0.035061732109487 -0.11064921760595
-0.035061732109487 -0.0651278083368059
-0.0466520523864961 -0.14336968680276
-0.0116871082003034 -0.0882157843824151
6.93889390390723E-18 -0.0620462935380539
0.0116385130154936 -0.104990449320346
6.93889390390723E-18 -0.0387284522179178
0.0231328452831141 -0.0126658198980525
-0.0116871082003034 -0.00642250697680555
-0.0234232190939934 -0.023958899453708
-0.0236208857264337 0.0127577475576169
3.46944695195361E-18 -0.0848707467338314
-0.0116871082003034 -0.153174669766265
1.38777878078145E-17 -0.111881868081401
-0.0234232190939934 -0.112466712067981
-0.035061732109487 -0.164912327613595
-0.0116871082003034 -0.0898246140761249
-0.035061732109487 -0.0617573160310128
-0.0699801036357599 -0.0915355504130839
-0.035061732109487 -0.0717336976329623
-0.0116871082003034 -0.0619423215878418
-0.046458466498911 -0.109278948160852
-0.057953588804736 -0.139986881667211
-0.070568233773443 -0.0932363402104928
0.0235216371368488 0.0904544707660852
0.0234232190939934 0.033053609235715
-0.0474428026841429 0.0353214338386371
-0.0596836758729387 0.0529360469228261
-0.0839180986669955 0.0700198720897791
-0.0842790911491837 0.0392303654650794
-0.0835601857009083 0.00486872126279889
-0.035506501663956 -0.0181647562791402
-0.0117855262431589 -0.023228269189222
-0.0235216371368489 -0.0241026729386312
-0.0234232190939934 0.00661370458146157
-0.023325621215797 -0.0177003832974583
-0.023325621215797 -0.0877191699839791
-0.058194577392601 -0.14338755888412
0.0116871082003034 -0.0621038246050148
0.035061732109487 -0.0151322352285449
0.0470441048204271 0.00828066303292394
0.035061732109487 0.0754624530612414
0.0116871082003034 0.0436201912968062
-0.0116871082003034 0.0153716664082254
0.0234232190939934 -0.0285197717853786
0.035061732109487 0.0224402238239893
-1.04083408558608E-17 0.0888935779353853
0.035061732109487 0.0129130292288878
0.058437578629655 -0.0329052517873645
0.069689699698426 -0.0703663866113669
0.023325621215797 -0.0707662519559644
-3.46944695195361E-18 -0.0255648452306727
-0.0235216371368489 0.00416031770456246
0.047242612557646 0.0503242869753666
0.046458466498911 -0.0829251517760079
0.0116385130154936 -0.0680675216880211
0.0238219169577092 0.0345074245426309
4.16333634234434E-17 0.064565337793208
0.012143439209246 0.0108841257721579
0.0121963519654631 0.0424749224727834
-0.0612509855882686 0.133061310540684
-0.096946776052749 0.116467574027175
-0.120667751473546 -0.0258431246813651
-0.0839180986669955 0.0141197282683932
-0.0957036249101543 0.121068547981406
-0.119636087769307 -0.0278520162866456
-0.144189388610395 0.0894401324864313
-0.144811171289177 0.00346414285644533
-0.119126844004148 -0.129413798690376
-0.142961708985104 -0.168089708472788
-0.143572923824845 -0.0845497953016351
-0.167515009826192 -0.150618966032207
-0.155876496810698 -0.071138491929026
-0.144189388610395 -0.0585869754112011
-0.155876496810698 -0.0758433368701299
-0.167515009826192 -0.0850959896861975
-0.156547282182867 -0.0526715914513849
-0.142961708985104 -0.270764799737284
-0.154552029262114 0.0316204051872489
-0.189839404429278 -0.107190470444565
-0.155211436840339 -0.125133854998498
-0.119636087769307 -0.0905571774192981
-0.108364178487693 0.0346216984386336
-0.168959978123355 -0.0732967027112705
-0.227886431150267 -0.0618770194725771
-0.179872903398664 -0.155318687985854
-0.0965288190044179 -0.0108818646492142
-0.0364307747595198 -0.0864402870938246
