0.0118343195266272 -0.00734755593376561
0 0.0013756337103313
0.00591715976331361 -0.00157577029919779
0.00887573964497041 -0.00115452174485024
-0.0029585798816568 0.00131655062730703
0.0029585798816568 -0.00238857076197145
0.00887573964497041 -0.00147063815072871
0.0236686390532544 0.00155446515768117
0.00591715976331361 0.00737061689556458
0 0.00138165559867083
-0.00591715976331361 -0.0024770062496852
-0.0236686390532544 -0.0016547256086598
0.0029585798816568 -0.00671418335664812
0.0118343195266272 -0.00355258532065121
-0.0029585798816568 0.00105540591397675
-0.0118343195266272 -0.00368491577351919
-0.00591715976331361 -0.00693187928874776
0.0118343195266272 -0.00507716798165385
-0.00887573964497041 0.0016519472611903
-0.0029585798816568 -0.00469030229858573
0.00887573964497041 -0.0042364819214921
-0.00591715976331361 -0.000390138751267405
0 -0.00331106644954586
0.00887573964497041 -0.0028746289222387
0.00591715976331361 0.000569604377085825
0 0.000382664562085539
0 -0.00206256465163627
0.0029585798816568 -0.00187833291161314
-0.0029585798816568 -0.000723884138501035
0 -0.0026374698085209
0.00591715976331361 -0.00248160521958633
0 -0.000133489132777703
0.0029585798816568 -0.00172081524769922
0 -0.00129675214783102
-0.0029585798816568 -0.0016688880231163
-0.00591715976331361 -0.0030695498106658
0 -0.00421848072878343
0 -0.00258982637886389
0.0118343195266272 -0.00214211274418289
0.0029585798816568 0.00227971302817006
0 -0.000450374876143228
0 -0.00251779195691541
-0.0029585798816568 -0.0017069250061225
0.0029585798816568 -0.0025200254836492
0.0029585798816568 -0.00137160476615398
-0.00887573964497041 -0.000895678036572017
-0.00591715976331361 -0.00496034729091492
-0.00591715976331361 -0.0049796595706754
-0.127218934911243 -0.00440944838887273
-0.00887573964497041 -0.0224325364845423
0.00591715976331361 -0.00695676504423385
0 -0.0413303052592062
-0.014792899408284 0.0122452220916287
0 -0.00468658130641224
-0.00887573964497041 -0.00392678755584834
0.0118343195266272 -0.00440272566601922
-0.014792899408284 0.00232001052586302
0.014792899408284 -0.00699563253801553
0.0177514792899408 0.00206853524724589
0 0.00396778175481234
0.00591715976331361 -0.00470504210388626
0.0029585798816568 0.000617775010535909
-0.00591715976331361 0.00151426377788584
0.00591715976331361 -0.00366239235208014
0 -0.000694908497218466
0.0029585798816568 -0.00118508088788853
0.0029585798816568 -0.00155626939078639
-0.014792899408284 -0.000935827282608254
0.0029585798816568 -0.00611219669100087
0.00591715976331361 -0.00271368504952589
0.0029585798816568 -0.000287455281346477
0.0029585798816568 -0.00136412831410941
0.00887573964497041 -0.000997190748244375
-0.0118343195266272 0.00141784342754921
0.00591715976331361 -0.00445554738650371
0.00591715976331361 -0.00155582537929503
-0.00591715976331361 0.000288833926721149
0.00887573964497041 -0.00476517075839215
0.00591715976331361 0.000585868951673635
-0.014792899408284 0.00110138538338241
0.0118343195266272 -0.00721046137690055
-0.00591715976331361 0.000462934826064593
-0.0029585798816568 -0.00178852110264731
0.00887573964497041 -0.00517477512858193
-0.0029585798816568 -0.000443430597740252
0.00591715976331361 -0.00219731274976335
-0.0118343195266272 -0.000478592933066996
0.0029585798816568 -0.00477510488719305
-0.0029585798816568 -0.00258111299832546
-0.0029585798816568 -0.00328437655767992
0.0118343195266272 -0.00373730909467033
-0.0029585798816568 0.00164227019533854
-0.0029585798816568 -0.00216937782080355
0.00591715976331361 -0.00412547392616329
-0.00591715976331361 -0.000631434661246971
0.00591715976331361 -0.00300948138165073
0 -0.000657053733272556
0.0029585798816568 -0.00169844572878756
0 -0.00161846130018188
-0.0029585798816568 -0.00193819707862601
0.0029585798816568 -0.0030695498106658
0.0029585798816568 -0.00140774824920002
-0.00591715976331361 -0.00079603648650643
0.0177514792899408 -0.00404748221857491
-0.00887573964497041 0.0040155271151064
0.0207100591715976 -0.00276766643130448
0.014792899408284 0.00414147087043999
-0.0029585798816568 0.00512401952662119
0.00887573964497041 -0.00629499396801318
-0.014792899408284 0.00167159977654559
0.0207100591715976 -0.00161179320795061
-0.0118343195266272 0.00330007225246439
-0.0118343195266272 -0.00367242063990473
-0.00591715976331361 -0.0105619696016032
0 -0.00785876216846752
-0.0177514792899408 -0.00153524766883099
0 -0.00817577177000232
0.014792899408284 -0.00321227091496771
0.00887573964497041 0.00175984163685723
-0.014792899408284 0.00109351624403094
-0.0029585798816568 -0.00752640592494417
0.0177514792899408 -0.00462352618600541
-0.0118343195266272 0.00352181749967391
-0.0177514792899408 -0.00543475200301684
-0.0029585798816568 -0.0101325783331544
0.0029585798816568 -0.0067001047044261
0 -0.00030876686321683
0.0118343195266272 -0.00172871687888391
0.0177514792899408 0.00265793783071529
-0.0029585798816568 0.00546226503538246
-0.0029585798816568 -0.00254827224642422
-0.00591715976331361 -0.00344342124593859
-0.0029585798816568 -0.00258810691756765
0.00591715976331361 -0.00304846067014745
-0.00591715976331361 -0.000401255019787755
0.0029585798816568 -0.00384634535574461
0 -0.00170990074318859
0 -0.00201326530696925
-0.00591715976331361 -0.00239290704819932
0.00887573964497041 -0.00419775249936942
-0.0029585798816568 0.000430945093129981
-0.00591715976331361 -0.00234049895239511
-0.0029585798816568 -0.00506054443140151
0 -0.00397953397286203
-0.00591715976331361 -0.00204631712917906
-0.0029585798816568 -0.0041749968016959
0.00591715976331361 -0.00372481566349251
-0.0029585798816568 -0.000535809822272454
0.0029585798816568 -0.00278815052731611
0 -0.0015112935117673
0 -0.00188359417441568
0.00591715976331361 -0.00227368499558593
0.0029585798816568 -0.000135871542984373
0.00591715976331361 -0.000591327500998035
-0.0029585798816568 -6.17252012541272E-07
-0.00591715976331361 -0.00229023024169021
-0.0029585798816568 -0.00426818014155088
0.00591715976331361 -0.00348822631774352
0.0029585798816568 -0.000220458196397083
-0.00887573964497041 -0.000845051330450025
0 -0.00529293303645499
0 -0.00308747491353271
-0.00591715976331361 -0.00186266552541429
-0.00591715976331361 -0.00422552354687659
0 -0.00483083935908938
0 -0.00271037402634914
0.0118343195266272 -0.00210496906546924
0.00591715976331361 0.00235605392495282
0.00591715976331361 0.000622014223434847
0.0177514792899408 -0.000144009428039532
-0.0118343195266272 0.00552018018072571
-0.00887573964497041 -0.00297561310627119
0 -0.00703697372667193
0.0029585798816568 -0.00343557757894556
0.014792899408284 -0.000566679328336911
-0.0207100591715976 0.00409147412915874
0.0029585798816568 -0.00770047674726452
0.00591715976331361 -0.00384718674826716
-0.00887573964497041 -0.00121694404531906
-0.0029585798816568 -0.00614637318232784
-0.0118343195266272 -0.00408233087363478
-0.0029585798816568 -0.00552210099538756
-0.00591715976331361 -0.00379194875061854
0.0029585798816568 -0.00494164848171612
-0.00591715976331361 -0.00117042976032937
0.00591715976331361 -0.00444037264258272
0.00591715976331361 -0.000484452053698109
0.00591715976331361 4.95660369797702E-05
-0.00591715976331361 -0.000145530035467284
-0.00887573964497041 -0.00352716898139508
0.0118343195266272 -0.00524354190218894
-0.0029585798816568 0.000838380283597467
-0.00887573964497041 -0.00204560419648795
0.0029585798816568 -0.00641871279968146
0 -0.00270183248863957
-0.0029585798816568 -0.00130134380965067
-0.00591715976331361 -0.00344927972423063
-0.0029585798816568 -0.00459818675922123
0.00591715976331361 -0.00351069996128276
0.0029585798816568 -0.000346242469686214
