4.02125363833685 0.755014144650979
4.13926851582249 -0.609858709570233
3.01714681581788 -0.354498162636779
2.99632233774432 3.86744620861627
2.99632233774432 4.19239950839379
2.85823176610576 3.72588378589305
2.73231272112349 3.62576353672725
4.42976758016322 4.47421025462777
2.80287236002434 2.32831537712734
1.42404391146103 0.385286504870867
-1.12082215916349 -0.156714903807418
-4.45821326527405 0.0133026974460819
-3.56403562691336 0.981050143395748
-2.22763947111522 0.884104703669077
-2.00699827753341 0.459260777847563
-3.24030864345424 -0.198377608045491
0.292455301731653 0.0732862904386643
1.1281010409689 0.685027325134999
0 -0.1858063504031
1.15818725498151 -0.939360656224331
4.08362539714051 -1.52775698480965
3.90013359916839 0.03613103545853
0 -0.530095118839747
1.1281010409689 -0.608418216186225
0.848811022551899 0.512648462400036
1.63904161881694 0.866279675120408
0.265624364374006 4.94465550124352
4.24038485530873 2.7917458681969
5.72954039544324 1.75509463674209
4.01172232079823 1.46966978195917
2.09339068356429 0.152987053480484
-0.532883350506697 -0.750976607268347
-0.507952552927504 5.00900159050285
0 2.78773951487241
2.72296534909107 2.14868031090581
2.24041096016194 0.543116788436543
2.85310885861645 -0.989923515448692
1.25891273080205 0.87797681647965
-0.490733449474412 2.32249961420728
-2.72296534909107 1.27687023105562
-2.24041096016194 0.688038986336618
-1.01593985151218 -0.676428410607348
-0.499194555749893 -0.661273722305189
-0.247461912785552 -0.635482190770557
1.5063746435876 0.131111566850601
1.99710809306202 -1.59936199954455
3.45643851167559 -0.480180877459065
1.48069278510978 -1.04845433641012
0.738195362259964 0.0473579960788829
0.490733449474412 -0.0223887193745138
0 -0.867003924536152
-1.94130410441351 -0.105844377222744
-0.98149822935989 1.00463426768397
-0.490733449474412 1.37903400528348
-0.987075402629434 2.85221196946523
-1.23738991800986 0.863927300293513
-1.00419382941406 0.211607632818058
-0.750960177874549 0.0945725334652557
-0.9984220906601 -0.0576659728610926
-0.755313789044587 -0.435963123149135
-0.251765622124656 -0.173270952045115
-0.510940577848018 -0.19086267281206
-0.507952552927504 -0.264737543644111
-0.253233651539508 -0.134656261975205
0.504999273664164 -1.03233696533206
0.750960177874549 -0.751017845547853
1.26625436689261 -0.913531810035792
0.75971817505216 -0.510521624859794
0.504999273664164 -0.356923802369585
0 -0.0347720294639631
0.247461912785552 0.283825438607916
0.496341953155022 0.887258456848394
0.746656468535445 0.0679970846306507
1.23738991800986 0.0012585630368413
0.992716323301113 -0.195707276725073
0.246059854765668 0.0952719871753508
0.246059854765668 0.343638313153757
0 0.513482337178776
-0.490733449474412 0.753320392825747
0.48797646180867 0.61064162563384
2.15396778561097 0.462192792822024
2.61845829018732 0.590607708698943
2.86451814495299 0.495447480221508
2.40002764037663 0.462109428555173
1.43186974231206 0.51470372460313
-0.234121581490232 0.576635861089638
-1.17067595332503 0.295858285619967
-1.64792743944953 0.445685192282118
-0.469512120837967 0.261572767404208
-0.710034041793906 0.66679397754248
-0.472063867258443 0.131299064478535
0.236673327910708 -0.241236279944112
0.239281311589035 0.0310440576212061
-0.47464350244617 0.0561170517206685
-0.721835700518159 0.311936288112278
-0.717858462712329 -0.0168984829504457
-2.17797743232422 -0.531770852790408
-1.20981216232683 -0.727287107900372
-0.965138567618085 -0.0825301113059778
0 -0.313909715679358
-0.485250279441218 -0.552880986206315
1.22344564170118 -0.605225933824574
0 -0.683868132993523
0 -0.693712596828179
-0.48797646180867 -0.325878468402077
0.243302867099926 -0.446459831159944
0 -0.134011221923726
-0.246059854765668 -0.241474942344165
-0.490733449474412 -0.322036399190051
0.48797646180867 -0.483791025531761
0.241947412341292 -0.0181842245738427
0 -0.443081890466829
0.97598372891563 -0.237221078753998
0.734036316574338 -0.330154273257752
0.241947412341292 0.21027391540623
-0.241947412341292 0.150244025648767
-0.241947412341292 0.137559278732167
-0.241947412341292 0.426872251311424
0 0.307236540005763
0.240606976587832 0.250965854696258
0.721835700518159 0.168334593889235
0.721835700518159 -0.145908144289517
0.482554388929124 0.247042320626563
0.482554388929124 0.201646813813104
-0.240606976587832 0.308853498950041
0 0.333183589780057
0.237970174535462 0.216500953866976
0.239281311589035 0.280460866219641
0.239281311589035 0.360133574274458
0.479888288176866 0.19905756217899
0 0.160125199677938
-0.237970174535462 0.263027626418922
0.237970174535462 0.175945212552167
0.47464350244617 0.300210559891688
0.47464350244617 0.164643510339923
0.47464350244617 0.179775315550207
0.710034041793906 0.215080221241577
0.472063867258443 0.177997876261683
0.469512120837967 0.289663892685208
0.702378352696242 0.280224274175074
0.235390539347735 0.220154149873952
-0.235390539347735 0.228550199888147
-0.235390539347735 0.348084298987974
-0.469512120837967 0.366708344628545
-0.93905168060695 0.48754603305587
-0.472063867258443 0.182354474778215
-0.236673327910708 0.0273205811408987
-0.47464350244617 0.117692314454075
-0.236673327910708 0.0994918690532575
0 0.202812533217598
0.236673327910708 0.123212717226268
0 0.0462689545691174
0 -0.0470841839794026
-0.237970174535462 -0.0862899129878805
0 -0.232620318728896
-0.954531790623037 0.0425490366871514
-0.959805875053621 -0.00583486974465014
-0.239281311589035 -0.0982033230686969
-0.721835700518159 -0.163590109356477
-1.44778233686229 -0.109523508528261
-0.729923874149963 -0.258524837309037
-0.243302867099926 -0.350523926753976
-0.970530850737794 -0.16042357513465
-1.23037826972936 -0.343850071550104
-0.992716323301113 -0.506991223979341
-0.992716323301113 -0.36959703167844
-0.987075402629434 -0.247777066338643
0 -0.255408327763139
0.987075402629434 -0.44891981377752
0.992716323301113 -0.607359966988666
0.992716323301113 -0.552519731255977
0.496341953155022 -0.487666655011642
-0.246059854765668 -0.175759968368014
-0.244673594708744 0.163439487731769
0 0.228018698333639
0 0.206764576082266
0.246059854765668 -0.0181226614224029
0.246059854765668 -0.234837477444017
0 -0.291002270294921
0.244673594708744 -0.299868443027222
0.244673594708744 -0.0473960900950025
0.244673594708744 0.124912332390222
0.244673594708744 0.107810206350938
0 0.157920668677234
-0.490733449474412 0.306026386203362
-0.244673594708744 0.340012742999784
-0.244673594708744 0.295009250648524
-0.244673594708744 0.286203623071516
0 0.0534341185880806
0.246059854765668 0.0599153184628053
-0.493521767551219 0.119194525365509
-0.74240180792069 0.229263020564245
-0.246059854765668 0.120144669784979
-0.493521767551219 -0.0277393136908609
-0.246059854765668 -0.0171832694442007
0.493521767551219 -0.186967806724014
0.74240180792069 -0.180841082890777
0.246059854765668 0.0286543138322601
0.738195362259964 -0.0197778556138897
0.246059854765668 -0.0236786281958826
0 0.10343897844416
-0.246059854765668 0.0949872593662334
-0.74240180792069 0.0571033974828313
-0.738195362259964 0.227976999771654
-0.493521767551219 0.122740396451951
-0.493521767551219 0.0325098699422282
-0.247461912785552 -0.100791916094868
-0.250314515380423 -0.190528583195992
-0.24888004036947 -0.102649325715627
-0.24888004036947 0.0138386987883662
-0.499194555749893 0.0485631451001287
-0.499194555749893 0.0741792309558184
0 -0.143260866200273
-0.250314515380423 -0.0970374158717272
-0.250314515380423 -0.1069585836214
-0.251765622124656 -0.159398070743308
-0.504999273664164 -0.129549773298352
-0.504999273664164 -0.0718476440359558
-0.75971817505216 -0.167377775751694
-1.27368214029326 -0.1129288484165
-1.28119757599656 -0.263115461945321
-1.55121661782476 -0.344731385714104
-1.02796392445705 -0.255000820089955
-0.256221676460022 -0.443537537085913
0 -0.445518318849573
0.259281057827954 -0.504902682348878
0.782533751195658 -0.528395407394544
0.517023346609036 -0.297584952511913
0 -0.18835102496674
0.257742288781082 -0.272966183577784
0.257742288781082 -0.170663688016994
0.257742288781082 -0.0545210978869082
-0.257742288781082 -0.0193432521817627
0 -0.0891029256733654
0.256221676460022 -0.0204950089143779
0 0.0197551499849919
0 -0.0528389100211961
0 -0.236384525656621
0.510940577848018 0.0144192043013309
