-2.03931586418433 0.134346191616164
0 0.0236734561124877
-2.05216671446018 -0.122035494945549
2.05216671446018 -0.0102355238766516
0 0.0811378585331454
1.23504383864292 -0.175411532540233
0.804272025541408 0.0183281366912742
-0.804272025541408 0.0815569237599611
0.403997780174015 -0.241196201007931
-0.811789022217968 0.388631517973591
0.811789022217968 -0.431260634792727
0 0.22969296376951
-2.05865307817776 -0.230978641556267
-1.28372247051722 0.0138349309283944
2.11892990699381 -0.119766430271414
-2.11892990699381 0.33062681197513
0 0.0375579537505558
1.70333392987805 0.0326069523772801
0.415595977115757 0.120452108233313
-2.55541044723882 0.124654405425115
1.29649771643676 -0.0909856444082372
0 0.107162546403818
0 0.0110480968373012
1.67056935028527 0.161756581151132
-2.09844914821276 0.375229006262405
0.85158509225296 -0.323668609107021
0.835207436476582 0.143902027399136
-0.415595977115757 -0.1502311400112
-1.27119655161378 0.137289582687185
-0.432137378264263 -0.249845076399073
0.860017176191752 -0.428190891499359
0.423705294325472 0.122196379944082
-0.423705294325472 0.0500808956395802
-1.73740960694226 -0.457569141353234
0.877392430750512 0.194138172473336
0.860017176191752 0.0491672060456661
-1.73740960694226 -0.0292625101330542
1.73740960694226 0.0764580281075194
-0.860017176191752 0.330085438421615
-0.43648054024501 -0.312622645573975
0.43648054024501 -0.13244728305839
-0.700490156865841 0.0265827840483375
0.17618461562865 -0.10045827183547
0.17547275665506 -0.0412346627753788
-0.263475721296746 -0.120491541212197
-0.176542715426153 0.0665949590271835
0.352370681060021 -0.152566385732168
1.72020301076223 -0.0346593111823471
2.05865307817776 0.777626737673721
1.96546879964699 0.6479416712646
-1.96546879964699 0.633599477763662
1.57942671832318 -0.323336315123009
-0.782533751195658 0.414158724178886
-2.02033860882871 -0.0549739853394343
-2.20587577825668 -0.532381573697076
0.0869458712628779 0.0550883399108553
0.860017176191752 0.39220561743822
1.25891273080205 0.192106568865745
-2.20587577825668 0.103168951642928
-0.261886913319254 -0.0796665012472004
-0.528559646168381 0.14759257875121
0.176902273884672 -0.124103942332934
0.439128596597183 0.216499005869188
-0.175118979976352 0.263015160924494
-2.15842918046725 -0.12540807316636
-2.17428931307522 -0.0330920311057077
-0.782533751195658 -0.00887007499928923
0.295104973688209 -0.0928579157319566
2.10492266668845 0.0552384212248025
0.648904574413378 0.366095463128762
0 0.0605240888084317
-1.11841669525137 -0.184163774646902
0 0.280607306093652
-2.22763947111522 -0.181123640850665
0.29712395157655 0.0376280095233651
1.4558720170925 0.0840045177568468
0 -0.184240570694945
-2.05216671446018 0.105600510865429
1.86084725003213 -0.169708975967643
-0.288568823748814 0.0726177893497339
-2.17687447621717 -0.142078235632882
-0.305483896286041 -0.0168813894337316
2.09459286618303 0.0142666819959596
1.99820218539704 0.299548785603215
-1.99820218539704 0.0258649031644681
2.09109943619821 -0.157497019024071
-0.466486205617089 0.106943991717287
-0.75695943608407 -0.0753501622949987
-0.479888288176866 -0.49970996151872
-0.680878755227421 0.00408879763740394
1.16076704340429 -0.234810509053135
-0.479888288176866 0.387483213557007
-1.97440581957573 -0.273364496229322
2.07080862983742 -0.247821944057053
1.79213160577569 0.0946593344441632
0 0.112214157729741
-0.464490504576354 0.211076682332372
0.464490504576354 -0.108488274067084
-1.40864612786051 0.211810202894086
0 -0.280247639373321
0.28540813467568 0.0538670609668555
-0.765296422852546 -0.0979226438051126
0.765296422852546 0.216340469953433
-0.28540813467568 0.229967781792886
-1.16076704340429 -0.204891996090743
0.0979243891550352 0.0551028802327682
1.9135010440261 -0.146859009141524
-0.850658389776848 0.329542774305672
0 -0.110469040307507
-0.479888288176866 -0.032141996255605
0 -0.060224151341797
0 0.0596442124837583
0.0964028102616865 -0.191789407191586
-0.0964028102616865 0.0176133266067688
0.479888288176866 -0.120381966445026
0 0.15272351952262
0 -0.0483411453027175
-0.38348547791518 0.0520595790063078
-0.581653089702905 -0.0500220605387841
-0.0977040866311674 -0.101904130721362
0.582954366072386 -0.197246314666454
-0.485250279441218 0.0753277425257794
0 -0.226468291508322
0.485250279441218 -0.0320213349612759
0 0.01396755435652
0 0.0014237131429853
0.954531790623037 -0.0357355660721637
0 0.444562301767779
0.934002625414343 -0.197240855404886
0.459575168914905 0.422917068246649
2.0535733134851 0.0336017435167908
1.87740008750816 0.810218875269934
-2.22763947111524 0.465195874957269
-0.353086889513321 -0.047775374665909
-0.624894927700148 0.152431478201717
0.624894927700148 0.14387671191959
-0.624894927700148 0.323464359142428
0.977981817213469 -0.170205717895711
0.437359669974313 0.194521441480727
-1.23588070211262 -0.106549273675135
-0.359666222843202 -0.056506202465631
0.805100365468192 -0.0555260923545962
0.877392430750512 0.089566820936055
0 0.352242418578918
0 -0.288005062298907
2.11892990699381 0.188847322286703
2.02033860882871 0.811268724112701
1.93051551953867 0.92115860564067
1.84834056940131 0.567266308577376
2.11892990699381 0.282475736014422
2.02033860882871 1.45375355332431
1.93051551953864 1.40948497577904
-1.60274454341507 1.27951116552765
-2.00479200111288 -0.58346022537651
-2.1018350639507 -0.042440865835301
-2.20875299628382 0.055004485662838
0 -0.0329118655088012
1.84834056940131 0.160788181055056
2.11892990699381 0.225997670993226
2.02033860882871 -0.163268714337657
-2.02033860882871 0.613916490597629
1.35728071892738 -0.232283861192798
-1.70333392987803 0.383296682037298
-2.13630516155257 0.163734981964485
1.78747237697043 -0.137000134171676
1.71680251370139 0.0339882077759337
0 -0.0527860100559404
-1.71680251370139 -0.0597449643116266
-1.42404391146103 -0.0247878971600564
1.42404391146103 0.139559413920431
-2.15396778561097 0.385933296374587
-1.88035638227058 -0.161542386486464
0.761939687019209 0.0343968939841233
1.84834056940131 0.0496010343029742
2.11892990699381 0.200059603388351
-2.11892990699381 0.0016151360910648
-2.22763947111522 0.139988510309593
0.755313789044587 0.0110288317558559
-0.376014887330678 0.389071595421307
-1.93051551953867 0.0437438409792582
1.55121661782476 -0.0800574340633417
-1.94783533958489 0.220088388965692
-2.03931586418433 -0.393523041582571
0 0.283774467621273
0 -0.0282756769168124
-1.70333392987805 0.0118232114544712
1.70333392987805 -0.186893362647513
2.03931586418433 0.467107180536881
1.94783533958489 -0.0912640497525616
1.1281010409689 0.49868603723079
0.369614555996378 0.314974565370371
0.72992387414994 0.232854090521597
0.717858462712351 0.457216518025066
0.706185448748675 0.210798817686721
-2.15396778561097 0.314622027951052
0.72992387414994 0.00883840671859504
1.42404391146103 0.227971877494527
0 0.290558970793486
-1.78747237697043 0.298521406741529
1.43581500468672 -0.121286497403627
0 0.099679751081229
0.351657372283709 -0.103499012525912
0 0.120186794140725
-0.351657372283709 -0.0634526255544415
0 -0.223632530747244
0 -0.0575628330894849
0 -0.127311890332473
-2.17192496932364 -0.019158067784364
1.81739689285867 0.0776166110563722
1.40107144428145 0.143476631032539
-2.11892990699381 -0.354798724047503
-1.47232568207063 0.099386387038213
1.83273810895315 0.0487540942552682
0 0.580028938298174
0 0.0308035006935229
-2.20875299628382 -0.188262844568799
1.84834056940131 0.246132202462366
0 0.0511715135038931
1.42404391146103 -0.246329541140214
-2.15396778561097 0.0288584908058487
1.09033630103246 0.143149231583363
-1.09033630103246 -0.0117489244283969
0 -0.34025297596398
0.72992387414994 -0.218498826326055
0.717858462712351 0.0908906968957768
-2.19018414478298 0.370273571494173
1.47232568207063 -0.285475073201182
0 0.17144554006152
0 -0.108288334250265
-0.72992387414994 0.0832666865221754
-0.74240180792069 -0.0070288677734355
0 -0.298800903304151
-0.376014887330678 -0.193203746302064
-0.761939687019209 -0.157472787380626
0.382640785305299 -0.375990490780774
0 -0.0121219622867642
0 -0.0667958677939034
0 -0.0460508265241921
-1.55121661782476 -0.106630387073108
0 0.201520729586945
1.55121661782476 -0.0778286449726183
0.379298901713909 0.0827909114305834
0 0.00756358313129343
-1.14798176834301 -0.107203092642163
-0.782533751195658 0.304785012708092
0.782533751195658 -0.295254284062882
0 0.0965070645155722
1.14798176834301 -0.0909190120971153
-1.93051551953867 0.294410172393957
0.393029362843245 0.0920640133943209
-1.18992232997077 0.186202830686637
1.96546879964699 -0.295768583969054
1.88035638227058 0.204825229237455
1.80231041332726 0.0863682142158339
2.0684598859851 0.605522446407749
1.65150880655587 0.391471363756867
1.90232373134305 1.27699664997535
0 1.25242037787953
-0.311323542414299 -0.315519006829642
0 0.337435666388416
-0.947589188387754 0.181403002235021
-1.29649771643676 -0.312101797291633
0.653086715895768 -0.119552095279852
1.90232373134305 0.222349730521609
-0.62489492770017 0.187961032934144
1.84834056940133 -0.164952345880459
0.599036368918737 0.209924435841489
2.03385750331617 -0.165733389379387
1.94285518383259 0.309848612072757
2.11892990699381 0.193166529410361
-2.11892990699381 0.669205004934053
-1.94285518383259 -0.407278685673661
0 -0.0650012223101693
-0.860017176191752 0.369740999436736
0 -0.0117052413988574
-1.47232568207063 0.140944984858329
2.04755857097976 -0.369688276847643
1.95535363756789 0.248909291762254
1.34467237272464 -0.275365217319723
-2.17192496932364 0.523563495324474
-1.1281010409689 0.11851445697529
0 0.194199317814464
1.95535363756789 0.259288901346518
0.272285833547326 0.55336792988399
-1.94285518383259 -0.0331465036004303
1.39656561368238 -0.170262236493002
-1.96801396612531 0.154155932605062
1.41476510612921 -0.241737875316963
0 0.0335259708719598
0 -0.310452781004105
-0.279290018417 -0.0848079038591839
1.91833163723394 -0.0761969198792107
1.57942671832318 0.352689182723731
1.02191651816861 0.368429630883675
-0.253233651539508 0.3868809049704
-0.7686828666291 -0.247543614285654
0 0.257119249722789
-2.11892990699381 -0.32925804385151
0.53950318867062 0.0372449659063813
1.57942671832318 0.167685369766892
0 -0.268901974236528
0 0.12034584884736
-1.04654336781649 0.0769536305283561
-2.17192496932364 0.118598087077194
1.90630060494963 -0.144904075234388
0 0.299911798976246
1.8261316974316 -0.188390887690668
-2.09339068356429 0.0261790899450349
-2.19942937061679 0.0800544879170773
0 -0.262985897255333
1.11363661179595 0.104236439195685
-0.275743454518884 0.297669221113974
-1.69227051160643 -0.00680062506875259
1.13547508771221 -0.353205777509666
1.64941778615582 0.0638246352448496
-1.0926223622616 0.304735149366568
0 0.0945208362718331
-1.69227051160643 -0.0201943746620801
1.13547508771221 -0.0407490484023079
1.10654261501599 0.261107178604001
-1.95535363756789 -0.36975549514051
-1.74907321603355 0.130848264826594
-0.599036368918737 -0.0786955341945462
1.48237763170243 -0.100307554781079
1.43344524241891 0.478493077143899
-0.854377354329361 -0.130626139061474
-1.16596125449933 -0.45235601051514
1.73740960694226 0.0548066420632756
0 0.366148033931953
-2.03385750331617 -0.235118331177819
0 -0.169002852012316
-1.51337431290572 -0.0127411959756507
1.80982220927963 -0.35195247643091
0 0.306033867127556
-0.895484265292645 -0.171272781452635
0.300551013972528 0.0744754199829451
-1.21488895795951 0.0075079665133848
2.10426027395776 -0.334879938013932
0.582954366072386 0.20289153449875
-2.07552215906195 -0.323030969098548
-1.8615470308655 -0.111421728477528
1.55677772266496 0.212026553067756
-1.87494360128388 0.425530898943973
1.87494360128388 0.0145314611245154
0.907965785191855 0.130218041273933
0 -0.225723384757962
-0.300551013972528 0.165306676867054
-2.16419249388429 -0.048356812022757
1.8615470308655 -0.0878558834949231
1.19812972831144 0.131364996083526
-0.296447896373908 -0.442008525513896
-1.20645114013807 0.2157401820228
0 -0.111114046625873
0 -0.145152590996159
0 -0.237178918082079
0 0.0621708883263247
-2.19545758880504 -0.187066979177781
1.57942671832321 0.235429315048667
0 0.149878901400624
1.8224820106199 -0.254700144638469
0.590885961052035 0.0752855093062067
0.871523189821199 0.00112045956143879
-2.06144551979197 0.206709019286917
1.18992232997077 0.110298252034789
0 0.156467470220737
1.44297154226414 -0.167410732599012
0.282929001886423 0.209470024034762
0 -0.0496189984221545
0.560387751799851 -0.0180350948575804
-1.99383299421876 0.333601255878008
-2.08979240292175 -0.200927160032397
0.304769308200536 -0.151160407173644
1.19812972831144 0.305665277196406
0 0.153217932785819
-0.594933251320118 -0.0637237429064433
-0.300551013972528 -0.167980808726307
-0.302645463018791 -0.0300720663283684
0.302645463018791 -0.417107056702585
0.300551013972528 0.0293302589247116
0 0.0165936339582436
0 -0.0694162213431712
-2.14889158337386 0.0349916275360872
1.240925798182 0.27559357290034
-1.240925798182 0.149620542936254
0.62489492770017 -0.3702747759658
-0.940746852183127 0.135244971237154
1.55677772266496 -0.0316422481968976
0 0.186928911212464
-0.616030870481832 -0.285782201798714
0.920800178682368 -0.0434432460254952
-1.8615470308655 0.235331388691
-1.28689261893211 -0.315553117319764
0.648212752792032 -0.259057863895516
0.954531790623037 0.254264029057383
-1.60274454341507 0.0892869451532502
1.60274454341507 -0.487041626408067
-1.93051551953864 0.331581191445328
0 -0.201012746022349
1.93051551953864 -0.0866527823579218
1.240925798182 0.148536491650044
-1.87494360128388 0.377296563993634
1.56802042851623 -0.124545746804514
0 0.255193634737722
0 -0.0627643860963367
0 -0.0611515778353083
0 -0.0499317325378179
-0.309107697714173 -0.330165962789158
0 -0.0764876445399438
0 -0.0593163662477542
0 -0.0896728551610914
0 -0.0220462814122807
-0.311323542414299 -0.0612473211166332
0 -0.0765901408239898
-0.313571385285871 -0.0595476316068061
1.240925798182 -0.133467951351196
0.304769308200536 0.31462057698215
0 -0.0736843291482077
0 -0.121904102323641
0 0.151711520538938
0 -0.335198238996326
0.302645463018791 -0.0415000898867071
-2.16419249388429 0.0720085833326883
0.629423309768828 0.17218738828234
0.927354412896131 0.120974844951653
0.304769308200536 -0.0752072198549909
0 0.320366161399283
0 0.101223267247216
-0.304769308200536 -0.00741500575034636
0.304769308200536 -0.273541513040128
0.302645463018791 -0.0024386846497939
0 0.0568228617106874
0.300551013972528 -0.00912737650220963
