-0.694885995532779 0.334261349607167
0 0.165946584116421
-0.694885995532779 0.308365667558828
1.40107144428145 0.246553450332872
0.694885995532779 0.455238951533515
0.348832784582109 0.169535134518867
0 -0.180283725811556
-0.706185448748675 -0.225310884812565
-2.11892990699383 0.496863951923855
-1.75851748011127 0.111965296722767
-2.13630516155257 -0.119849071719909
-3.24520237811377 0.0267351016782525
-1.81739689285867 0.0839711675095615
0 0.259188855515736
0 0.236258335875489
0 -0.335980002069314
1.1088972165612 -0.193550274725068
0.736109964636888 -0.207550935896425
-0.729923874149918 0.345006264057535
-1.09033630103248 -0.347253981080377
0 -0.29580038797396
-0.36649540864051 0.133823944591816
-0.36649540864051 0.256181667476948
0.729923874149918 -0.108935528938238
0.729923874149918 0.0306294086294999
-0.36649540864051 0.287347962211735
0.36649540864051 -0.0709694703141993
0.729923874149918 0.0805088595103306
-0.729923874149918 0.28689475400736
-0.363428465509408 -0.139947176803865
1.09033630103248 -0.149042676440664
0.723840892391969 0.111353113227676
0.360412426882561 0.247708069984976
0.729923874149918 -0.454871876524698
0.363428465509408 -0.167443832333337
0.357446035829811 0.331997772240164
0.711974112294778 -0.35972826960261
1.06363148457849 -0.10664404297956
1.42404391146105 0.172885891759312
1.07238653917734 0.312581054001131
0.354528076464966 0.350098805654818
-0.354528076464966 0.029280302322826
-1.06363148457849 0.0322453879559338
-0.706185448748675 0.0323297146789906
-1.07238653917734 0.0807210175830427
-0.711974112294778 0.295307595238384
-0.357446035829811 0.216445594996463
-0.723840892391969 0.152362133645408
-0.717858462712373 0.214116727664568
-1.0995384301463 -0.0399490983229821
-2.20875299628385 0.144331150577124
-2.20875299628385 0.162741971020799
-0.736109964636888 -0.326772231637141
-2.22763947111519 -0.13791778522599
-0.748802139254989 0.113971318511607
0.376014887330678 -0.000389809020657217
1.11841669525137 0.0197643984050765
0.736109964636888 0.207731249163703
2.58805189799776 -0.510992088757693
1.11841669525137 -0.243033584495021
1.47232568207061 0.16551865644213
0.729923874149918 0.0178859869686564
-0.36649540864051 -0.0687361450247005
-0.360412426882561 0.17187690516381
0.36649540864051 -0.148726216218009
-1.47232568207061 0.587225309594679
-1.47232568207061 0.182671831412712
0 -0.710793354847506
-0.729923874149918 -0.576739668013162
-0.36649540864051 -0.049553017297156
0.372787251924311 -0.43128643792483
0 -0.335500142120971
-0.74240180792069 0.357681868833883
-0.369614555996378 -0.384205038860257
-0.74240180792069 -0.204602377570155
-0.372787251924311 0.14204574659309
0 0.22967416895897
0.372787251924311 0.293535193203301
0.369614555996378 0.273135786894809
0 -0.0721223660956823
0.74240180792069 0.0773816992433193
0.372787251924311 0.230469270965717
0 0.262802915637244
-0.369614555996378 0.144042309193552
0.372787251924311 -0.12079716896543
-0.74240180792069 0.265181186973409
-0.748802139254989 0.109373978677121
-0.748802139254989 0.00629622303980615
-0.372787251924311 -0.0924272056060474
-0.372787251924311 0.11490809388994
0.372787251924311 0.096948404673694
0.748802139254989 0.214482593422741
0.376014887330678 0.294232760651152
0 0.273791827576148
0.74240180792069 0.0130136275220943
-0.372787251924311 0.130862339661569
0.369614555996378 0.124308588184684
0.372787251924311 0.0546235901306985
1.47232568207061 0.219648841030107
0.36649540864051 0.414323305629483
1.1088972165612 -0.319588054758339
0.36649540864051 0.152904324772835
0.736109964636888 0.141256015470569
0 0.647555947062553
-0.36649540864051 -0.0103259376706889
0 0.0666924651864559
-0.36649540864051 -0.0880516532148813
0 0.051636495074877
-0.363428465509408 0.177869017336913
0.36649540864051 -0.00400152985194857
0 0.267571771900184
0.36649540864051 0.219146838669377
0 0.240312822863283
0 0.0441738954272767
0 0.080978080656367
0.363428465509408 0.104094962057356
0.363428465509408 0.215676324529384
-0.36649540864051 0.188406168810307
-0.36649540864051 0.188406168810307
0 0.188406168810307
-2.22763947111519 0.255819633242613
-1.84834056940129 0.105929431071314
-1.11841669525137 -0.00142346105481195
-0.74240180792069 0.225721894956422
-0.736109964636888 0.344217013545434
1.1281010409689 -0.562823869635913
0.748802139254989 -0.44825572282791
0.748802139254989 0.253235518442888
0.372787251924311 -0.35951625386131
-0.372787251924311 -0.285853612623839
-0.372787251924311 0.02352771436833
-0.372787251924311 0.127234105011154
-0.748802139254989 0.228753309119766
-0.372787251924311 0.215789685171455
0 0.13946371512074
-0.376014887330678 0.243305136847286
-0.376014887330678 0.242407746710242
0 0.0491298389644631
-0.376014887330678 0.17661406835792
-0.376014887330678 0.162811855632192
0 -0.0526742174859048
0 0.0953375135489544
-0.379298901713909 0.265989959517711
-0.379298901713909 0.132679193428262
-0.761939687019231 0.124008356378115
-0.379298901713909 0.188406168810307
-0.379298901713909 0.188406168810307
0 0.138792168225944
0 0.243976887446579
0.761939687019231 0.218739699518706
0 0.296466074517603
0 0.130944089461279
0 0.055462388679835
0 0.0974831504986621
-0.379298901713909 0.307434832222291
-0.382640785305322 0.0345354446758571
-0.382640785305322 0.180625218057348
-0.382640785305322 0.230370784888603
-1.15818725498151 0.139997966094174
-0.768682866629122 0.123313452511504
-0.386042081323801 0.138449941892863
0 0.244317724301953
0.761939687019231 0.243655359349648
1.53748615669542 -0.0222290618765725
1.14798176834303 0.134017785347937
1.14798176834303 0.207602525226787
0.761939687019231 0.105809300950663
0 0.0723325583844489
-0.379298901713909 -0.138052225099835
-0.379298901713909 0.0515147247780182
-0.379298901713909 0.175968408760708
-0.379298901713909 0.197250835866749
-0.379298901713909 0.188406168810307
-0.382640785305322 0.138792168225944
-0.382640785305322 0.243976887446579
-0.382640785305322 0.243233255291913
-0.382640785305322 0.131951104921214
0 0.123313452511504
-1.56519455427957 0.138449941892863
-0.775546469676192 0.244317724301953
-1.16857583251946 0.243655359349648
-1.16857583251946 0.131206105666507
-2.7521073651263 0.176353763084876
-0.804272025541408 -0.04838073115034
-0.393029362843267 0.0857212691440191
1.16857583251946 0.199142504681602
0 -0.551925731606367
1.20089074730152 -0.171907136770697
1.20089074730152 0.399262138747298
0 0.327691563425777
-1.56519455427957 -0.0243237672602369
0.393029362843267 -0.578711436346926
0.393029362843267 -0.0634277989480333
0.393029362843267 0.165090113763394
0.782533751195658 -0.338745934969636
1.17915247295577 -0.0783848033683635
1.15818725498151 0.375119236721343
