-1.39154460135076 0.114558620600995
-1.23644124784375 -0.540162811726484
-0.955413267842002 0.238511473035224
-0.856094494634976 -0.0457254029407755
-0.491009560564858 0.502148936993253
-0.147911001958893 0.489005130520336
-0.0747595240183599 0.560460408928366
0.1293161418589 0.582741062148569
0.307195275268255 0.609569269294449
0.158816478086716 0.932701939591402
0.693360231558633 0.585529980913445
1.03868081747215 0.582800854272522
1.06666081922638 0.508418073467604
0.556296231324732 0.64174220362314
1.55693944975587 0.604819369134528
1.49513200596438 0.618859755875622
1.4763617226559 0.702814297700904
2.12218226471362 0.537625863971967
2.82989796216706 0.464041882225254
2.78390784434114 0.488960275892245
2.54220390024266 0.508223130870025
2.48408034382949 0.73140699528447
2.24684969154752 0.611353879061997
1.94661287021606 0.491675963467519
2.24924714206356 0.450160051068338
1.69397421278835 0.474663250788134
2.19682483992632 0.45756443953821
2.85065637517176 0.450934581239303
2.15282285179662 0.520742891584874
2.47010496155308 0.52350596528069
1.81068912083735 0.494396614723339
1.24760985878431 0.501358295574823
1.70198520597608 0.489592989789459
1.57021313919832 0.482509674707063
1.26839750899044 0.51062581783309
1.38332894775312 0.450630560470054
1.29631903634184 0.475744029613039
1.20039177849896 0.47181402227782
1.02748296933017 0.487178872547786
1.50711925854457 0.616275581650929
1.89594480016372 0.477348427461694
0.748296933017566 0.306855693110736
0.99614068941321 0.260583640689856
0.250299681314506 -0.0144352845160772
0.205917609566413 0.480593473594963
0.0362541297546986 0.513128400177272
0.492909978656843 0.523898354206529
-0.438470309621966 0.444685518147145
-0.524749290997869 0.449877655009369
-0.894482940092974 0.449812074242556
-1.79671373856094 0.459919299896753
-0.920562523755226 0.465440795198324
-0.853375434903372 0.633121974917256
-1.43382159459696 0.54779554319723
-1.59795924334123 0.454233241620635
-2.0147355495132 0.470339585803351
-2.061281174166 0.491031423925591
-2.51229424319504 0.451116194654178
-1.93629213811654 0.564079935121786
-2.66640353185393 0.485600667063086
-2.03061134988159 0.452919448981907
-0.977545829313218 0.460033185890589
-1.14530889103295 0.57019412291109
-0.929041312165599 0.587028186795661
-0.316960500540887 0.522252461361187
-0.533286553811073 0.454508852689291
-0.448469432505918 0.473401047841811
0.060959564950444 0.455779294216345
-0.0174546092448012 0.465660899611329
-0.247668333187145 0.430779061678254
-1.2219980703447 0.447860592693494
-0.711428822033154 0.445168536990795
-1.3078677309008 0.602353436834424
-0.946437447007568 0.511606885118533
-1.5308306288922 0.628180807382749
-1.04163377481507 0.69066135371092
-1.50963365786627 0.660423899991072
-0.607782943016691 0.464699548098183
-0.261789901470628 0.449996883531734
0.409730140630936 0.449944864153591
0.94781159547408 0.449923361516723
-0.238809461158378 0.45073829496451
-0.015378767944333 0.457946990615025
