0.140243902439024 0.0652635312407537
0.0487804878048781 0.0420676180292308
0.128048780487805 0.0331714511932187
0.170731707317073 -0.028494748203016
0.189024390243902 -0.00741646566406465
0.134146341463415 0.0843000999689607
0.0548780487804878 0.0456399922007614
0.0609756097560976 0.0323345962513726
0.0975609756097561 0.0332918167774622
0.0914634146341463 -0.00899046056543189
0.103658536585366 -0.0318462261301026
0.128048780487805 -0.0455078950570064
0.128048780487805 -0.0451219785531054
0.140243902439024 -0.0517809465576471
0.170731707317073 -0.0377775547999218
0.219512195121951 -0.0481076859658053
0.207317073170732 -0.0587191983333787
0.140243902439024 -0.0603286394186832
0.158536585365854 -0.0604374832186976
0.158536585365854 -0.0603540460379207
0.134146341463415 -0.0590751386191899
0.0731707317073171 -0.058769110385749
0.115853658536585 -0.0574415612602302
0.121951219512195 -0.0582305136144899
0.115853658536585 -0.0593485773619917
0.0670731707317073 -0.0594436713244304
0.0426829268292683 -0.0596261245456648
6.93889390390723E-18 -0.059971553113912
-0.0365853658536585 -0.0602537101875717
0.00609756097560977 -0.060222337432722
0.0121951219512195 -0.0603495690622834
0.0426829268292683 -0.0602246100223835
1.73472347597681E-17 -0.0604562725056351
-0.0426829268292683 -0.0641793381550625
-0.0487804878048781 -0.0617016820620519
-0.024390243902439 -0.0603835464127656
0.00609756097560978 -0.0599578329424001
-0.0121951219512195 -0.0600925783558156
-0.0182926829268293 -0.0603013892029046
0.0182926829268293 -0.0604681559354446
0.0365853658536585 -0.0632877335546001
0.0426829268292683 -0.0666562365278536
0.0182926829268293 -0.0614388228234911
0.0182926829268293 -0.0620354243997956
0.00609756097560976 -0.060565544056815
-0.00609756097560975 -0.0604737802337698
-0.0365853658536585 -0.0604711856222102
-0.0182926829268293 -0.060772755664047
-0.0121951219512195 -0.0626354203165772
0.00609756097560976 -0.0605197510362251
0.0487804878048781 -0.248575836316966
0.0792682926829268 -0.197985816039776
0.0792682926829268 -0.186674527817792
0.0609756097560976 -0.16700114786288
0.0670731707317073 -0.134896283157243
0.0731707317073171 -0.117577147589281
0.0731707317073171 -0.0980222406140018
0.0548780487804878 -0.111734505982244
0.0731707317073171 -0.113312574426074
0.0670731707317073 -0.0920004037238581
0.0670731707317073 -0.0771502835218855
0.0914634146341464 -0.0798511756095358
0.0731707317073171 -0.0860694520615472
0.0670731707317073 -0.13342291179823
0.0365853658536586 -0.111280334360521
0.0304878048780488 -0.109290826171118
0.00609756097560978 -0.101425756223325
0.024390243902439 -0.107784437982753
0.0304878048780488 -0.112815743245251
0.0365853658536586 -0.114720567287549
0.0121951219512195 -0.117367237165905
0.024390243902439 -0.102380410674395
0.00609756097560975 -0.0854189378056532
6.93889390390723E-18 -0.0890308684021122
3.46944695195361E-18 -0.0707671057764763
0.0121951219512195 -0.0625221485280683
0.0182926829268293 -0.0616401359956375
-6.93889390390723E-18 -0.067632291589322
-6.93889390390723E-18 -0.0713248447747967
6.93889390390723E-18 -0.0623933218449157
-0.0365853658536585 0.490365925584426
-0.0487804878048781 0.476218565449023
-0.0487804878048781 0.19542338268886
-0.0426829268292683 0.344590492176412
-0.0304878048780488 0.458690506987339
-0.0365853658536585 0.498495654849693
-0.024390243902439 0.52287707621945
-0.0121951219512195 0.391668762329329
-0.0304878048780488 0.245965466242607
-0.00609756097560975 0.454618001408161
-0.00609756097560976 0.555267355377017
-0.0121951219512195 0.469434525975255
-0.00609756097560975 0.536539125537588
-0.00609756097560975 0.381972210509167
0.00609756097560976 0.251571412772377
0.0121951219512195 0.427173061185634
0.0487804878048781 0.48374231578942
0.0304878048780488 0.457809974659806
0.024390243902439 0.367340769504812
0.0182926829268293 0.242643314943055
0.024390243902439 0.298005733948883
0.0121951219512195 0.37371642719732
0.0365853658536585 0.374880407817768
0.0365853658536585 0.368655914617231
0.0426829268292683 0.258374210572698
0.0304878048780488 0.159530724495782
0.0304878048780488 0.173199787941361
0.0548780487804878 0.294801407904221
0.0609756097560976 0.120444637859495
0.048780487804878 0.0977079741051715
0.0304878048780488 -0.00278232010618659
0.024390243902439 0.0995884423063652
0.024390243902439 0.135183571213524
0.0304878048780488 0.0674337694847908
0.0182926829268293 0.0104811756542759
0.024390243902439 0.0832461028203167
0.024390243902439 0.259632172714577
0.0182926829268293 0.279623926961128
0.024390243902439 0.173989165340376
0.0121951219512195 0.2291548658115
0.0121951219512195 0.315904363929747
0.00609756097560975 0.409411827444168
0.00609756097560975 0.356026423523833
0.00609756097560975 0.340726742521855
0.0182926829268293 0.351317896779118
-0.0121951219512195 0.440347581665202
-0.024390243902439 0.39250602199439
-0.00609756097560976 0.44170287965493
-0.0182926829268293 0.453750387531832
-0.0304878048780488 0.447556659441109
-0.0304878048780488 0.416445284112654
-0.024390243902439 0.423947625578688
-0.0365853658536585 0.41981225958002
-0.0609756097560976 0.414496083543431
-0.0670731707317073 0.40346223062205
-0.0670731707317073 0.378084651407763
-0.0670731707317073 0.396439354025229
-0.0487804878048781 0.329522738877624
-0.0487804878048781 0.295113371957523
-0.0609756097560975 0.217193946179977
-0.0487804878048781 0.14989019284725
-0.0487804878048781 0.135821994650008
-0.0487804878048781 0.181575933947874
-0.0426829268292683 0.0969985055448799
-0.0365853658536585 0.0676819404169265
-0.0365853658536585 0.101572763013495
-0.0365853658536585 0.187883531816877
-0.0304878048780488 0.138119508677328
-0.0365853658536585 0.1338839708789
-0.0304878048780488 0.196171715709219
-0.0365853658536585 0.276218455587155
-0.0304878048780488 0.403083726327413
-0.024390243902439 0.334077675952145
-0.0304878048780488 0.288812593116254
-0.0426829268292683 0.231069304314639
-0.0182926829268293 0.371906959155146
-0.0121951219512195 0.603270351201053
-0.024390243902439 0.552591787892854
-0.0121951219512195 0.501549373655117
-3.46944695195361E-18 0.455776228019778
-0.0121951219512195 0.393004166293852
-0.024390243902439 0.288575263449279
-0.00609756097560976 0.400928352540693
0.00609756097560976 0.380197909273496
0.0182926829268293 0.33521061817483
0.024390243902439 0.193495972649965
0.0182926829268293 0.27730245719044
-1.73472347597681E-18 0.508926910738076
-1.73472347597681E-18 0.462257119316138
-1.73472347597681E-18 0.388060805139991
-1.73472347597681E-18 0.27880819363309
0 0.371249875802721
-0.0121951219512195 0.259644491553365
-0.0121951219512195 0.282811897076977
-0.0121951219512195 0.267701269868939
-0.0121951219512195 0.396546704975529
-0.0121951219512195 0.455438287544895
-0.024390243902439 0.509621110285364
-0.0182926829268293 0.504697213726714
-0.024390243902439 0.492338845859548
-0.0304878048780488 0.489285127868799
-0.0304878048780488 0.412705749611518
-0.0304878048780488 0.483309977174324
-0.024390243902439 0.496370834244529
-0.0182926829268293 0.499136062191471
-0.0304878048780488 0.478895110210421
-0.0365853658536585 0.458797831539725
-0.0365853658536585 0.49717649545886
-0.0426829268292683 0.468303572822874
-0.0548780487804878 0.397431630300574
-0.048780487804878 0.392461238697466
-0.0548780487804878 0.394232455128081
-0.0548780487804878 0.407716438047505
-0.0365853658536585 0.342292461607006
-0.0487804878048781 0.342794945128856
-0.0548780487804878 0.349633793988995
-0.0548780487804878 0.392353468875784
-0.0487804878048781 0.416855057117838
-0.0548780487804878 0.415592786479463
-0.0487804878048781 0.37173344117184
-0.0487804878048781 0.322956775493132
-0.0426829268292683 0.263066887546637
-0.0365853658536585 0.27498565065277
-0.0365853658536585 0.336307106488809
-0.0304878048780488 0.326887145840316
-0.0365853658536585 0.326972933242403
-0.0365853658536585 0.324213182699695
-0.0304878048780488 0.376175506663094
-0.0182926829268293 0.33239240718907
