-2.1021226170796 -0.464601363025201
-1.85356817039559 -0.992796521227563
-1.45622709322519 0.850396634464878
-1.29983488228058 1.03898029514821
-0.762112458506703 1.36866314540518
-0.231689977296767 0.961638005930612
-0.115551092887989 1.12708427454645
0.200581093422914 1.1096564431915
0.474067543034629 1.14828434043917
0.244554636909067 1.62206041174508
1.08542942365406 1.2884568647465
1.58563615053358 1.16882963899377
1.61886136139477 0.961207900655692
0.839680644962559 1.18409947631752
2.38100721867696 1.12264294325683
2.29230482068861 1.23867773673604
2.26570989828256 1.35487752441758
3.2793597030337 1.16941874764914
4.39482762418693 0.974184040453571
4.32772597473892 1.08928018751138
3.87573195135853 1.13041318674332
3.78650794031081 1.26964962483562
3.43658009391197 1.53884720709224
2.94865902894434 1.01418121688751
3.38910375807862 0.850550251594806
2.54324061701716 1.04645736003232
3.29620742801917 1.00079405109688
4.334592749814 0.860813319087326
3.23913666981879 1.21982328109521
3.71631888694721 1.05366902482233
2.71586225903384 1.07388701488795
1.86995584836596 0.928374921018802
2.56110077787857 0.929509307223256
2.35511271992985 0.878035058187624
1.94202282815277 1.05389850591383
2.12005821143566 0.841823784636401
1.96134362079761 0.917341636515858
1.81899304757969 0.889256840078257
1.54904451183144 0.941690632470228
2.25467330740914 1.29834701931252
2.83656341514593 0.967848805313989
1.10749579796909 0.454771606703932
1.45921183527102 0.464581926951814
0.372573945714594 0.499225053697804
0.305354387137369 0.882612279894718
0.0541088906460097 0.990917972181248
0.730870375402759 1.04580092219009
-0.657561837459486 0.865332293219043
-0.78205716480233 0.837704557053171
-1.34406728773797 0.836903571713451
-2.70291361642667 0.907792666599949
-1.36501917532077 0.945160934927303
-1.27342852131127 1.31503828281782
-2.15227181194746 1.16344112408597
-2.38026341373159 0.870891249480574
-3.0420476583874 1.19084529233726
-3.08542748826981 1.02505298883694
-3.79688403491611 0.852845377286658
-2.90219785637968 1.26905418759678
-4.02575790069202 1.04688120366375
-3.0575981630363 0.865121516137989
-1.45829204739041 0.955603595857421
-1.70669723302002 1.1513197495038
-1.37796238222085 1.18917867382682
-0.47721496374975 0.993323531667535
-0.805091091705057 0.858738947124673
-0.668564571370123 0.907976776255006
0.0903721730400875 0.899362886784526
-0.0258586877317057 0.971205907760373
-0.362571351369745 0.732188149136929
-1.80690323989077 0.803485938434346
-1.0522636332976 1.17722568330776
-1.92610876929873 1.26056446830505
-1.42591163698982 1.14631980015216
-2.32314264383358 0.884348554744367
-1.58213056236076 1.09609532902833
-2.2784394104614 1.00141329422489
-0.928260585888641 0.916360945881256
-0.395486454772165 0.841851390053428
0.620835659673435 0.839631264914171
1.44679138381036 0.841481967126759
-0.361230876485896 0.854117737404041
-0.0232945941025076 0.888807348499837
