6.31315866300977 1.87701644937938
2.19942937061679 0.312490400787169
5.72626529659999 0.17359198226732
7.43287432532127 -0.657081087708694
8.15873158135032 -0.42497220732919
5.69533785706595 1.40572232268389
2.32022550810975 0.478624451403917
2.55541044723882 0.0329522791888435
4.13926851582251 -0.194923338099741
4.01172232079823 -0.726777509817645
4.5757490560675 -0.809495285199959
5.76249892187162 -0.817238250694708
5.62025151840229 -0.817690329753087
6.11944607415218 -0.837652245834931
7.52509524191924 -0.781245623803228
9.81316579258376 -0.790058855568733
8.92648213181555 -0.844685826217462
5.97284326254317 -0.846763965789127
6.85764143641214 -0.846812794587969
6.85764143641214 -0.846775171821662
5.72954039544324 -0.847329965643311
3.08504442823365 -0.846638063965792
4.99134503318328 -0.845680589532484
5.23880694596883 -0.846730972340687
5.02175501123081 -0.8467718013374
2.85310885861645 -0.846769615358654
1.81522623444559 -0.846758779931236
0 -0.846770245638907
-1.48915554013451 -0.84677255046134
0.254718901387996 -0.846771460163673
0.507952552927504 -0.846771638614548
1.83716900710427 -0.846744150904944
0 -0.846851677653998
-1.74238919167402 -0.859131141072612
-1.96324717403891 -0.849721873380533
-0.98149822935989 -0.847255135138818
0.250314515380423 -0.846565622841129
-0.499194555749893 -0.846611092979736
-0.746656468535445 -0.846555889258943
0.75971817505216 -0.84643469445723
1.5063746435876 -0.861399456301261
1.76259632004763 -0.879492559150563
0.746656468535445 -0.849588989531756
0.738195362259964 -0.850890462290367
0.246059854765668 -0.846880289229051
-0.244673594708744 -0.846773914491956
-1.44778233686229 -0.846772861464607
-0.734036316574338 -0.847013847264393
-0.490733449474412 -0.848455072630128
0.243302867099926 -0.846767760318643
1.90929419090222 -1.56649606648758
3.11198005773854 -1.16716162477109
3.11198005773854 -1.15975478802722
2.40002764037663 -0.959032779945391
2.66224801204142 -0.943363904418713
2.91256252742185 -0.967274823318128
2.94549793382757 -0.882492032961037
2.21501279616356 -0.997534985835321
2.92893761019877 -1.0408830195317
2.70752775929211 -0.96592733928825
2.69226428228806 -0.891840358983429
3.69311183958629 -0.891379334638551
2.9622466606801 -0.91707093504239
2.70752775929211 -1.29075651365257
1.48069278510978 -1.11389922712866
1.22344564170118 -1.14648449174135
0.24888004036947 -1.14122069829612
0.992716323301113 -1.14060668545994
1.23738991800986 -1.25010544243731
1.48069278510978 -1.09593538087077
0.490733449474412 -1.07003260876245
0.97598372891563 -0.914214789222775
0.246059854765668 -0.924322719286514
0 -0.932859863758406
0 -0.862381474037589
0.48797646180867 -0.847763698824694
0.729923874149963 -0.847472663947589
0 -0.856230751940435
0 -0.857945929380422
0 -0.847176562569679
-1.424043911461 5.05507435370123
-1.88853441603736 7.77279604153785
-1.88853441603736 1.96400376299375
-1.6659913238023 2.748843127358
-1.18992232997077 3.04449437948656
-1.43186974231206 7.71126288107609
-0.959805875053621 9.9326357062217
-0.482554388929124 7.18421536467005
-1.19647920296433 6.79617407861979
-0.239281311589035 9.87404981790968
-0.237970174535462 12.9942856501365
-0.47464350244617 14.4008112989599
-0.239281311589035 12.4043667876787
-0.239281311589035 6.37324138998367
0.241947412341292 2.38769951446913
0.479888288176866 1.73275956447353
1.94130410441351 6.16358111995805
1.20981216232683 7.41779018803779
0.965138567618085 -1.63002524182176
0.721835700518159 -0.0512607281573459
0.965138567618085 -5.0518054876038
0.479888288176866 -2.44316618051638
1.44778233686229 -6.42366996768315
1.43978207006425 -6.86597242066833
1.684455664773 -7.72678505417745
1.19647920296433 -2.45017763646758
1.18992232997077 -3.13994397338345
2.1659060588864 -3.47037670789806
2.40002764037663 -0.576080803215387
1.89885755566057 -0.00880713239134523
1.18992232997077 -1.68411626334613
0.954531790623037 -2.91192684735949
0.954531790623037 -3.51959013247616
1.19647920296433 -1.78733157965633
0.717858462712329 -0.972998938325377
0.959805875053621 -1.86258783097333
0.959805875053621 -2.72916464455379
0.721835700518159 -1.71639623402184
0.959805875053621 -2.2618389639129
0.477251486124497 -1.84639662660799
0.47464350244617 -2.04512788621989
0.237970174535462 -2.85230353112783
0.239281311589035 -1.91070989919514
0.239281311589035 -0.377592094673894
0.717858462712329 -0.870790286505382
-0.479888288176866 0.00630092779446478
-0.959805875053621 -1.21260233089893
-0.239281311589035 -1.91472128244753
-0.721835700518159 -0.894727361086904
-1.20981216232683 0.677725121142061
-1.20981216232683 1.79555344223154
-0.965138567618085 0.70699278503927
-1.44778233686229 0.865558081472702
-2.42685747269369 1.00483509889232
-2.67717198807411 0.547212717779695
-2.67717198807411 -0.283533594146769
-2.66224801204142 0.683376892762201
-1.91984620412073 -0.607752671445508
-1.90929419090222 -1.00380868072257
-2.38683401746924 -1.56240234543697
-1.91984620412073 -0.85911285134894
-1.93051551953867 0.067069733264984
-1.93051551953867 0.266041107477752
-1.684455664773 -1.76485606569311
-1.44778233686229 -3.16512418492992
-1.44778233686229 -1.52693390171334
-1.44778233686229 1.44281414049608
-1.20981216232683 -0.524175934779045
-1.44778233686229 -0.487451330793526
-1.20310874215355 0.350815999942955
-1.43978207006425 3.21805761705044
-1.20310874215355 8.66668473710573
-0.965138567618085 4.90594278220207
-1.20981216232683 2.92213261153747
-1.69384219162796 -0.283763288343793
-0.729923874149963 0.521964871965957
-0.48797646180867 3.17540135014214
-0.970530850737794 6.4183702578582
-0.48797646180867 3.83583412707388
0 6.33882085632685
-0.493521767551219 2.26694245120973
-0.987075402629434 1.60207595787685
-0.246059854765668 -1.53211703647001
0.24888004036947 -1.89548276692285
0.746656468535445 -3.83330422442434
0.992716323301113 -2.44734902474333
0.74240180792069 -1.67112511800252
0 -5.0273307014525
0 -5.54558727582649
0 -4.089871306246
0 -2.00453190370952
0 2.70904889686996
-0.496341953155022 0.507033869038321
-0.493521767551219 -1.29199828068994
-0.493521767551219 0.336147316569821
-0.493521767551219 2.13469084814251
-0.493521767551219 3.33860033875406
-0.992716323301113 3.30050907081143
-0.74240180792069 0.0821333750000446
-0.987075402629434 4.59968569292489
-1.23738991800986 5.2468573000868
-1.23738991800986 4.86334304482457
-1.23738991800986 4.38116325853499
-0.992716323301113 2.33546436131445
-0.746656468535445 1.5915497423985
-1.24448194542577 6.73626698305433
-1.49771559696528 10.7348626208483
-1.49771559696528 8.84298718069245
-1.75243449835327 7.83369125914367
-2.26639846359438 7.39562410419524
-2.03215775387111 9.19953838571232
-2.30653040686934 8.65391090184646
-2.27961966665666 9.74827021970965
-1.51513440726208 7.42817431324603
-2.02033860882871 6.09216660945288
-2.26639846359438 5.67385021078158
-2.26639846359438 6.12141847988893
-2.00865617481329 7.63158377171151
-2.25332976952204 7.74428920145139
-2.00865617481329 7.93889267008303
-2.00865617481329 7.0794106160849
-1.76259632004763 3.89411534278589
-1.52399665567369 4.32631031284455
-1.51513440726208 7.02931659276156
-1.25891273080205 6.17898130962414
-1.51513440726208 5.93049151240119
-1.51513440726208 6.36139699199383
-1.27368214029326 8.38610720694538
-0.755313789044587 6.42421189510727
