21
1
2
5 3 10 9 0 -1
5 6 10 3 0 3
haar_y3
-1.651069e-002 0 -1
6.644225e-001 1.424858e-001 
1
2
9 4 2 14 0 -1
9 11 2 7 0 2
haar_y2
2.705250e-003 0 -1
6.325352e-001 1.288477e-001 
1
2
3 5 4 12 0 -1
3 9 4 4 0 3
haar_y3
2.806987e-003 0 -1
1.240288e-001 6.193193e-001 
1
2
4 5 12 5 0 -1
8 5 4 5 0 3
haar_x3
-1.540240e-003 0 -1
1.432143e-001 5.670016e-001 
1
2
5 6 10 8 0 -1
5 10 10 4 0 2
haar_y2
-5.638628e-004 0 -1
1.657433e-001 5.905208e-001 
1
2
8 0 6 9 0 -1
8 3 6 3 0 3
haar_y3
1.925373e-003 0 -1
2.695507e-001 5.738824e-001 
1
2
9 12 1 8 0 -1
9 16 1 4 0 2
haar_y2
-5.021484e-003 0 -1
1.893539e-001 5.782774e-001 
1
2
0 7 20 6 0 -1
0 9 20 2 0 3
haar_y3
2.636542e-003 0 -1
2.309329e-001 5.695426e-001 
1
2
7 0 6 17 0 -1
9 0 2 17 0 3
haar_x3
-1.512777e-003 0 -1
2.759602e-001 5.956642e-001 
1
2
9 0 6 4 0 -1
11 0 2 4 0 3
haar_x3
-1.015744e-002 0 -1
1.732538e-001 5.522047e-001 
1
2
5 1 6 4 0 -1
7 1 2 4 0 3
haar_x3
-1.195366e-002 0 -1
1.339410e-001 5.559014e-001 
1
2
12 1 6 16 0 -1
14 1 2 16 0 3
haar_x3
4.885949e-003 0 -1
3.628704e-001 6.188849e-001 
1
3
0 5 18 8 0 -1
0 5 9 4 0 2
9 9 9 4 0 2
haar_x2_y2
-8.013292e-002 0 -1
9.121105e-002 5.475945e-001 
1
3
8 15 10 4 0 -1
13 15 5 2 0 2
8 17 5 2 0 2
haar_x2_y2
1.064328e-003 0 -1
3.715143e-001 5.711400e-001 
1
3
3 1 4 8 0 -1
3 1 2 4 0 2
5 5 2 4 0 2
haar_x2_y2
-1.341945e-003 0 -1
5.953314e-001 3.318098e-001 
1
3
3 6 14 10 0 -1
10 6 7 5 0 2
3 11 7 5 0 2
haar_x2_y2
-5.460114e-002 0 -1
1.844066e-001 5.602846e-001 
1
2
2 1 6 16 0 -1
4 1 2 16 0 3
haar_x3
2.907169e-003 0 -1
3.594244e-001 6.131715e-001 
1
2
0 18 20 2 0 -1
0 19 20 1 0 2
haar_y2
7.471872e-004 0 -1
5.994353e-001 3.459563e-001 
1
2
8 13 4 3 0 -1
8 14 4 1 0 3
haar_y3
4.301381e-003 0 -1
4.172652e-001 6.990845e-001 
1
2
9 14 2 3 0 -1
9 15 2 1 0 3
haar_y3
4.501757e-003 0 -1
4.509715e-001 7.801457e-001 
1
2
0 12 9 6 0 -1
0 14 9 2 0 3
haar_y3
2.413850e-002 0 -1
5.438213e-001 1.319827e-001 
9.498543e+000
